/*--------------------------------*- C++ -*----------------------------------*\
| =========                 |                                                 |
| \\      /  F ield         | OpenFOAM: The Open Source CFD Toolbox           |
|  \\    /   O peration     | Version:  v2012                                 |
|   \\  /    A nd           | Website:  www.openfoam.com                      |
|    \\/     M anipulation  |                                                 |
\*---------------------------------------------------------------------------*/
FoamFile
{
    version     2.0;
    format      ascii;
    class       volScalarField;
    location    "250";
    object      yPlus;
}
// * * * * * * * * * * * * * * * * * * * * * * * * * * * * * * * * * * * * * //

dimensions      [0 0 0 0 0 0 0];


internalField   uniform 0;

boundaryField
{
    flap
    {
        type            calculated;
        value           nonuniform List<scalar> 
202
(
10.5604
9.54261
9.58165
10.6239
10.9008
12.1739
11.8107
11.8078
11.8768
12.0133
12.165
12.3231
12.4817
12.6373
12.7947
12.9476
13.1072
13.2604
13.4208
13.5777
13.7358
13.8945
14.0544
14.2105
14.3665
14.5242
14.6799
14.8382
14.9922
15.1491
15.299
15.4452
15.5926
15.7363
15.8776
16.0187
16.1547
16.2902
16.4217
16.5497
16.6758
16.7974
16.9179
17.0348
17.1481
17.2589
17.3692
17.4794
17.5887
17.6947
17.7995
17.8999
17.9978
18.0909
18.1807
18.27
18.3586
18.4482
18.5342
18.6237
18.7149
18.8081
18.9062
19.0168
19.1431
19.2898
19.462
19.6679
19.9129
20.2109
20.5795
21.0295
21.5624
22.1765
22.8579
23.522
23.8707
23.7604
23.3366
22.7868
22.1976
21.586
20.974
20.3539
19.6768
19.4323
19.9852
21.4456
22.8178
24.0217
24.9086
25.5499
26.0436
26.42
26.6819
26.8147
26.8131
26.6241
26.1799
25.2419
23.2209
16.4214
5.82202
10.8345
12.0979
11.7329
11.7304
11.8011
11.9394
12.0933
12.2539
12.4156
12.5745
12.7355
12.8923
13.0566
13.215
13.3805
13.542
13.7051
13.8685
14.0307
14.1854
14.3367
14.4904
14.6416
14.7968
14.9484
15.1045
15.2546
15.4011
15.5486
15.6921
15.833
15.9738
16.1089
16.2428
16.3723
16.4981
16.6219
16.7411
16.8592
16.9739
17.085
17.1937
17.302
17.4099
17.5171
17.6212
17.7246
17.8236
17.9197
18.0109
18.0987
18.1862
18.2731
18.3612
18.4456
18.5335
18.6229
18.714
18.8097
18.9176
19.0406
19.1832
19.3505
19.5508
19.7896
20.0812
20.4435
20.8885
21.4166
22.028
22.7094
23.3778
23.7373
23.6427
23.2257
22.6723
22.0741
21.4831
20.9692
20.6027
20.3355
20.7595
22.1684
23.5815
24.6059
25.2342
25.6538
25.9622
26.2046
26.3703
26.4415
26.3965
26.219
25.8518
25.2173
24.0713
21.7664
15.2684
7.55494
)
;
    }
    freestream
    {
        type            calculated;
        value           uniform 0;
    }
    main
    {
        type            calculated;
        value           nonuniform List<scalar> 
231
(
15.6472
9.384
12.1569
14.3731
15.8993
17.0219
17.7538
18.2151
18.4629
18.5516
18.5155
18.341
18.0784
17.6895
17.2085
16.6492
16.3378
17.1711
18.0798
18.8703
19.4601
19.8328
20.0467
20.0765
19.9537
19.6478
19.102
18.25
16.9639
15.2018
12.6296
9.88556
15.7678
4.82979
5.33471
6.11236
7.03449
8.04665
9.12327
10.2529
11.3845
12.6288
14.0227
15.561
17.1915
18.8615
20.5219
22.1192
23.6007
24.9227
26.0517
26.9654
27.6559
28.1321
28.4066
28.5044
28.4537
28.2835
28.0245
27.702
27.3397
26.9532
26.5557
26.1555
25.7613
25.3808
25.0174
24.6809
24.3747
24.0993
23.8585
23.6538
23.483
23.3464
23.2415
23.1682
23.1237
23.1037
23.1083
23.133
23.1723
23.2182
23.2662
23.3121
23.3511
23.3833
23.404
23.4133
23.415
23.4071
23.3934
23.375
23.3586
23.3408
23.3222
23.3038
23.2857
23.2642
23.2454
23.2223
23.1973
23.1751
23.1513
23.1255
23.0979
23.0711
23.0422
23.0139
22.9845
22.958
22.932
22.9053
22.8794
22.8561
22.8305
22.8049
22.7779
22.7491
22.7172
22.6834
22.6441
22.6052
22.5618
22.5136
22.4599
22.405
22.3385
22.295
22.2497
22.3961
22.3295
20.1066
20.0696
22.2734
22.3428
22.1956
22.2416
22.286
22.3537
22.4099
22.465
22.5147
22.5596
22.6
22.6408
22.676
22.7093
22.7394
22.7677
22.7947
22.8215
22.8461
22.8732
22.901
22.9283
22.9558
22.9863
23.0157
23.0456
23.0734
23.102
23.1287
23.1535
23.1766
23.2024
23.2261
23.2452
23.267
23.2844
23.3032
23.3235
23.3406
23.3572
23.3768
23.3906
23.3988
23.3976
23.3888
23.3682
23.3356
23.2951
23.25
23.2027
23.1557
23.1195
23.094
23.0874
23.1076
23.154
23.2293
23.3364
23.4717
23.6376
23.8379
24.081
24.3719
24.7044
25.0657
25.4493
25.836
26.214
26.5847
26.9412
27.2851
27.6115
27.9093
28.1612
28.3398
28.4142
28.3494
28.1085
27.6583
26.9791
26.0639
24.9216
23.5776
22.0719
20.4576
18.7898
17.1195
15.5018
13.9859
12.6095
11.3705
10.239
9.10602
8.028
7.01875
6.10363
5.33136
4.82592
)
;
    }
    BaseAndTop
    {
        type            empty;
    }
}


// ************************************************************************* //
