/*--------------------------------*- C++ -*----------------------------------*\
| =========                 |                                                 |
| \\      /  F ield         | OpenFOAM: The Open Source CFD Toolbox           |
|  \\    /   O peration     | Version:  v2012                                 |
|   \\  /    A nd           | Website:  www.openfoam.com                      |
|    \\/     M anipulation  |                                                 |
\*---------------------------------------------------------------------------*/
FoamFile
{
    version     2.0;
    format      ascii;
    class       volScalarField;
    location    "0";
    object      k;
}
// * * * * * * * * * * * * * * * * * * * * * * * * * * * * * * * * * * * * * //

dimensions      [0 2 -2 0 0 0 0];


internalField   nonuniform List<scalar> 
6319
(
6.76606e-05
7.01268e-05
6.73201e-05
7.1123e-05
6.8877e-05
6.27756e-05
6.91613e-05
7.31204e-05
7.11577e-05
6.39054e-05
6.99376e-05
7.46091e-05
7.25456e-05
7.12946e-05
6.32483e-05
6.60618e-05
7.29499e-05
6.75217e-05
7.68567e-05
7.42621e-05
7.39133e-05
6.64081e-05
6.75376e-05
7.39535e-05
6.94323e-05
7.85536e-05
7.70014e-05
7.63355e-05
7.53224e-05
6.71146e-05
6.94242e-05
7.18436e-05
7.70956e-05
6.97948e-05
8.07055e-05
7.9715e-05
7.85541e-05
7.79999e-05
7.39358e-05
7.03373e-05
7.14874e-05
7.37519e-05
7.8707e-05
7.21994e-05
8.06995e-05
8.22627e-05
8.15527e-05
8.1115e-05
8.00435e-05
7.78645e-05
7.15486e-05
7.10334e-05
7.3289e-05
7.64752e-05
7.35457e-05
8.20512e-05
7.82403e-05
8.31363e-05
8.42203e-05
8.43858e-05
8.34595e-05
8.26456e-05
7.96002e-05
7.81694e-05
7.40255e-05
6.90681e-05
7.2703e-05
7.51976e-05
7.84084e-05
7.58889e-05
8.409e-05
8.16664e-05
8.48226e-05
8.60158e-05
8.67476e-05
8.59422e-05
8.46366e-05
8.20561e-05
8.17123e-05
7.58976e-05
7.12645e-05
7.3487e-05
7.70325e-05
7.80441e-05
8.12424e-05
8.52012e-05
8.16045e-05
8.81789e-05
8.83997e-05
8.9198e-05
8.7773e-05
8.46403e-05
8.78582e-05
8.44253e-05
7.70204e-05
7.32381e-05
7.58594e-05
7.9514e-05
8.06784e-05
8.41415e-05
8.80743e-05
8.53692e-05
8.97322e-05
9.0582e-05
9.01404e-05
9.03644e-05
8.78164e-05
9.13823e-05
8.80273e-05
7.94403e-05
7.4928e-05
7.7105e-05
8.06615e-05
8.32437e-05
8.63143e-05
9.03848e-05
8.89989e-05
8.75939e-05
9.27264e-05
9.38951e-05
9.28465e-05
9.28216e-05
9.096e-05
9.4746e-05
9.15837e-05
8.09396e-05
7.71233e-05
7.42729e-05
7.96596e-05
8.33164e-05
8.51225e-05
8.85571e-05
9.30856e-05
9.24777e-05
9.0312e-05
9.53194e-05
9.67117e-05
9.51198e-05
9.56429e-05
9.39535e-05
9.58565e-05
9.83557e-05
9.5196e-05
8.33867e-05
7.91704e-05
7.78705e-05
8.11366e-05
8.41603e-05
8.78737e-05
9.03264e-05
8.96845e-05
9.42004e-05
9.48857e-05
9.36868e-05
9.71067e-05
9.78897e-05
0.000100575
9.77272e-05
9.98309e-05
9.78886e-05
0.000100578
0.00010175
9.9211e-05
8.52567e-05
7.91853e-05
7.88952e-05
8.37849e-05
8.71651e-05
8.91149e-05
8.97748e-05
9.28627e-05
9.27359e-05
9.70916e-05
9.7329e-05
9.69189e-05
0.000101002
0.000100917
0.00010422
0.000100026
0.000103721
0.000101571
0.000103625
0.00010555
0.00010031
0.000102139
8.6026e-05
8.79247e-05
8.17186e-05
8.20472e-05
8.40045e-05
9.20277e-05
9.32532e-05
9.51268e-05
9.45701e-05
9.77502e-05
9.97173e-05
9.92961e-05
9.77609e-05
0.000101515
0.000103817
0.00010338
0.000107632
0.000102263
0.000108635
0.000106007
0.000108197
0.000108266
0.000106142
0.000106548
8.89992e-05
9.08237e-05
8.42103e-05
8.70357e-05
9.45291e-05
9.58558e-05
9.64222e-05
9.62424e-05
9.58231e-05
0.00010009
0.000103205
0.000101312
0.000101749
0.000105183
0.000106907
0.000105785
0.000104158
0.000110422
0.000109541
0.000103086
0.000114097
0.000109632
0.000112642
0.000114683
0.000109868
9.08736e-05
9.38424e-05
8.68757e-05
8.45479e-05
9.01398e-05
9.84203e-05
9.5506e-05
9.89557e-05
9.88732e-05
9.83915e-05
9.86127e-05
0.000100975
0.000101887
0.000107637
0.000102009
0.000100278
0.000106952
0.000110304
0.000108118
0.000106856
0.000114127
0.000114318
0.000105419
0.000120195
0.000114624
0.000117889
0.000118678
0.000115597
9.52164e-05
9.67161e-05
8.98728e-05
8.89885e-05
9.34996e-05
0.000101769
0.000100405
0.000101811
0.000100438
0.000100125
0.000100693
0.000102832
0.000104819
0.000111199
0.000104259
0.000104717
0.000109679
0.000113166
0.000110664
0.000108715
0.000107437
0.000117434
0.000118313
0.000105908
0.000121675
0.000126096
0.000124833
0.000125886
0.000121269
9.81664e-05
0.000100714
9.28874e-05
9.11864e-05
9.70397e-05
0.000103436
0.00010522
0.000104372
0.000102476
0.00010196
0.000102819
0.000104518
0.000109336
0.000114618
0.000103281
0.000111763
0.000117379
0.000113469
0.000111143
0.000109733
0.00012161
0.000122358
0.000108099
0.000127808
0.000133934
0.000132407
0.000124513
0.000132361
0.000129147
0.00010296
0.000105027
9.58919e-05
9.54963e-05
9.98301e-05
0.000108039
0.000108556
0.000105717
0.000106003
0.000103598
0.000103706
0.000105312
0.00010631
0.000112997
0.000118535
0.000107964
0.000114887
0.000120059
0.000115352
0.000113255
0.000110854
0.00012555
0.000128439
0.000108267
0.000109507
0.000132863
0.000144366
0.000142176
0.000132865
0.000141619
0.000138906
0.000106061
0.00010397
0.000109594
9.96665e-05
9.8924e-05
0.000110436
0.000110994
0.000111728
0.00010893
0.000108536
0.000105666
0.000105898
0.000107077
0.000107228
0.00011385
0.000120991
0.000107402
0.000118142
0.000123618
0.000118065
0.000114697
0.000114542
0.000113379
0.00011023
0.000129581
0.000134067
0.000109921
0.000110842
0.000139148
0.000153352
0.000150605
0.000140497
0.000150032
0.000154076
0.000111419
0.00010887
0.000114327
0.000103336
0.000102994
0.000114573
0.000116758
0.000112545
0.000115397
0.000111128
0.000110327
0.000106662
0.000106742
0.000107688
0.000109147
0.000111333
0.000122155
0.000126925
0.000112675
0.000120856
0.00012525
0.000120362
0.000118746
0.000117212
0.000116836
0.000114517
0.000112271
0.00013319
0.000131204
0.000137265
0.000111736
0.00010932
0.000146897
0.000165651
0.000150871
0.000162808
0.000150481
0.000161365
0.000163755
0.000116202
0.000113771
0.000107196
0.000119198
0.000106277
0.000118497
0.000120298
0.000115866
0.000119196
0.000112972
0.000112964
0.000108626
0.000108467
0.000109924
0.000110845
0.00012193
0.000129155
0.000111705
0.000121515
0.000128369
0.000123196
0.000120835
0.000118022
0.000117815
0.000116626
0.000113803
0.000137808
0.000134618
0.000144679
0.000113447
0.000113771
0.000153186
0.000168793
0.000173116
0.000164295
0.000172603
0.000164938
0.000187886
0.000123747
0.000117691
0.000109539
0.000124034
0.000110319
0.000123297
0.000126355
0.000115487
0.000118514
0.000123476
0.000119744
0.000114883
0.000110259
0.000110114
0.000111205
0.000112751
0.000127743
0.000136327
0.000118569
0.000126138
0.000128862
0.000122377
0.000125816
0.000121522
0.00012023
0.000119803
0.000117576
0.000115154
0.000138203
0.000142268
0.000133288
0.000151646
0.000145212
0.000112236
0.000115011
0.000126075
0.000181656
0.00018679
0.000170085
0.000187872
0.000194836
0.000127986
0.00012596
0.000114119
0.000123332
0.000129636
0.000118726
0.000127609
0.000129424
0.00011758
0.000121148
0.000127562
0.000124211
0.000114305
0.000117281
0.00011147
0.000111574
0.000111349
0.000113467
0.000138513
0.000118884
0.000127555
0.000124477
0.000127341
0.000123435
0.000120819
0.000120668
0.000116799
0.000119778
0.000115549
0.000141791
0.000146242
0.000135959
0.000114656
0.000116128
0.000134489
0.000192978
0.000204502
0.00019549
0.000217524
0.00013785
0.000133077
0.000115869
0.000128625
0.00013696
0.000132728
0.000132462
0.00013562
0.000120111
0.00012428
0.000126752
0.000132736
0.00012598
0.000116821
0.000119054
0.00011398
0.000113378
0.000112204
0.000115148
0.000148221
0.000138464
0.000107088
0.000130701
0.000126482
0.000129841
0.000127956
0.000124314
0.000122742
0.000122739
0.00011812
0.000120958
0.000117281
0.000141014
0.000134453
0.000116938
0.000116012
0.000117725
0.000134008
0.000233602
0.00023826
0.000221938
0.000143829
0.000138574
0.000135452
0.000126109
0.000141497
0.000139522
0.000137753
0.000121916
0.000126311
0.00013163
0.000136375
0.000130044
0.000117193
0.000121274
0.000115204
0.000114871
0.000114207
0.000115795
0.000151559
0.000140445
0.000111208
0.000127402
0.000131939
0.000130402
0.000126258
0.000124287
0.000119507
0.000122697
0.000120707
0.000137962
0.000122813
0.0001184
0.000118907
0.000160831
0.000285747
0.00030347
0.000155757
0.00014705
0.000145086
0.00014964
0.000157026
0.000143776
0.000124497
0.000129682
0.000132897
0.000141168
0.00013172
0.000118949
0.000123008
0.000117266
0.000116579
0.000115923
0.000116432
0.000111652
0.000167553
0.000129679
0.000134397
0.000131332
0.000127185
0.000126105
0.000124099
0.000119579
0.000123167
0.000121955
0.00013684
0.000131738
0.000119612
0.000119648
0.000163841
0.000155874
0.000163647
0.000149781
0.000162945
0.000150938
0.000158102
0.000170703
0.000144515
0.000125708
0.000131307
0.000138174
0.000143394
0.000135659
0.00012065
0.000123343
0.000117796
0.000117021
0.000117523
0.000116696
0.000117523
0.000116121
0.000169953
0.00013027
0.000135582
0.000133798
0.000129039
0.000127332
0.00012585
0.000120964
0.000124445
0.000122065
0.000163135
0.00013664
0.000120712
0.000120219
0.000120912
0.000168398
0.00017675
0.000166303
0.000183378
0.000158919
0.000169175
0.00020283
0.000150992
0.000127962
0.000130265
0.000134415
0.000139162
0.000149566
0.000136739
0.000122345
0.000120813
0.000125922
0.000119624
0.000118575
0.000118914
0.000118248
0.000119195
0.000119927
0.000164032
0.000181929
0.000131983
0.000134601
0.000129367
0.000127391
0.000126084
0.000124107
0.000125589
0.00012319
0.000123087
0.000178138
0.000121933
0.000121643
0.000122011
0.000177926
0.000184137
0.000185969
0.000183098
0.000224311
0.000219237
0.000127774
0.000132428
0.000135282
0.00012392
0.000122517
0.000125903
0.000120173
0.000119538
0.000118755
0.000119197
0.000120164
0.000114749
0.000178285
0.000133613
0.000130879
0.000129085
0.000127529
0.000125197
0.000126538
0.000123559
0.000133888
0.000189079
0.000122306
0.000124767
0.000123081
0.000201604
0.000213107
0.000243409
0.00012976
0.000131776
0.000137777
0.00012372
0.000123041
0.000127491
0.000121529
0.000120739
0.000120155
0.000120475
0.000121847
0.0001226
0.000229025
0.000134766
0.000131864
0.000130612
0.000128452
0.000127699
0.000126346
0.000124857
0.000123851
0.000156639
0.000123479
0.000126628
0.000247877
0.000288504
0.000129561
0.000133535
0.000138189
0.000125338
0.000122819
0.000124595
0.000126715
0.000121378
0.000121396
0.000120702
0.000120885
0.000122667
0.000130199
0.000225244
0.000133848
0.000131628
0.000131518
0.000129416
0.000128663
0.000127372
0.000125603
0.000125044
0.000181248
0.00012441
0.000124637
0.000129066
0.000306397
0.000131177
0.000135189
0.000137111
0.000125539
0.000123881
0.000125018
0.000128127
0.000122615
0.000122358
0.000121828
0.000121954
0.000126428
0.000146095
0.000239796
0.000134906
0.000133527
0.000132949
0.000130621
0.000129258
0.00012837
0.000127063
0.000126534
0.000125666
0.000187688
0.000125338
0.000126211
0.00012705
0.000136126
0.000365739
0.000131167
0.000134767
0.00012703
0.000124083
0.000126141
0.00012973
0.000123555
0.000123181
0.000122504
0.000122698
0.000127984
0.000139096
0.000264956
0.000133992
0.000133473
0.000131172
0.000130441
0.000128967
0.000128794
0.000127979
0.000126989
0.000126815
0.000162423
0.000126371
0.00012976
0.000137747
0.00013331
0.000127461
0.000125571
0.000130474
0.000124336
0.000123418
0.000123327
0.000123386
0.00012318
0.000135825
0.000159453
0.000259676
0.000135146
0.000133414
0.000132366
0.000130771
0.000129939
0.000129825
0.000128779
0.000127915
0.000127624
0.000205104
0.000127413
0.00012838
0.000146456
0.000133701
0.000128835
0.000126337
0.000132251
0.000129955
0.000125387
0.000124516
0.000124224
0.000125714
0.000124071
0.000138531
0.000151166
0.000295598
0.000134614
0.000132312
0.000131616
0.00013063
0.000129743
0.00012861
0.000127804
0.000128533
0.000186339
0.000130484
0.000140279
0.000129158
0.000127586
0.000132548
0.000131253
0.00012575
0.000125275
0.000124758
0.000124874
0.000128217
0.000135748
0.000173806
0.000299048
0.000135609
0.000134237
0.000133306
0.000131964
0.00013062
0.000131625
0.000129499
0.00012883
0.000129245
0.000223041
0.00012836
0.000135728
0.000145801
0.000128554
0.000130373
0.000127614
0.000133852
0.00013144
0.000126805
0.000125953
0.000125766
0.000125964
0.000129993
0.000141626
0.000135448
0.000313294
0.000135038
0.000133037
0.000131424
0.000132385
0.000130118
0.000129524
0.00012989
0.000140648
0.000394171
0.000131477
0.000137308
0.000145114
0.000129414
0.000128512
0.000134146
0.000132729
0.000126879
0.000126239
0.000126354
0.000126086
0.000126582
0.000139702
0.00017956
0.000135139
0.000133704
0.000131416
0.000132193
0.00013328
0.000130853
0.000130345
0.000130354
0.000187347
0.000395857
0.000132128
0.000138951
0.000130074
0.000128348
0.000129324
0.000132334
0.000127687
0.000127278
0.000127295
0.000128087
0.000127694
0.000140189
0.000193974
0.000134582
0.000133705
0.000132069
0.000132833
0.000133697
0.000130887
0.000130665
0.000131036
9.17634e-05
0.000400105
0.000360488
0.000133671
0.000151375
0.000131246
0.000129105
0.000129751
0.000133356
0.000127937
0.000127581
0.000127808
0.00012788
0.000130021
0.000128321
0.000143075
9.49581e-05
0.000135056
0.000134546
0.000132565
0.000132357
0.000133492
0.000134435
0.00013149
0.000131388
0.000132439
0.000129837
0.000424549
0.000365465
0.000134565
0.000134548
0.000150776
0.000131296
0.000129278
0.000130552
0.000132914
0.000128816
0.000128448
0.000128547
0.000128786
0.000131967
0.000129424
0.000146153
0.000120669
0.00013584
0.000134908
0.000133063
0.000132942
0.00013211
0.000133884
0.000134467
0.00013212
7.97485e-05
0.000274014
0.000597841
0.000169802
0.000136005
0.000138409
0.000151867
0.000132162
0.000130093
0.000130679
0.000133523
0.000129116
0.000128969
0.000128817
0.000129642
0.000130901
0.000134895
0.000147445
0.000108266
0.000136242
0.0001357
0.000133626
0.000133305
0.000132638
0.000134
0.000134977
0.000133045
9.67271e-05
0.000305447
0.000573159
0.000219982
0.000136686
0.000141249
0.000152707
0.000132093
0.000130333
0.000131484
0.000133632
0.000129805
0.000129785
0.000129581
0.000130889
0.000132869
0.000135717
0.000148273
0.000107177
0.000135778
0.000133791
0.000133539
0.000133525
0.000134595
0.000135473
0.000134356
0.000104234
0.000454853
0.000709856
0.000336159
0.000140041
0.000135623
0.000142388
0.000150411
0.00013291
0.000131113
0.000131712
0.000130045
0.00013063
0.000129842
0.00012995
0.000131252
0.000132714
0.000137341
0.000139613
0.00015797
0.000117541
0.000136453
0.00013434
0.00013428
0.000134514
0.000134799
0.000135776
0.00013514
0.000116862
0.000408865
0.000741822
0.000343336
0.00014075
0.000138194
0.000145516
0.000155256
0.000133026
0.000131233
0.000132465
0.000130789
0.000131478
0.000130531
0.000130579
0.000132989
0.000134724
0.000136895
0.000143552
0.000152421
0.000103214
0.000136306
0.000134783
0.000134859
0.000135614
0.000135446
0.000135754
0.000137042
0.000140273
0.000785021
0.000608998
0.000142857
0.000138648
0.000146507
0.00016268
0.000150297
0.000133803
0.000131975
0.000132775
0.000131044
0.00013115
0.000132643
0.000133782
0.000134876
0.000138865
0.000146772
0.00014139
0.000159961
0.000134386
0.000136628
0.000135334
0.000135744
0.000135434
0.000137573
0.000135742
0.000136278
0.000138348
0.000132332
0.000770925
0.000615962
0.000142544
0.000145255
0.000141081
0.000150133
0.000153822
0.000133975
0.000132536
0.000132074
0.000133583
0.000131642
0.00013192
0.000133374
0.000135934
0.000137687
0.000138812
0.000148839
0.000142539
0.000157395
0.000152835
0.000136628
0.000135833
0.000137199
0.000136951
0.000138636
0.000136284
0.000136511
0.000140931
0.000340632
9.97634e-05
0.000807774
0.000535933
0.000144709
0.000146889
0.000141446
0.000163026
0.000151586
0.000133083
0.000132734
0.0001339
0.000131939
0.000132764
0.000134566
0.000136882
0.000138242
0.00014828
0.000149876
0.000144316
0.000164299
0.000119941
0.000137055
0.000137006
0.000138311
0.00014062
0.000136778
0.000137011
0.000142389
0.000467912
0.000164184
0.0012319
0.000690125
0.000144908
0.000149271
0.00014245
0.000161866
0.000154322
0.000133225
0.000133706
0.000132911
0.000132723
0.00013365
0.000136035
0.000134837
0.000139162
0.000140671
0.000150808
0.000153999
0.000144533
0.000161828
0.000186899
0.000137051
0.000137415
0.000138076
0.000140607
0.000141308
0.000142306
0.000137895
0.000137599
0.000143051
0.000733419
0.000159168
0.00118871
0.000146738
0.000150266
0.000174105
0.000156444
0.000153326
0.000133845
0.000134209
0.000133786
0.000133564
0.000138159
0.000136101
0.00014048
0.000139927
0.000143286
0.000150635
0.000152311
0.000147794
0.000178664
0.000248133
0.000137489
0.000138854
0.000139911
0.000141449
0.00014384
0.000144187
0.000139172
0.00013816
0.000138065
0.000145687
0.00081821
0.00018113
0.00142488
0.000148573
0.000146477
0.000150076
0.000167741
0.000158613
0.000155613
0.000134494
0.000134198
0.000134757
0.000134221
0.000134445
0.000134903
0.000138338
0.00013629
0.00014303
0.000142185
0.000144891
0.000154516
0.000154019
0.000149575
0.000175053
0.000422671
0.000140054
0.000140465
0.000142707
0.000145211
0.000145629
0.00014061
0.000139398
0.00013866
0.000146571
0.00158447
0.000466357
0.000140249
0.000149919
0.000149184
0.000152584
0.000173859
0.000161758
0.000155214
0.000135138
0.000134769
0.000135296
0.000135097
0.000135544
0.000140278
0.000137721
0.000143751
0.000143035
0.000147024
0.000154088
0.000154803
0.000149135
0.000198905
0.000248807
0.000141937
0.000142498
0.00014433
0.00014499
0.000146981
0.000147329
0.000140778
0.000142198
0.000139822
0.000139455
0.000148472
0.00163265
0.000750616
0.000157856
0.000152305
0.000150562
0.000173559
0.000161162
0.000157896
0.00013582
0.000135299
0.000135766
0.000136814
0.00014216
0.000140377
0.000139592
0.000137796
0.000145932
0.000145256
0.000147682
0.000156417
0.000161495
0.000151825
0.000180657
0.000415933
0.000143163
0.000146078
0.00014693
0.000147727
0.000147967
0.000148899
0.000141967
0.000143819
0.000141301
0.000140612
0.000150137
0.00131725
0.00175927
0.000207453
0.000150777
0.000154055
0.000153406
0.00017451
0.000165135
0.0001574
0.000136806
0.000136064
0.000137482
0.000143643
0.000142855
0.000140904
0.000139956
0.000146648
0.00014627
0.000150117
0.000155607
0.00015652
0.000151828
0.000161729
1.12594e-05
0.000144716
0.000146083
0.00014748
0.000149664
0.000149771
0.000150476
0.000143403
0.000143968
0.00014492
0.000141844
0.00015225
0.00135409
0.00184194
0.000492364
0.000134664
0.000155042
0.000175531
0.000165796
0.000159707
0.000138272
0.000136837
0.00013698
0.000139311
0.00014544
0.000143639
0.000142546
0.000140902
0.000148947
0.000147973
0.000150825
0.000157956
0.000161799
0.000154794
0.000179498
0.000324618
0.000145289
0.000147224
0.000148993
0.000150889
0.000150786
0.000150991
0.000150906
0.000152211
0.000144444
0.000145649
0.000145939
0.000142995
0.000154092
0.00207132
0.00156606
5.88163e-05
0.000154212
0.000157411
0.000176237
0.00016253
0.00015919
0.000138132
0.000139748
0.00013823
0.000140549
0.000140118
0.000146863
0.000145319
0.000143457
0.000142746
0.000149552
0.000149129
0.000153797
0.000161715
0.000160731
0.000156083
0.000167919
0.00031593
0.000146727
0.000148827
0.000150605
0.000149816
0.00015288
0.000152631
0.000152911
0.000152936
0.00015415
0.000145582
0.000144123
0.000146267
0.000147046
0.000156333
0.00199766
0.00183784
0.00032575
0.000129345
0.000158521
0.000178032
0.000164749
0.000162998
0.000139188
0.000141128
0.000139026
0.000142208
0.000142014
0.00014874
0.000146726
0.0001458
0.00014486
0.000143756
0.000151433
0.000151159
0.000154766
0.000161999
0.000165891
0.000159733
6.91895e-05
0.000202532
0.000837041
0.000147529
0.000150207
0.000149748
0.000152508
0.000152267
0.000154667
0.000154257
0.000154683
0.000153521
0.000154499
0.00015642
0.000146564
0.000144953
0.000147606
0.000148496
0.00284349
0.00122747
7.78979e-05
0.000133782
0.000161009
0.000166643
0.000191108
0.000163567
0.000140209
0.000141075
0.000142557
0.000140481
0.000143313
0.000142986
0.000150433
0.000148748
0.00014722
0.000145773
0.000145343
0.00015311
0.000152595
0.000157564
0.000165597
0.000167499
0.000161311
0.000142158
0.000203307
0.000932531
0.000149501
0.000152244
0.000152447
0.000154355
0.000153481
0.000156384
0.000156195
0.000156264
0.000155627
0.000156366
0.000158552
0.000148059
0.000146602
0.000145917
0.000148419
0.000148717
0.000148971
0.000150158
0.00281021
0.00178497
0.000266176
5.40603e-05
0.000162219
0.000170259
0.000179932
0.000166087
0.000141052
0.000142542
0.000143605
0.000144724
0.000144171
0.000152325
0.000150541
0.000148967
0.000147499
0.000145948
0.000155141
0.000154687
0.000157658
0.000160172
0.000166458
0.000170744
0.000165053
0.000173954
0.000190833
0.00194327
0.00015319
0.000154079
0.000156366
0.000155414
0.000158487
0.000158243
0.00015788
0.000156789
0.000158363
0.00016143
0.00014923
0.000148627
0.000150239
0.000150363
0.000150961
0.000151331
0.00332257
0.00106892
0.000112714
0.000165534
0.000172805
0.000168346
0.000194354
0.00014248
0.000143366
0.000144846
0.000144939
0.00014513
0.000154494
0.000152998
0.000150831
0.000148847
0.000147081
0.000156005
0.000159889
0.000162735
0.000170041
0.000166925
0.000430205
0.000181917
0.00209638
0.000154582
0.000154426
0.000155457
0.000158597
0.000156801
0.000156889
0.000159189
0.000160556
0.000160467
0.000159292
0.000158575
0.000159754
0.000163445
0.000151211
0.000149537
0.000151533
0.00015188
0.000152179
0.000152915
0.00332788
0.00172056
0.000188439
8.70447e-05
0.000167547
0.000177094
0.000170581
0.000192511
0.000143213
0.000144594
0.000145555
0.000143017
0.000146451
0.000146744
0.000154893
0.000153737
0.000150659
0.000152767
0.000149212
0.000147415
0.000148829
0.000158398
0.000160219
0.00016221
0.000165558
0.000171535
0.000170516
9.22122e-06
0.00155541
0.000199842
0.000156445
0.000156892
0.000158198
0.000160799
0.00015942
0.000159178
0.000162017
0.000163211
0.000162514
0.000161697
0.000162901
0.0001662
0.000152492
0.000151321
0.000153649
0.000153592
0.000153834
0.000154426
0.00340176
0.00136884
0.000148656
0.000292009
0.000169655
0.000167407
0.000187852
0.00017359
0.000195286
0.00014429
0.000144985
0.000146972
0.000144222
0.000148034
0.000157301
0.000156433
0.000151892
0.000155077
0.000151189
0.000149432
0.000150322
0.000159734
0.000163075
0.000165056
0.000167262
0.000174511
0.000172985
0.000182583
0.00197292
0.000199759
0.000158826
0.000157223
0.000158788
0.000159191
0.000160987
0.000162726
0.0001603
0.0001611
0.000163598
0.000162878
0.000165143
0.000165
0.000163573
0.000164087
0.000167098
0.000152119
0.000154659
0.00015257
0.000155377
0.00015511
0.0001552
0.000156117
0.00379387
0.00325401
6.82252e-05
0.000615065
0.000171328
0.000170213
0.000191186
0.000176867
0.000184909
0.000144977
0.000146519
0.000148182
0.000147643
0.000149853
0.000159112
0.000157926
0.000157218
0.000153969
0.000155477
0.000152857
0.000150384
0.000152374
0.000162191
0.000165437
0.000163774
0.000169582
0.000185061
0.000171935
0.000180251
5.98316e-05
0.00063875
0.00394986
0.000207267
0.000160787
0.000159228
0.000158962
0.000160802
0.0001608
0.000163454
0.000165162
0.000163173
0.000163868
0.000165939
0.000164908
0.000167205
0.000165611
0.000166552
0.000168786
0.000154171
0.00015557
0.000155735
0.000154538
0.000157345
0.000157394
0.000157139
0.000157478
0.00337527
8.81071e-05
0.0021775
0.00017443
0.000171272
0.000190954
0.000183366
0.00017886
0.00014614
0.000147159
0.000150212
0.000149657
0.000151836
0.000162007
0.000160762
0.000159501
0.000154764
0.000158213
0.000153207
0.000152508
0.000153583
0.00016345
0.000168074
0.000166127
0.000170876
0.000175395
0.000185724
7.98443e-05
0.00126245
0.00400054
0.00018952
0.000162518
0.000159556
0.000160861
0.00016139
0.000162465
0.000162483
0.000165154
0.000164261
0.000166752
0.000165777
0.000166458
0.000167397
0.000168828
0.000167919
0.000167733
0.000170189
0.000158494
0.000157662
0.000156182
0.000159135
0.000158166
0.000158489
0.00485459
4.65887e-05
0.00288159
0.000178362
0.000174033
0.00019884
0.00018831
0.000182386
0.000139525
0.000146899
0.000148847
0.000150931
0.000151958
0.000150313
0.000153424
0.000162503
0.000162129
0.000160032
0.000161764
0.000156089
0.000159171
0.000155797
0.00015384
0.000155776
0.000165743
0.000170486
0.000168012
0.000166708
0.000174759
0.000182149
0.000194161
4.26378e-05
0.00318831
0.000476861
0.000177661
0.000165305
0.000161233
0.000163051
0.000162783
0.000164227
0.000165792
0.000167185
0.000166935
0.000168172
0.000165839
0.00016757
0.000168628
0.000169361
0.000170578
0.000168632
0.000168885
0.000169005
0.000168457
0.000172382
0.000159713
0.000158343
0.000159037
0.000157646
0.000161305
0.000160419
0.000160299
0.00492798
0.000142536
0.00484902
0.00171033
0.000178281
0.000186735
0.000175863
0.000194817
0.000144684
9.46707e-05
0.000148511
0.000149424
0.000153317
0.000153885
0.000152055
0.000155607
0.000164736
0.000164804
0.000162635
0.000164519
0.000158064
0.000161769
0.000157274
0.000155807
0.000156808
0.000157198
0.000167121
0.000173442
0.000169708
0.000168853
0.000178694
0.000187756
0.000188315
4.75806e-05
0.0033921
0.0015396
0.000139042
0.000167084
0.000161396
0.000163314
0.00016445
0.000165799
0.000166745
0.000166245
0.000166707
0.000168246
0.000168192
0.000169079
0.000167885
0.000168406
0.000167925
0.000169702
0.000170976
0.000172946
0.000170353
0.000169788
0.000170341
0.000170033
0.000162443
0.000160412
0.000161473
0.00015947
0.000161744
0.000163118
0.000161774
0.00016167
0.00493988
2.17772e-05
0.00501753
0.00305545
0.000184427
0.000192821
0.000181285
0.000193
0.00011788
0.000149758
0.000150856
0.00015409
0.000154529
0.000155426
0.000152355
0.000154263
0.000156249
0.000156929
0.000166774
0.000166404
0.00016477
0.000163381
0.000166152
0.000160025
0.000162862
0.000159669
0.000158966
0.000159616
0.000169472
0.000178754
0.000174411
0.000171989
0.000170135
0.000185406
0.000195619
0.000171276
0.000145074
0.00147336
0.000121012
0.000168265
0.000163118
0.000165107
0.000167487
0.000167493
0.000168383
0.000167498
0.000167529
0.000169204
0.000169285
0.000170199
0.000168729
0.000168662
0.000168569
0.00017096
0.000173153
0.000175878
0.000172402
0.000171213
0.000171984
0.000172099
0.000171963
0.000163364
0.000163452
0.000161165
0.000162012
0.000164247
0.000165086
0.000164088
0.000163416
0.00490131
0.000113242
0.0051254
0.00473327
0.00241508
0.00018501
0.00019104
0.000192625
0.000193725
0.000184201
0.000160916
3.5234e-05
0.000151334
0.000156142
0.000156932
0.000156857
0.000154266
0.00015648
0.000158519
0.000158972
0.000169318
0.000168622
0.000167158
0.000166037
0.000168622
0.000161938
0.000165126
0.000161317
0.000160099
0.00016023
0.000161055
0.000171588
0.000184119
0.00017993
0.000174301
0.000172857
0.000193644
0.000193816
0.000162406
0.000149967
0.000401668
0.0026166
8.97858e-05
0.000169004
0.000164924
0.000167386
0.000168344
0.000168122
0.000168197
0.000168595
0.00016881
0.000170028
0.000171405
0.000170788
0.000171951
0.000172894
0.00016983
0.000170119
0.000170415
0.000171205
0.000174579
0.000174937
0.000176399
0.000182341
0.000178443
0.000176325
0.000175596
0.000175774
0.000175158
0.000166332
0.00016577
0.000163017
0.000164338
0.000165773
0.000166895
0.000165438
0.000165023
0.00487763
0.000562017
0.00555967
0.00504392
0.00440904
0.000193109
0.000195758
0.000197629
0.000188416
0.000192688
0.000110141
7.75685e-06
0.000153002
0.000157286
0.00015915
0.000158689
0.000154459
0.00015614
0.000158677
0.000159888
0.000159603
0.000171616
0.000169852
0.000170099
0.000168884
0.000167387
0.000166678
0.000169569
0.000164048
0.000165895
0.000163315
0.000162403
0.000162626
0.00016358
0.000175252
0.00019159
0.000184227
0.000182384
0.000179099
0.000175549
0.00019129
0.000187237
0.000107497
0.000100681
0.00134578
4.05615e-07
0.000169638
0.000167253
0.000169319
0.000168275
0.000168364
0.000168524
0.000169019
0.000168292
0.000170314
0.000170177
0.000173759
0.000174353
0.00017516
0.000177915
0.000177185
0.000171083
0.000174793
0.000176817
0.000177213
0.000181332
0.000180826
0.000180907
0.000189135
0.000179919
0.000182849
0.000182702
0.000180849
0.000180975
0.000168233
0.000168143
0.000166257
0.000164764
0.000168284
0.000169304
0.000168209
0.000167265
0.00500234
0.0008793
0.00550503
0.00493441
0.0038496
0.000194757
0.000198125
0.000192018
0.000148746
0.000194718
0.000109271
2.16517e-05
5.29604e-05
0.000159308
0.000160684
0.000159697
0.000159987
0.000156042
0.000158256
0.000160508
0.000162107
0.000161859
0.000174725
0.000172563
0.000172897
0.000170995
0.000169419
0.000168749
0.000171905
0.000164473
0.000167896
0.000164763
0.000163801
0.000163662
0.000164247
0.000179572
0.000193702
0.000192757
0.000189057
0.000182395
0.000180288
0.000180605
9.52565e-05
0.00204499
0.000207931
0.000171904
0.000169089
0.000169399
0.00016974
0.000168918
0.00016912
0.000171124
0.000169992
0.000173037
0.000172171
0.000176541
0.000180738
0.000179448
0.000182325
0.000182449
0.000176392
0.000178749
0.000178169
0.000182261
0.000184449
0.000188246
0.000193588
0.000188953
0.000188987
0.000190518
0.000188436
0.000188527
0.000170864
0.000170609
0.00016854
0.000166695
0.000169086
0.000169643
0.00017095
0.000169184
0.000169019
0.00455844
0.00215156
0.00576958
0.00512903
0.00530838
0.000195169
0.000187722
0.000169835
0.00012504
0.000188444
2.5978e-06
1.464e-05
0.000559742
0.000155953
0.000160834
0.000163048
0.000162961
0.000162143
0.000158204
0.000160055
0.000163056
0.000162994
0.000163399
0.000163132
0.000180293
0.000176032
0.000174844
0.000174455
0.000174173
0.000171282
0.000170854
0.000170649
0.0001693
0.00017446
0.00016704
0.000168266
0.000166981
0.000166109
0.00016633
0.000166698
0.0001861
0.000186855
0.000193585
0.000190839
0.000188782
0.000185596
0.000171244
0.000141675
4.21888e-05
0.00121786
0.000587591
0.000179218
0.000170358
0.000168884
0.000169165
0.000173343
0.000172462
0.000174002
0.000174667
0.000172358
0.000174811
0.000185056
0.000186568
0.00018596
0.000191213
0.000191383
0.000182241
0.000184613
0.000184745
0.000186927
0.000192185
0.000194705
0.000193343
0.000192675
0.000190112
0.000191143
0.000190686
0.000193235
0.000194269
0.00017308
0.000170457
0.000172819
0.000168845
0.000166923
0.000170418
0.000170475
0.000171349
0.000170004
0.000169948
0.00479375
0.00204868
0.00427732
0.0062178
0.00615383
0.00476611
0.000181373
0.000178802
0.000153382
6.22567e-05
0.000172907
1.79786e-05
0.000233
0.000162722
0.000163971
0.000164073
0.000164357
0.000163489
0.000160057
0.000162565
0.000164495
0.000165454
0.000166036
0.000165534
0.000185923
0.000182883
0.000180089
0.000178825
0.000178279
0.000174104
0.000174647
0.000173492
0.000171199
0.000179512
0.000167844
0.000169836
0.000168234
0.000167271
0.000167298
0.00016734
0.000167751
0.00019353
0.000168264
0.000172291
0.000196906
0.00019159
0.000190538
0.000102617
3.72455e-05
5.78707e-05
0.00271938
0.00246308
0.00040906
0.000186708
0.00016992
0.000168695
0.000169875
0.0001691
0.000179033
0.000179384
0.000182689
0.00018209
0.000180465
0.00018453
0.000188846
0.000191871
0.000190104
0.000193556
0.000192489
0.000190288
0.000190132
0.000187948
0.000188931
0.000192892
0.000192525
0.000190618
0.00017729
0.000186373
0.000190782
0.000191106
0.000189307
0.000188806
0.000189766
0.000193028
0.000173379
0.000172748
0.00017321
0.000173756
0.000170783
0.000170655
0.000171276
0.000172471
0.000170512
0.000170087
0.00307291
0.00463683
0.00601845
0.00588225
0.00619028
0.000140988
0.000139782
0.000107449
1.47778e-05
5.62588e-05
0.000120064
0.000121658
0.000515013
0.000159555
0.00016646
0.000166174
0.000167286
0.000165673
0.000162244
0.000163414
0.000166787
0.000166748
0.000166674
0.000166782
0.000186157
0.000192996
0.000184964
0.000185197
0.000183058
0.000178983
0.000184196
0.000177815
0.000178077
0.000174274
0.000172887
0.000183927
0.000170131
0.000172756
0.000170047
0.00016897
0.000169315
0.000169
0.000169612
0.000190349
0.000191432
0.00011797
0.000178476
0.000141448
0.000187146
0.000187628
0.00019434
0.000138619
4.71077e-05
0.00359592
0.00124698
0.000187275
0.000188895
0.000169289
0.000169402
0.000175135
0.000175056
0.000181115
0.000186608
0.000186934
0.000185206
0.000188912
0.000187214
0.000189879
0.000190955
0.000190254
0.000188162
0.000188704
0.000180676
0.00019122
0.000186478
0.000191987
0.000188516
0.000179703
0.000189622
0.000181905
0.000178942
0.000150234
0.000173214
0.000183817
0.000170179
0.000181277
0.000170354
0.00017752
0.000177893
0.000177305
0.000175638
0.00017381
0.00017335
0.000172489
0.00017288
0.000170623
0.000171868
0.000172903
0.000177192
0.000170926
0.000169593
0.00299074
0.00537417
0.00448254
0.00585918
0.00597523
0.000113777
0.000105035
9.15624e-05
4.50207e-05
9.76052e-06
8.37535e-05
0.000518991
0.00150499
0.000167344
0.000168122
0.000167043
0.000168282
0.000168951
0.000164129
0.000166352
0.000168731
0.000167727
0.000169027
0.000168863
0.000169008
0.000193753
0.000194219
0.000192886
0.00019185
0.000185817
0.000189418
0.000184885
0.000189729
0.000183448
0.000186394
0.00017783
0.000177033
0.000189258
0.000171208
0.000178512
0.000171115
0.000170269
0.000170107
0.000170782
0.000170311
0.000170665
0.000177708
0.000184051
0.000103637
0.000152716
0.000108255
0.000157862
0.000172043
0.000436211
9.23488e-05
0.00277549
0.00129935
0.000190242
0.000188021
0.000171264
0.000179029
0.000181241
0.000183349
0.000182838
0.000192409
0.000195285
0.000197189
0.000191737
0.000193947
0.000190339
0.000187656
0.000183802
0.000160563
0.000179614
0.000181152
0.000183542
0.000178273
0.00016159
0.000175466
0.000176197
0.000184568
0.000178469
0.000180277
0.000162857
0.000168091
0.000164491
0.000143833
0.000100312
0.000158148
0.000151345
0.000162695
0.000142611
0.000148423
0.00015181
0.00015204
0.000143946
0.000137844
0.000180599
0.000183196
0.000173919
0.000179303
0.000180962
0.000174171
0.000172446
0.000177283
0.000176511
0.000178709
0.000183226
0.000174277
0.000171888
0.00502647
0.00536219
0.00467044
0.006129
0.0064545
4.69626e-05
3.98471e-05
1.57802e-05
0.000435743
6.6105e-05
3.22825e-05
2.54311e-05
0.00174807
0.000163612
0.00016906
0.000169702
0.000169189
0.000170615
0.000171437
0.000166385
0.000167599
0.000171409
0.000171135
0.000169659
0.000169784
0.000169731
0.000169848
0.000192048
0.000186715
0.000190198
0.000194192
0.000192541
0.000191555
0.000189091
0.000185853
0.000189204
0.000188356
0.000187801
0.000184252
0.000180269
0.000192881
0.000174359
0.0001809
0.000174098
0.000173334
0.000172387
0.000173305
0.000173336
0.000174803
0.000162863
0.000160745
0.000173452
0.000161661
4.50329e-05
0.000120171
5.25557e-05
0.000128746
0.000139696
0.000987008
0.000271782
3.18818e-05
0.00419533
0.00255431
0.000183633
0.000169783
0.000184578
0.000187053
0.000192865
0.000194997
0.000192127
0.000192442
0.000187573
0.000189633
0.000187178
0.00018933
0.000180118
0.000180029
0.000162387
0.00013026
0.000140269
0.00017181
0.000156082
0.000144939
0.000117106
0.000146968
0.000154072
0.000159581
0.000159267
0.00014881
0.000118895
0.000123881
0.000113391
9.38847e-05
3.44561e-05
0.000106148
0.000102587
0.000144284
8.8244e-05
0.000114887
9.97579e-05
9.43179e-05
0.00011365
0.000105587
0.000205269
0.000196014
0.000175656
0.000202071
0.00020344
0.000173691
0.000175379
0.000194
0.00019397
0.000195912
0.000195006
0.000188532
0.000181984
0.00510124
0.00591397
0.00489287
0.00570652
0.00620224
1.86726e-05
2.90577e-05
1.35251e-05
0.000999621
0.000163809
0.000105411
1.71223e-05
2.15601e-05
0.00253429
0.000170652
0.000170265
0.000171728
0.000170578
0.00017255
0.00017225
0.000174232
0.000168717
0.000170317
0.000174553
0.000171966
0.000170617
0.000170929
0.000170116
0.000171457
0.000179889
0.000180564
0.000190072
0.000174227
0.000190509
0.000191738
0.000191224
0.000181784
0.000190527
0.000191066
0.000189434
0.000187652
0.000182913
0.000179011
0.000178862
0.000189042
0.00017963
0.000177373
0.000175469
0.00017544
0.000176448
0.000178401
0.00017874
0.000129678
0.000121846
0.000141583
0.000127959
9.11548e-05
3.71791e-05
0.000117352
9.24361e-05
0.00249186
0.000808054
0.000384118
0.000126109
0.00362243
0.000169809
0.000143659
0.000190595
0.000194836
0.000197456
0.000192946
0.000197218
0.000185662
0.000162832
0.000164587
0.000167572
0.000165502
0.000168696
0.000160766
0.000160565
0.000110345
7.82639e-05
0.000108698
0.00013394
0.000125977
0.000117187
6.92258e-05
0.00011057
0.000103854
0.000141725
0.000133339
0.000116123
8.34482e-05
9.60172e-05
7.90785e-05
5.9294e-05
3.53157e-05
7.17436e-05
8.06435e-05
5.84021e-05
8.35137e-05
5.34301e-05
6.40726e-05
6.6918e-05
6.53489e-05
6.79061e-05
6.30002e-05
6.08275e-05
6.0935e-05
0.000195805
0.000184899
0.000195213
0.000174524
0.00018576
0.000189366
0.000175061
0.00017556
0.000198873
0.000196279
0.000197692
0.000199787
0.000190829
0.00408114
0.00657036
0.00577885
0.00409905
0.00611569
0.00515231
2.22021e-06
3.68288e-05
2.85313e-05
0.00105354
0.00213338
0.000518698
0.000200229
1.94538e-05
3.35411e-05
0.000173474
0.00017262
0.00017419
0.00017261
0.000176331
0.00017583
0.000178503
0.000170985
0.000168984
0.00017899
0.000174128
0.000174357
0.000172231
0.000173058
0.00017384
0.000173819
0.000163146
0.000153904
0.000180446
0.000145702
0.000170445
0.000186696
0.000190445
0.000145203
0.000169927
0.000188498
0.000185049
0.000189494
0.000190127
0.000161372
0.00018802
0.000187703
0.00018932
0.000189338
0.000188968
0.000187475
0.000182416
0.000183858
0.000184346
0.000178022
0.000184871
0.000188265
9.12331e-05
0.000109271
7.98818e-05
0.000121804
0.000122112
9.47475e-05
2.01899e-05
9.58932e-05
5.00106e-05
6.38518e-05
6.07632e-05
0.00362774
0.00143938
0.000883425
0.000226969
0.00499832
0.000140625
9.54508e-05
0.000202923
0.00019465
0.000181827
0.000183893
0.000178975
0.000147737
0.000145079
0.000135486
0.000137469
0.00013647
0.000137642
0.000131961
0.000125735
0.000123178
5.63211e-05
5.08333e-05
6.40527e-05
6.17065e-05
0.000117279
6.74489e-05
7.05112e-05
4.76775e-05
6.86355e-05
8.27637e-05
9.77088e-05
9.13151e-05
7.79578e-05
4.43544e-05
2.35494e-05
1.23407e-05
2.01538e-05
3.57094e-05
1.64635e-05
1.48111e-05
1.89369e-05
4.58899e-05
3.56109e-05
1.26212e-05
3.74219e-05
2.64286e-05
1.58774e-05
4.70476e-05
3.41413e-05
0.000121918
0.000121557
0.000147025
0.000177896
0.000188799
0.000107862
0.000118874
0.000175029
0.000175491
0.000194135
0.000185342
0.000189452
0.000168296
0.000198542
0.00488852
0.00637248
0.00690725
0.00447633
0.00449204
0.00519314
0.00012205
0.00010368
0.000121648
0.000158276
0.0019856
0.00328984
0.00106
0.000568455
0.000114858
0.000139095
0.000176022
0.000174518
0.00017791
0.000175834
0.00017801
0.000179703
0.000178881
0.000183036
0.000172889
0.000171587
0.000183335
0.000180966
0.000179691
0.000174883
0.000181625
0.000177911
0.000180809
0.000180603
0.000181657
0.000131229
0.000108982
0.000139637
0.000101524
0.000137131
0.000171942
0.000185099
8.79894e-05
0.000138875
0.000124472
0.000173776
0.000174073
0.000171108
0.000175857
0.000184687
0.000180958
0.000124857
0.000193222
0.000185111
0.00018552
0.000189404
0.000191837
0.000189752
0.000187401
0.000188047
0.000190628
0.000188193
0.000191954
0.000193032
4.33772e-05
5.47178e-05
7.07497e-05
3.91374e-05
7.09694e-05
7.05236e-05
5.76118e-05
4.67976e-05
0.000225498
0.000146431
4.76715e-05
4.32983e-05
0.00358318
0.00499032
0.00269722
0.00115811
0.000585298
0.000104024
5.41977e-05
8.59385e-05
0.00018699
0.000182366
0.000163029
0.000161386
0.000141792
0.00014802
0.000112041
0.00010674
0.000124109
0.000100715
0.000109373
0.000107083
0.000104452
0.000108523
0.000106496
9.69494e-05
9.76771e-05
5.83451e-05
5.41277e-05
3.82842e-05
3.45664e-05
3.6468e-05
7.45735e-05
3.55294e-05
3.98704e-05
3.67747e-05
4.27643e-05
4.68772e-05
6.71763e-05
7.9066e-05
6.23483e-05
4.11899e-05
7.52832e-05
6.80195e-05
2.5705e-05
2.92614e-05
1.01717e-05
2.49081e-05
0.000167667
1.31547e-05
1.89469e-05
1.74279e-06
5.02902e-05
0.000156839
3.42409e-05
4.98102e-05
7.22749e-05
8.25238e-05
3.86789e-05
1.70774e-05
3.72223e-05
9.25135e-05
0.000103816
9.14018e-05
9.24499e-05
0.000103709
0.000179197
0.00019039
6.04181e-05
9.31193e-05
0.000175724
0.00018227
0.000196637
0.00016166
0.000143083
0.000125623
0.00434509
0.00576744
0.00684902
0.00640582
0.00501783
0.00429806
0.00306143
0.00684118
0.000429951
0.000411958
0.000388302
0.000502775
0.00309355
0.00200005
0.00107308
0.00083373
0.000434348
0.000617934
0.000180273
0.000180038
0.000181589
0.000186326
0.000182575
0.000185747
0.000183653
0.000184922
0.000172898
0.000188404
0.000185919
0.000184837
0.000175218
0.000183363
0.00018927
0.000183874
0.00018693
0.000187431
0.000188335
8.02984e-05
9.02675e-05
7.25095e-05
8.78336e-05
4.76346e-05
8.45445e-05
0.000131902
5.41192e-05
7.82498e-05
7.40558e-05
9.97997e-05
0.000127382
0.000121688
0.000131997
0.000125314
0.000169879
0.000167219
7.12976e-05
0.000191494
0.000171576
0.000178252
0.000189391
0.0001922
0.000189504
0.000195207
0.00019266
0.000192275
0.000189954
0.000195423
0.000188535
5.40953e-05
1.86396e-05
1.64036e-05
5.76978e-05
5.28097e-05
3.05653e-05
0.000174782
0.000482197
7.27208e-05
6.00317e-05
0.00481636
0.00593667
0.00342644
0.0020209
0.000868521
6.33871e-05
6.88438e-05
4.97483e-05
0.000153354
0.000135619
0.000129335
0.000113834
0.000103137
0.000132997
0.000116601
7.41352e-05
6.96155e-05
6.97859e-05
6.78362e-05
6.45878e-05
6.46008e-05
6.08699e-05
5.84803e-05
5.44827e-05
5.81252e-05
5.01492e-05
4.18904e-05
8.33868e-05
0.00010898
0.000102801
0.000113725
5.09745e-05
9.265e-05
3.03275e-05
0.000113466
3.5161e-05
6.20207e-05
3.49969e-05
3.1198e-05
2.90403e-05
6.34563e-05
0.000276273
0.000255389
0.000110674
0.000155701
7.09365e-05
0.000144881
0.000439888
0.000252729
0.000328104
0.000136933
0.000161876
0.000241971
0.000848915
0.000179326
0.000264366
0.000218376
0.000329956
0.000289504
0.000123698
0.000130281
6.48687e-05
7.02024e-05
5.97677e-05
3.03931e-05
1.91652e-05
0.000177981
0.000174836
8.68066e-05
0.0001143
7.24822e-05
0.000175592
0.000174636
0.000128737
0.000150509
0.000105975
3.74052e-05
5.89052e-05
0.00537777
0.00589757
0.00647623
0.0065592
0.00478576
0.00362964
0.00398847
0.00634864
0.000617597
0.000952715
0.000692648
0.000738663
0.00109439
0.00408547
0.00281095
0.00194969
0.00148517
0.0012389
0.000191891
0.000186945
0.000193713
0.00018714
0.000187981
0.000185814
0.000185063
0.000174353
0.000179066
0.00018292
0.000176804
0.000182749
0.000168502
0.000172259
0.000174983
0.000193563
0.00019457
0.000192517
0.000191428
0.000193324
0.000192846
4.127e-05
3.65514e-05
5.3173e-05
4.12658e-05
3.04493e-05
0.000102282
5.40437e-05
2.36695e-05
3.7697e-05
9.83994e-05
9.81961e-05
9.40005e-05
0.000102936
9.43673e-05
0.000112625
0.000124158
4.25583e-05
0.000178838
0.000127594
0.000152431
0.000182506
0.000178723
0.000175752
0.000171174
0.000189645
0.000189289
0.00018903
0.000188694
0.00019093
0.000182099
0.000103878
4.96127e-05
0.00010323
5.03993e-05
2.64166e-05
3.62315e-05
0.000283743
0.000955223
0.000260237
0.000164662
0.000177305
0.00466236
0.00562435
0.00316393
0.00227215
0.0017426
5.03666e-05
0.000219117
0.000104295
0.000102963
8.19512e-05
7.55409e-05
0.000104123
7.18222e-05
8.10122e-05
7.56952e-05
7.51496e-05
6.56483e-05
6.1497e-05
7.04096e-05
6.70252e-05
5.93299e-05
7.08554e-05
5.90867e-05
6.62336e-05
6.36388e-05
6.27819e-05
0.000448464
0.000522625
0.000484487
0.000562403
5.07652e-05
0.000414555
0.000123671
0.000607463
0.000236354
6.75303e-05
6.82685e-05
0.000299672
0.00186163
0.001775
0.000244411
0.000323183
0.000433635
0.000382402
0.00124339
0.000435118
0.000282886
0.000778945
0.000419555
0.000806046
0.00140734
0.000669921
0.000504859
0.00065271
0.000574956
0.000592232
0.000683649
0.000628821
0.000726508
9.4535e-05
9.39676e-05
7.39973e-05
1.7388e-05
7.24707e-05
1.35811e-05
0.000182152
0.000164413
5.6999e-05
0.000363409
0.00017467
9.09883e-05
0.000111376
4.09319e-05
4.5845e-05
4.85217e-05
6.55056e-05
0.00544492
0.00663145
0.00644757
0.00261778
0.00530973
0.00509297
0.00682558
0.00136625
0.00169635
0.00150675
0.0014038
0.00187083
0.00376592
0.00495838
0.00275536
0.00210254
0.00180227
0.00212278
0.00159768
0.000200365
0.000192353
0.000192033
0.000191522
0.000191282
0.000184883
0.000179252
0.000149739
0.000167242
0.000139838
0.000197257
0.000138585
0.000174546
0.000175141
0.000191579
0.000193067
0.000184505
0.000194434
0.00019139
0.000188489
0.000192198
4.73398e-05
4.19555e-05
4.83899e-05
7.89724e-05
6.48658e-05
4.03604e-05
7.21562e-05
0.000173817
3.45457e-05
3.11271e-05
2.97542e-05
3.45772e-05
6.39069e-05
5.11475e-05
6.05545e-05
6.04493e-05
8.1694e-05
8.89862e-05
9.93351e-05
3.37029e-05
0.000150282
9.65048e-05
0.000110895
0.000151714
0.000157945
0.000137755
0.000122425
0.000168442
0.00016764
0.00016716
0.000172892
0.000183295
0.000164813
0.000171812
0.00016081
0.000339468
0.000100326
0.000114272
9.36929e-05
0.000139288
0.000541124
0.00192573
0.00114565
0.000676218
0.000509031
0.000545385
0.00544197
0.00624722
0.0040171
0.00346784
0.000203586
0.00161102
4.43076e-05
6.59013e-05
5.64795e-05
7.02328e-05
6.96273e-05
6.21973e-05
6.63143e-05
0.000114562
0.000110263
0.000119635
0.00013161
0.000125297
0.000138716
0.000146602
0.000155571
0.000176905
0.000165639
0.000189474
0.00241628
0.00260403
0.00251011
0.0026978
0.000382722
0.00232259
0.00064453
0.00279127
0.00169142
0.000325173
0.000352736
0.00195119
0.00458078
0.00450834
0.000823735
0.00088997
0.000936708
0.00104397
0.00208787
0.000952
0.000633758
0.00147563
0.000711122
0.00129634
0.00336417
0.00120281
0.00129321
0.00126785
0.00128238
0.00117926
0.00160374
0.00306764
0.00297688
0.000222198
0.000222557
0.000170913
6.87158e-05
0.000232668
0.000321218
6.40016e-05
0.000170553
0.000143935
7.05485e-05
0.000632306
0.00112098
0.000827591
4.01396e-05
4.98866e-05
4.6324e-05
8.87618e-05
7.79164e-05
0.000260283
0.00615444
0.00648495
0.00647595
0.00437838
0.00289182
0.00541286
0.00632349
0.00651171
0.0025173
0.00211576
0.00173536
0.00192777
0.00269726
0.00462266
0.00548415
0.00370447
0.00304052
0.00266994
0.00327831
0.00283628
0.00018063
0.000189149
0.000187149
0.000179979
0.000181643
0.00017948
0.000181709
0.000177358
0.000153937
0.000113862
0.000125116
6.26337e-05
0.000132292
0.000185666
6.52017e-05
0.000171912
0.000174752
0.00018292
0.00019065
0.000165488
0.000186811
0.000165561
0.000175332
0.0001701
9.26035e-05
0.000119718
0.000188705
0.000162588
0.000227223
0.000159612
2.50994e-05
0.000649144
0.00014607
0.000539732
0.000105986
4.07131e-05
3.21307e-05
3.57118e-05
3.17174e-05
5.16059e-05
2.90157e-05
3.42877e-05
3.11208e-05
3.53719e-05
3.55827e-05
4.15339e-05
0.000207575
0.000122064
5.33237e-05
9.44277e-05
7.16886e-05
0.000108407
0.000120886
0.000109997
0.000108718
9.60595e-05
9.99765e-05
0.000154766
0.000143296
0.000142559
0.000145816
0.000137015
0.000145577
0.000152299
0.000129927
0.000419939
0.000458654
0.000303443
0.000649533
0.000395239
0.000410356
0.000325266
0.000397824
0.000871255
0.00098635
0.00260496
0.00222385
0.000874202
0.00080155
0.000988299
0.00604436
0.00527637
0.00456203
0.00410812
0.00153347
0.00435521
5.86867e-05
6.21801e-05
5.27955e-05
6.84181e-05
0.000121536
0.000107562
0.000107112
0.000931478
0.000886943
0.000978454
0.00107964
0.00102776
0.00113446
0.00119241
0.00125379
0.00138716
0.00131875
0.00145881
0.00495818
0.00506395
0.00501217
0.00511357
0.0022289
0.00490176
0.00288465
0.00516128
0.00443316
0.00204288
0.00213562
0.00465041
0.00592736
0.00592198
0.00144016
0.00108785
0.00152361
0.00140155
0.00189397
0.0017289
0.00338339
0.00148448
0.00113465
0.00346692
0.00120329
0.00326498
0.00541945
0.00316649
0.00187785
0.00209142
0.0017822
0.00173895
0.00233197
0.00529413
0.00525138
0.000492566
0.000672361
0.00100162
0.00133947
0.00088644
0.000994075
0.00016525
5.63435e-05
5.78717e-05
0.00133612
0.00389951
0.00295616
5.77407e-05
4.46419e-05
5.53052e-05
0.00010871
0.000167369
0.000124653
0.000274419
0.000773893
0.0060688
0.00670079
0.00549264
0.00306982
0.00333066
0.00483065
0.00644717
0.00270322
0.00300399
0.00313202
0.00260043
0.00263696
0.00345307
0.00450179
0.00531296
0.00374965
0.00324223
0.00316342
0.0041637
0.00344882
0.00356235
0.000152518
0.000151614
0.000139043
0.000151869
0.000151222
0.000152017
0.000147994
0.00012084
0.000103966
2.05346e-05
4.43188e-05
3.97293e-05
6.33108e-05
8.73611e-05
0.000198419
7.04778e-05
0.000174485
0.000174457
0.000175717
0.000158925
0.000128102
0.000174989
0.000123582
0.000133922
0.000141053
0.000393313
0.000330581
0.000436272
0.000462099
0.000565648
0.000418528
4.05016e-05
0.00107451
0.000418727
0.00114394
0.000559279
0.000122857
0.000115412
0.000113079
5.07933e-05
7.26609e-05
8.66173e-05
7.63224e-05
8.42836e-05
7.11789e-05
4.48513e-05
4.21571e-05
0.000426946
8.1637e-05
5.39971e-05
3.92307e-05
3.96386e-05
8.06596e-05
8.29809e-05
6.26452e-05
0.000106852
5.73407e-05
4.80944e-05
5.26546e-05
0.00012151
0.00010586
0.000104906
9.67833e-05
9.01966e-05
9.82929e-05
0.000124029
9.21243e-05
0.000960236
0.000932772
0.000837647
0.00135258
0.000711862
0.000689957
0.000866512
0.000585392
0.00099134
0.00159461
0.0017377
0.00356367
0.00290402
0.00170474
0.00151841
0.00175504
0.00639131
0.00591132
0.00474844
0.00417951
0.0042742
0.00591152
0.000113421
0.000105261
0.000119628
0.000179607
0.000763898
0.000803506
0.000844256
0.00333155
0.00322918
0.0034333
0.00363322
0.00353393
0.00373084
0.00382676
0.00392091
0.00410297
0.00401308
0.0041901
0.00596235
0.005973
0.00596782
0.00597788
0.00484283
0.00595662
0.00520719
0.00598247
0.0059167
0.00471721
0.00478134
0.00593301
0.00622317
0.00623787
0.00260421
0.0020382
0.00276796
0.00254217
0.00258423
0.00286127
0.00436437
0.00356641
0.00172674
0.00545884
0.00537913
0.00600626
0.00533746
0.00389175
0.00396365
0.00389389
0.00377291
0.00373087
0.00599515
0.00599098
0.0020264
0.00263921
0.001915
0.00129621
0.00262868
0.0020807
0.00181024
0.0020514
0.000126919
0.000160195
6.75709e-05
0.000486553
0.00348167
0.00585875
0.00446199
0.00376577
0.000117513
0.000113105
9.34372e-05
0.000181056
0.000181169
0.000215767
0.000779897
0.00117353
0.00635896
0.00661638
0.00486137
0.00625711
0.00295302
0.003286
0.0053109
0.00340455
0.00319592
0.00411163
0.00333395
0.00417984
0.00525368
0.00582508
0.00460991
0.00413167
0.00419594
0.00504993
0.00452995
0.00464598
0.000118314
0.000121
0.000107517
0.000115152
0.000116692
0.000129111
0.000108263
8.65288e-05
0.000115139
7.89517e-05
3.56421e-06
9.79827e-06
4.16366e-06
1.82071e-05
5.95649e-05
0.00016274
0.000243016
9.99205e-05
0.000183161
0.000484269
0.000701671
0.000172909
0.00015248
0.000115863
9.09346e-05
0.000146513
6.85509e-05
7.39863e-05
0.000106365
0.000701637
0.0010286
0.000931398
0.000695853
0.000673642
0.00101495
0.000917521
0.000113435
0.00292051
0.000809972
0.00301569
0.00282534
0.000644939
0.000570352
0.000493275
0.000455817
0.000420167
0.000387131
0.000355575
0.000326614
6.88717e-05
0.000830889
4.26399e-05
0.000273334
6.26911e-05
5.69915e-05
4.21062e-05
5.10481e-05
4.73542e-05
5.2935e-05
5.91275e-05
6.21013e-05
5.93697e-05
9.68679e-05
5.95664e-05
5.4182e-05
5.31333e-05
5.65191e-05
6.06119e-05
6.67233e-05
5.24009e-05
0.00164873
0.00157094
0.00115914
0.0018222
0.00143008
0.00145515
0.00189593
0.00110968
0.00150319
0.0022067
0.00267188
0.00410112
0.00375986
0.00209368
0.00230004
0.00200573
0.002782
0.00631233
0.00620596
0.00548072
0.00511822
0.00590617
0.00626975
0.000176621
0.000160805
0.000187919
0.000724873
0.00292108
0.00302378
0.00312638
0.00575154
0.00570751
0.00578709
0.00583733
0.00581524
0.00585442
0.00586775
0.00587826
0.00589413
0.00588687
0.00590042
0.00614298
0.00611583
0.00612954
0.00610194
0.00595071
0.00615619
0.00598684
0.00608798
0.00625335
0.00593879
0.00594472
0.00620907
0.00626215
0.00628491
0.00269485
0.00354778
0.00341861
0.00313288
0.00320077
0.003589
0.00413124
0.00523322
0.00427928
0.00549709
0.00367466
0.00600931
0.00600287
0.00600607
0.00599925
0.00563438
0.00434465
0.00560532
0.00557081
0.00435145
0.00604649
0.00606011
0.00275673
0.00314747
0.00356543
0.00278891
0.00459671
0.0043179
0.00307144
0.00414898
0.000125677
0.000120882
0.000107859
0.00158637
0.00404707
0.00560765
0.00758995
0.00689412
0.00582516
0.000181991
0.00050357
0.000515099
0.000584413
0.00284033
0.00340152
0.0061739
0.006659
0.00627926
0.00596834
0.00630786
0.00340434
0.00343328
0.00423609
0.00403848
0.00478341
0.00408241
0.00446006
0.00481281
0.00517791
0.00572715
0.0046728
0.00485998
0.00554041
0.00504527
0.00541111
7.87747e-05
7.65024e-05
7.2231e-05
6.49653e-05
6.39206e-05
7.47074e-05
5.02109e-05
3.65066e-05
5.48997e-05
5.22529e-05
4.02007e-05
0.000121819
0.000259138
6.21831e-05
0.000246367
8.15971e-05
0.000740522
4.39967e-05
0.000188339
0.00261492
0.00320307
0.000177794
0.000112644
0.00010044
9.25919e-05
5.08926e-05
0.000109991
1.47724e-05
6.02083e-05
5.96936e-05
9.80185e-05
0.00126185
0.00143227
0.00148612
0.00128216
0.00118329
0.0016292
0.00129921
0.000535131
0.00498274
0.00135274
0.00502887
0.0031183
0.00493493
0.00273941
0.00265183
0.00247604
0.00238822
0.00230091
0.00221402
0.00212759
0.00204172
0.000299113
0.00187225
0.000249716
0.000228036
4.45258e-05
0.000145257
0.000158718
0.000173529
0.000189874
4.67417e-05
3.38693e-05
4.65066e-05
5.46914e-05
4.7892e-05
4.6937e-05
4.0203e-05
3.88661e-05
0.00273052
0.0023872
0.00216225
0.00308759
0.00236488
0.00220924
0.00185131
0.00266874
0.00248191
0.0017011
0.00242334
0.00302669
0.00334971
0.00479656
0.00450624
0.00316559
0.00344099
0.00296957
0.00344671
0.00314709
0.0063925
0.00624602
0.00567268
0.00550559
0.00516957
0.00628735
0.00632809
0.000600404
0.00064321
0.000685442
0.00281843
0.0055131
0.0055893
0.00565372
0.00666162
0.00672769
0.00660071
0.00649643
0.00654558
0.00645305
0.00641503
0.00638197
0.00632837
0.00635328
0.00630664
0.00611244
0.00605806
0.00608547
0.00603038
0.00616921
0.00613889
0.00607403
0.00600257
0.00630694
0.00619549
0.00618224
0.0062387
0.00648672
0.0065274
0.00392884
0.00456244
0.00457739
0.00437343
0.00430432
0.00477447
0.00541733
0.00583299
0.00556916
0.00601199
0.00553476
0.00599242
0.00601961
0.0058362
0.00603312
0.00602158
0.00568586
0.00601897
0.00601667
0.00573476
0.00591905
0.00594679
0.00470463
0.00487728
0.00499123
0.00381869
0.00583301
0.00498631
0.00671038
0.00046631
0.00170885
0.0061515
0.00799193
0.00849732
0.00845245
0.00721508
0.00689975
0.000556049
0.00226152
0.00228875
0.00246629
0.00544916
0.0060259
0.00644419
0.00663334
0.00618818
0.00595425
0.00337016
0.00279377
0.00558564
0.00478226
0.00477578
0.00551041
0.00478572
0.00509258
0.00523952
0.00565533
0.00606033
0.00535885
0.00538598
0.00585917
0.00563503
0.00576528
0.00590736
3.77091e-05
3.88665e-05
5.20703e-05
4.52729e-05
4.13314e-05
2.92424e-05
4.86899e-05
5.02476e-05
7.5179e-05
1.46086e-05
4.48633e-05
0.000234407
0.000462369
0.000660819
0.000808437
0.000839208
0.00112043
0.00280434
0.000114471
4.38776e-05
0.00010825
0.000193176
0.00396138
0.00337204
0.00505741
6.38567e-05
5.47932e-05
4.87381e-05
3.40047e-05
6.49258e-05
0.000131997
7.05606e-05
4.23807e-05
5.36613e-05
0.00181454
0.0034162
0.00331727
0.00166298
0.0035108
0.00321599
0.00256389
0.005748
0.00575481
0.00507416
0.00574057
0.0048878
0.00483911
0.00473679
0.00468292
0.0046272
0.00456953
0.00450966
0.00444763
0.00195646
0.00431667
0.00178958
0.00170853
0.000208057
0.00134697
0.000132915
0.0014131
0.00148234
0.00155466
0.000111555
0.000102363
9.40656e-05
0.00012161
8.65573e-05
7.959e-05
0.00354342
0.00339641
0.00282198
0.00382719
0.00294505
0.00382383
0.00341943
0.00406434
0.00393873
0.00350328
0.00311266
0.002858
0.00387412
0.00422455
0.00499804
0.00459947
0.0038487
0.00352455
0.00381485
0.00390399
0.00436325
0.00435238
0.00628415
0.00632208
0.00609537
0.00591905
0.00569325
0.00634817
0.00660058
0.00249709
0.00260782
0.002715
0.00542474
0.00693648
0.00686834
0.00679744
0.00659613
0.00665156
0.00655262
0.00648924
0.00651783
0.00646482
0.00644303
0.00642312
0.00638577
0.00640421
0.00636723
0.00621403
0.00611736
0.00616607
0.00606799
0.00616472
0.00626142
0.00597469
0.00601783
0.0065653
0.00621467
0.00618999
0.00644397
0.00428289
0.00432786
0.00481602
0.00509724
0.00484902
0.00484072
0.00476505
0.00577732
0.00599118
0.00608158
0.00567417
0.0059787
0.00601438
0.0058085
0.00586391
0.00570961
0.00589154
0.00592821
0.0060267
0.00593963
0.00595233
0.00603145
0.00586547
0.00591654
0.00552466
0.00649252
0.00710031
0.00597317
0.00720157
0.00752418
0.00932984
0.000857592
0.0041947
0.00602783
0.0073291
0.00814476
0.00887006
0.00968624
0.0095836
0.00933183
0.00238579
0.00476403
0.00480201
0.00502316
0.00817206
0.00871153
0.00644216
0.00665019
0.00563253
0.0028046
0.00219162
0.00493379
0.00609755
0.00539055
0.00526496
0.00573491
0.00533578
0.00539633
0.00563988
0.00593816
0.00559424
0.00629421
0.00603474
0.00550556
0.00575807
0.005849
0.00598808
0.00596257
0.00590121
0.00616579
6.94325e-06
2.11412e-06
6.58438e-06
1.53615e-05
4.38271e-06
6.14106e-06
1.36077e-05
9.7384e-05
0.000190498
0.000167726
9.19678e-05
0.000833665
0.00118463
0.0017778
0.00171263
0.00168409
0.00260035
0.00476927
0.00331968
0.000965362
0.000136125
6.36315e-05
0.000174062
0.00628093
0.00551481
0.00759624
4.77467e-05
4.58112e-05
7.31671e-05
3.74112e-05
0.00070156
0.000736813
5.67959e-05
0.00361531
0.00519992
0.00516009
0.00363605
0.00523997
0.00511754
0.00478883
0.00588632
0.0058744
0.00576119
0.00589797
0.00573306
0.00572554
0.00570964
0.0057012
0.00569247
0.00568346
0.00567415
0.00566465
0.00438326
0.00564521
0.00424813
0.00417763
0.00163006
0.00379447
0.00128362
0.00387521
0.00395394
0.00403054
0.00116646
0.00111276
0.00106213
0.00122339
0.00101437
0.00096916
0.00455982
0.00429841
0.00411241
0.00481165
0.00429765
0.00447178
0.00416108
0.00442597
0.00457971
0.00413023
0.00416856
0.00425392
0.00450788
0.00542469
0.00529339
0.00480886
0.00450969
0.00448514
0.00445779
0.0047747
0.00468367
0.00493691
0.00629144
0.00615402
0.00593808
0.0057332
0.00663235
0.00441458
0.00507671
0.00520833
0.00532402
0.00699734
0.00693352
0.00681548
0.00672307
0.00671765
0.00670437
0.00672885
0.00674085
0.00673691
0.00674039
0.00673471
0.00672358
0.00668579
0.00670693
0.00666103
0.00398856
0.00388727
0.00393806
0.00383586
0.00630842
0.00403883
0.00596732
0.00378357
0.00437149
0.00639976
0.00635421
0.00423623
0.00590799
0.00591447
0.00586453
0.0058208
0.00603735
0.0061019
0.00608362
0.00578081
0.00596524
0.00565734
0.00576191
0.00345028
0.00581408
0.00567374
0.00591708
0.00569962
0.00572633
0.00590377
0.00362128
0.00367628
0.00724404
0.00788056
0.00823415
0.0091875
0.00836192
0.00747788
0.009975
0.0113507
0.000746969
0.00297517
0.00452492
0.00757245
0.00805113
0.00792477
0.00800159
0.0093338
0.00999822
0.0107223
0.0105462
0.00493367
0.00729716
0.0071528
0.00768191
0.0101048
0.0107632
0.00664714
0.00659262
0.00495177
0.00629183
0.00216444
0.00154497
0.00401169
0.00559196
0.00621878
0.00572505
0.00569946
0.0060027
0.00567729
0.00578357
0.00575133
0.00582744
0.00610467
0.00593104
0.00644326
0.00636902
0.00588551
0.00598258
0.00597745
0.00609594
0.00609023
0.00608573
0.00604797
0.00612275
8.8455e-05
8.79988e-05
6.43695e-05
7.69375e-05
5.34836e-05
0.000106072
0.000665234
0.000856912
0.000562899
0.000789833
0.00087384
0.00203971
0.0023456
0.00190266
0.00333025
0.00329955
0.00319733
0.00372216
0.00743651
0.00517459
0.00143613
0.000291674
1.28027e-05
0.00739395
0.00787526
0.00609241
0.00692967
0.0089007
6.17602e-05
6.71673e-05
0.000926291
5.74417e-05
0.00255277
0.00264324
0.000772241
0.00531123
0.00577857
0.00577318
0.00527608
0.00578398
0.00576729
0.00571772
0.00582795
0.00580066
0.00586241
0.00585508
0.00590983
0.005922
0.00594634
0.00595834
0.00597019
0.00598176
0.00599308
0.00600423
0.00565495
0.00602654
0.00563565
0.00562621
0.00410512
0.00557966
0.00371152
0.00558938
0.00559873
0.00560787
0.00354086
0.00345375
0.00336576
0.00362683
0.00327697
0.0031873
0.00488429
0.00507889
0.00497858
0.00480988
0.00513814
0.00518777
0.00546112
0.00541412
0.00551241
0.00556973
0.00536261
0.00465419
0.00500991
0.00549361
0.00548603
0.00514981
0.0049438
0.00510148
0.00500972
0.00531164
0.00528152
0.00539114
0.00630377
0.00617848
0.00594897
0.00445738
0.00710178
0.00708528
0.00704863
0.00708094
0.00667166
0.00667652
0.00668999
0.00498876
0.00508833
0.00490613
0.00477603
0.0048362
0.00472306
0.00467527
0.00463036
0.0045436
0.00458685
0.00450066
0.00408907
0.00373033
0.00418815
0.00413886
0.0060455
0.0060651
0.00604949
0.00604086
0.00589115
0.00608029
0.00582636
0.00560448
0.00575331
0.00339129
0.00350847
0.00356545
0.00539597
0.00564847
0.0054474
0.00550001
0.00562225
0.00997792
0.00922106
0.0100487
0.011211
0.0105662
0.011889
0.0110036
0.00424033
0.0070507
0.0071663
0.00778144
0.00740656
0.00737089
0.00828987
0.00900311
0.00983393
0.0110779
0.0117871
0.00710483
0.00873863
0.0082337
0.00940478
0.00997939
0.0105102
0.00656685
0.00400243
0.00566133
0.00648929
0.00153037
0.00100902
0.00278237
0.00498268
0.00570333
0.00625651
0.00619874
0.00597302
0.00587443
0.0061275
0.00590589
0.00593559
0.00606616
0.00605485
0.00633678
0.00603148
0.00644953
0.00605428
0.00620266
0.00622303
0.00625679
0.00628543
0.00617087
0.00581565
0.000587163
0.000545411
0.000507367
0.000497286
0.000582352
0.000626591
0.00246194
0.00117748
0.0012039
0.00260064
0.00172591
0.00245033
0.0037907
0.00353235
0.00463708
0.00373885
0.00443473
0.0055199
0.00813319
0.00695156
0.00412935
0.000986281
8.04355e-05
0.00971059
0.00966467
0.00762038
0.00834315
0.00870367
0.000846191
0.000885285
0.00309708
0.000808479
0.00506492
0.00515155
0.00273373
0.00579487
0.00582704
0.0058388
0.00578897
0.00581569
0.00585054
0.00593419
0.00581927
0.00576629
0.0057733
0.00587157
0.00588243
0.00590998
0.00596497
0.00599226
0.00601933
0.00604597
0.00607207
0.00609756
0.00601532
0.00614654
0.00603816
0.00605041
0.00561702
0.00612603
0.00556921
0.00610805
0.00609195
0.00607716
0.00554505
0.00553034
0.00551283
0.00555779
0.00549168
0.00546566
0.00538495
0.00540441
0.0056171
0.00564881
0.00566966
0.00561031
0.00581826
0.00581039
0.00582731
0.0058379
0.0056128
0.00580301
0.00534439
0.00582429
0.00581202
0.00556808
0.0054412
0.00536338
0.00544097
0.00551444
0.00547542
0.00550062
0.00571193
0.00617981
0.00611896
0.00767719
0.00746157
0.00725841
0.00670547
0.00555348
0.00536151
0.00521
0.00585373
0.00584811
0.00586736
0.00587804
0.00559582
0.00584439
0.00544581
0.00333142
0.00555226
0.00308825
0.0053441
0.00314945
0.00321061
0.00529118
0.0112738
0.011294
0.0112819
0.0120303
0.0130763
0.0124248
0.0114585
0.00624579
0.00644415
0.00682609
0.00693169
0.00794125
0.00746682
0.00708878
0.00721777
0.00760839
0.00812667
0.00941291
0.0103517
0.0114723
0.0124672
0.00790305
0.00868841
0.00798505
0.00932654
0.00692907
0.00658186
0.00499282
0.00275666
0.0058153
0.00647618
0.0010014
0.00152596
0.00397545
0.00506811
0.00570331
0.0061731
0.00616451
0.00607552
0.00631236
0.00609818
0.00614143
0.0062017
0.00618963
0.00639812
0.00629314
0.00625957
0.00632501
0.00624216
0.00581331
0.00581473
0.00581428
0.00581236
0.00541832
0.00227646
0.00218421
0.00210261
0.00208258
0.00226832
0.00236994
0.00496691
0.00309228
0.00190422
0.00512778
0.00466756
0.00574289
0.0048254
0.00612079
0.00581984
0.00595135
0.00618466
0.00854313
0.00764443
0.00492941
0.00395455
0.00102317
0.0106587
0.00954368
0.00812558
0.010418
0.00824561
0.00883145
0.0029153
0.00300629
0.00543391
0.00282428
0.00676487
0.00671248
0.00522724
0.00579519
0.00569227
0.00571918
0.00580471
0.00566584
0.00574614
0.00593752
0.00359226
0.00353405
0.00571342
0.00364941
0.00592362
0.00597545
0.00607844
0.00612898
0.00617887
0.00622803
0.0062766
0.0063248
0.00612239
0.00641846
0.00617005
0.006193
0.00606335
0.00629425
0.00614651
0.00627617
0.00625697
0.00623659
0.00619791
0.00622986
0.00626662
0.00617026
0.00630845
0.00635557
0.00570141
0.00574969
0.00570255
0.00585238
0.00575992
0.00580153
0.00576515
0.00577592
0.00575482
0.00574441
0.0058463
0.00578637
0.00571328
0.00595677
0.00586977
0.0059196
0.00569104
0.00571906
0.00564124
0.00565189
0.00567578
0.00582078
0.0057867
0.00577883
0.00587133
0.00616778
0.00718716
0.00695786
0.00679638
0.00579797
0.00551824
0.00549483
0.00554399
0.00556944
0.00524044
0.00547352
0.00493561
0.00327127
0.00302658
0.00296422
0.012624
0.012586
0.0131994
0.0138689
0.0127614
0.0120525
0.00595778
0.00626116
0.0077225
0.00661947
0.00781947
0.00720293
0.00680067
0.00708265
0.0075064
0.00889022
0.00979127
0.0107924
0.0121378
0.0128092
0.00749393
0.00748984
0.00753851
0.00725122
0.00509131
0.00395278
0.00150806
0.00582067
0.0064483
0.00178324
0.00424781
0.00506316
0.00569549
0.00615449
0.00626558
0.00620906
0.00581451
0.00633719
0.00635753
0.00637462
0.00635233
0.00641791
0.0064041
0.00536521
0.00533964
0.00531447
0.00539167
0.00488252
0.00472677
0.00458946
0.00446907
0.00443855
0.00469863
0.00485477
0.00680688
0.0057053
0.00378727
0.00783507
0.00718556
0.00799409
0.00671628
0.00780184
0.00710129
0.00685231
0.00731968
0.0083853
0.00862065
0.00665472
0.00604339
0.0106459
0.00985643
0.00999053
0.011276
0.00763424
0.00881052
0.00534825
0.00539507
0.00640804
0.00529241
0.0069681
0.00682851
0.00665325
0.00561488
0.005555
0.0056077
0.00563984
0.00550252
0.00566085
0.00602708
0.00347482
0.00370578
0.00376126
0.00386958
0.0039223
0.00397434
0.00402612
0.00407771
0.00412929
0.00637186
0.00423044
0.00646348
0.006507
0.00621521
0.00668211
0.00631166
0.00665391
0.00662225
0.00658673
0.00634638
0.00636476
0.00638488
0.00632884
0.00640748
0.00643407
0.00591199
0.00587955
0.00572448
0.00590181
0.00592898
0.0055406
0.00556607
0.00551537
0.00549025
0.00573362
0.00559087
0.00577282
0.00610778
0.00603004
0.00607616
0.00592112
0.00593936
0.00588471
0.00579795
0.00592059
0.00589391
0.00587978
0.00596967
0.00687223
0.00645604
0.0060978
0.00508928
0.00504114
0.00514006
0.00518926
0.00290263
0.00499035
0.00254353
0.0135851
0.0142903
0.0148459
0.0134901
0.00564139
0.00576502
0.0062139
0.00825826
0.00789121
0.00791304
0.00726198
0.00684962
0.00673836
0.00692904
0.00809237
0.00971326
0.00954062
0.0103099
0.0117016
0.0139931
0.00729587
0.00508598
0.00422554
0.0017621
0.00581296
0.00643076
0.00183003
0.00420161
0.00508914
0.00569547
0.00613597
0.00615609
0.00638923
0.00529038
0.00581589
0.00581664
0.00581645
0.00581473
0.0058158
0.00477988
0.00472865
0.00467791
0.00483081
0.00248247
0.00683937
0.00683093
0.0068627
0.00698949
0.00735963
0.00683358
0.0071351
0.0083534
0.00639874
0.00979482
0.00956576
0.0102176
0.00885803
0.00975276
0.00882075
0.00782279
0.00788729
0.00879241
0.00833491
0.00700181
0.00654745
0.0050756
0.00996621
0.0109008
0.00934718
0.0114404
0.010302
0.0113052
0.00751164
0.0076502
0.00822915
0.00652664
0.00646537
0.0064667
0.0065901
0.00668837
0.00666162
0.0067163
0.0053984
0.00329401
0.0033547
0.00544982
0.00323286
0.0034151
0.00381592
0.00418022
0.00427949
0.00432718
0.00654833
0.0045504
0.00670597
0.00450608
0.00446223
0.00441804
0.00674063
0.00674961
0.00675278
0.00672576
0.00675039
0.00674336
0.00594921
0.0057196
0.0054406
0.00571449
0.00571152
0.00524104
0.0052929
0.00518922
0.00513838
0.00546477
0.00534637
0.00599306
0.0060948
0.00606258
0.00599635
0.00598953
0.00601947
0.0059683
0.0060347
0.00601122
0.00599016
0.00570491
0.0027218
0.00266337
0.00278139
0.00284116
0.00260423
0.0149313
0.0157786
0.0143255
0.00591532
0.00715165
0.00810896
0.00779741
0.00760215
0.00713734
0.00690334
0.00686475
0.00748907
0.00896972
0.00788926
0.0105902
0.00944776
0.0103823
0.0111776
0.0122464
0.0154475
0.0140714
0.00511216
0.00417832
0.00180768
0.00581366
0.00176843
0.00426432
0.00511417
0.00569666
0.00611773
0.00581614
0.00462729
0.00526815
0.00524729
0.00522632
0.00516274
0.00518445
0.00236301
0.0023045
0.00224757
0.00242208
0.00752174
0.00772451
0.00802541
0.0084955
0.0091287
0.00732447
0.00677088
0.0104288
0.00893459
0.00982856
0.011578
0.0121296
0.0109452
0.0116125
0.0104232
0.00959426
0.00929528
0.00787685
0.00892291
0.0091099
0.00784792
0.00659372
0.0105507
0.0115641
0.00993366
0.0122432
0.0117115
0.0119182
0.00727127
0.00785877
0.00738515
0.00869093
0.00656031
0.00650776
0.00673209
0.00662831
0.0058938
0.00564432
0.00666899
0.00310985
0.00317131
0.00437328
0.00459439
0.00468363
0.0047301
0.00477974
0.00463878
0.00483492
0.00489782
0.00570856
0.00541722
0.00503725
0.00539241
0.00536702
0.00292183
0.00298475
0.00285875
0.00279685
0.00508716
0.00304783
0.00604362
0.00607065
0.00605363
0.0060875
0.00570175
0.00570214
0.00570303
0.0053211
0.0160786
0.0150473
0.00672937
0.00802798
0.00814139
0.00781908
0.00734312
0.00684072
0.0071598
0.00757627
0.00955232
0.00850828
0.0113143
0.0104516
0.0110105
0.0115871
0.0162108
0.0159165
0.0139759
0.00513861
0.00424023
0.00174515
0.00180208
0.00430065
0.00513728
0.00569805
0.00610251
0.00520554
0.0021909
0.00457818
0.00452915
0.00447937
0.00433438
0.00437947
0.0071369
0.00742359
0.0078865
0.00855711
0.00917675
0.00692211
0.00619844
0.0103927
0.0110088
0.00698542
0.0114099
0.0118383
0.012654
0.013006
0.0121394
0.0105778
0.00834641
0.00760231
0.00905134
0.00782042
0.0067156
0.0114345
0.0116052
0.0120106
0.00950072
0.0123272
0.0122747
0.0124199
0.00735056
0.00736521
0.00809957
0.00780805
0.00903354
0.00670156
0.00671775
0.00497115
0.00668461
0.00544654
0.00534338
0.00498713
0.00267487
0.00493555
0.00488493
0.00273536
0.00570089
0.00570141
0.0057003
0.00525699
0.00527823
0.00529962
0.00478689
0.0149498
0.00758534
0.00811405
0.00771403
0.00758744
0.00736527
0.00717177
0.00741353
0.00746519
0.00837085
0.00932955
0.0104445
0.0117713
0.0119977
0.0114967
0.0145555
0.0163609
0.0162193
0.0140065
0.00427681
0.00177829
0.00184339
0.00435787
0.00515812
0.00569946
0.00443054
0.002136
0.00208146
0.00202781
0.00187034
0.00192197
0.00697654
0.00739589
0.00762657
0.0075601
0.00731056
0.00655982
0.00664118
0.010941
0.00595234
0.00562387
0.0120986
0.0120848
0.0133733
0.012143
0.00848877
0.00785329
0.00882836
0.00912465
0.00888302
0.0118857
0.0122872
0.0124442
0.0126411
0.0106865
0.0127669
0.0130062
0.0134081
0.00762531
0.00756941
0.00873842
0.00828396
0.0102377
0.00516225
0.00505792
0.00528925
0.00483551
0.00261485
0.00255471
0.00249516
0.00521687
0.00523651
0.00519747
0.00464277
0.00469081
0.00473846
0.00237865
0.00818635
0.00800447
0.00786728
0.00785036
0.00780738
0.00746619
0.00784011
0.00807
0.00907528
0.0103391
0.0116118
0.0142515
0.0124935
0.00854009
0.0141739
0.0164227
0.0163992
0.00181963
0.00189393
0.00440233
0.00517807
0.00197455
0.0062929
0.00526801
0.00515955
0.0121889
0.0137072
0.0082651
0.00811157
0.00796109
0.00884034
0.00903357
0.012657
0.0129456
0.0136654
0.0139705
0.0110601
0.0140965
0.0139554
0.00813012
0.00773902
0.00786172
0.00967736
0.0092455
0.0109957
0.00243634
0.00454797
0.00459542
0.00450004
0.0022106
0.00226602
0.00232154
0.00791246
0.00790619
0.00783848
0.00799201
0.00795437
0.00808747
0.00817059
0.00876383
0.0089593
0.0101672
0.0105839
0.0114865
0.0165355
0.0145553
0.00876448
0.013799
0.0163693
0.00194526
0.00445261
0.00545374
0.0129521
0.00866787
0.00839851
0.00831818
0.00892864
0.0132615
0.0143919
0.0145605
0.0150542
0.012499
0.0135061
0.0144792
0.00869027
0.00834934
0.00824952
0.00972158
0.0106828
0.00990447
0.0123248
0.0021029
0.00215665
0.00205003
0.00808108
0.00828505
0.00855822
0.00841234
0.00847487
0.00924758
0.00979116
0.0110776
0.0120079
0.0125962
0.0162324
0.0166146
0.0148378
0.00892312
0.013413
0.00199739
0.00626207
0.00873919
0.00846059
0.0086176
0.00847381
0.0148345
0.0154929
0.0147599
0.0149698
0.00706881
0.0136359
0.00953203
0.0087846
0.00843243
0.00855679
0.0108535
0.011437
0.0110233
0.0132085
0.00842983
0.0085226
0.00901993
0.0086763
0.00885775
0.00982008
0.0106896
0.0125111
0.0112509
0.0129317
0.0130013
0.0159944
0.0165823
0.0150755
0.00903314
0.00866776
0.00873091
0.00872349
0.015904
0.0151544
0.0151187
0.0134684
0.0131999
0.00779326
0.0101674
0.00953664
0.00895671
0.00890307
0.0114412
0.0126111
0.0119038
0.00867391
0.00954782
0.00901009
0.00902719
0.00935934
0.0104486
0.0111772
0.0135676
0.0128024
0.012546
0.00909033
0.0156296
0.016385
0.0150825
0.00897746
0.0152124
0.0162195
0.0154394
0.0129079
0.00832645
0.00871209
0.0102325
0.0115851
0.00949675
0.00933176
0.00911731
0.00905261
0.0128155
0.0134238
0.0133369
0.0122496
0.0103048
0.00917471
0.00940479
0.00960548
0.0107355
0.0120716
0.0128314
0.00908756
0.0119859
0.0151139
0.0159383
0.0148814
0.0125974
0.0152187
0.0163962
0.0156613
0.00899909
0.0109416
0.0118326
0.0101574
0.00958217
0.00932094
0.00927833
0.0136979
0.014316
0.0136619
0.0109059
0.00954964
0.00975044
0.0101666
0.0117534
0.0125353
0.0137437
0.00901508
0.0112774
0.0143954
0.0152597
0.0144485
0.00920675
0.0122547
0.0151104
0.0163905
0.0156946
0.0112292
0.0129055
0.0099394
0.0107486
0.00955728
0.00941472
0.00959378
0.014222
0.0105911
0.0117047
0.00980807
0.0101525
0.0101506
0.0103884
0.0120806
0.0123559
0.0134717
0.00884542
0.0104069
0.013375
0.014148
0.0138579
0.0131066
0.00934021
0.0118303
0.0148542
0.0161625
0.0154722
0.0123747
0.0139251
0.0130645
0.0102783
0.011163
0.00986142
0.00974161
0.0107784
0.0115815
0.0100722
0.0101935
0.012672
0.0129892
0.00854592
0.00932163
0.0115806
0.0118037
0.0135284
0.0134097
0.00964175
0.00939554
0.0112767
0.0144029
0.0156533
0.0150075
0.0125421
0.0144474
0.0139503
0.0101353
0.0107692
0.0119622
0.0101154
0.00994874
0.010631
0.0116348
0.00914401
0.0126409
0.00806944
0.00785404
0.00882886
0.00804178
0.0126409
0.01079
0.00529889
0.00935039
0.0105769
0.0136202
0.0147222
0.0139563
0.0131764
0.0137539
0.010456
0.011002
0.0117091
0.00757061
0.00775696
0.0100399
0.00731901
0.00728574
0.00617763
0.00568733
0.00465938
0.00947259
0.00631564
0.00672741
0.00917222
0.00967268
0.0121332
0.0126768
0.0110886
0.0139399
0.0131695
0.0107104
0.0105305
0.0112347
0.0105954
0.0115769
0.00673157
0.00664029
0.00687163
0.00748044
0.00650787
0.00589644
0.0039996
0.00340069
0.00558964
0.0051905
0.0072968
0.0088162
0.00841713
0.00966857
0.00914193
0.0115486
0.0133504
0.0119145
0.0102164
0.0100263
0.00979476
0.00917279
0.00592733
0.0053497
0.00679739
0.00537473
0.00286354
0.00241127
0.00419487
0.0056932
0.00965509
0.00814207
0.00694716
0.00667381
0.0123702
0.0111087
0.00963636
0.00935707
0.00908153
0.00653346
0.00565497
0.00510245
0.00731899
0.000705638
0.00299419
0.00980661
0.00686491
0.00482002
0.00849149
0.00789664
0.00740751
0.00674231
0.0004094
0.00344345
0.00709792
)
;

boundaryField
{
    flap
    {
        type            fixedValue;
        value           uniform 0;
    }
    freestream
    {
        type            fixedValue;
        value           uniform 3.75e-05;
    }
    main
    {
        type            fixedValue;
        value           nonuniform List<scalar> 0();
    }
    BaseAndTop
    {
        type            empty;
    }
    procBoundary1to0
    {
        type            processor;
        value           nonuniform List<scalar> 
150
(
0.000164063
0.00015888
0.000153242
0.000164063
0.000196736
0.000185127
0.000150781
0.000214361
0.000144583
0.000243865
0.000143051
0.00037538
0.000140124
0.000138234
0.000169114
0.000158246
0.000169114
0.000158246
0.000144206
0.00015398
0.000140203
0.000137107
0.000204914
0.000198084
0.000140439
0.000136961
0.000267112
0.000141043
0.0001385
0.000136687
0.000401428
0.000136789
0.000135616
0.000135616
0.000136089
0.000135531
0.000136089
0.000136286
0.000135108
0.000136048
0.000135364
0.000136098
0.000134134
0.000136295
0.000134232
0.000136994
0.000134445
0.000136913
0.000134342
0.000137133
0.000134596
0.000134573
0.000137369
0.000134913
0.000137799
0.000135549
0.000138622
0.000135549
0.000136365
0.000140874
0.000136365
0.000143123
0.000138651
0.000144307
0.000140941
0.000146359
0.000142323
0.000149045
0.000144642
0.000152566
0.000146176
0.000156218
0.000159867
0.000149917
0.000163391
0.000153652
0.000153652
0.00016515
0.000157389
0.000168927
0.000157389
0.000168927
0.000161263
0.000161263
0.000172583
0.000165299
0.000174129
0.000167578
0.000175718
0.000172085
0.000175718
0.000175303
0.000174336
0.000174378
0.000174758
0.000174228
0.000171335
0.000130553
0.000174425
5.92592e-05
0.000165366
0.0024459
0.0024459
0.000175236
7.31842e-05
0.00655976
0.000175236
0.00231304
0.00231304
0.00603199
0.00685088
0.00699793
0.0065476
0.00792254
0.00672601
0.00827364
0.00795601
0.00892027
0.00795364
0.00794638
0.00802934
0.0082125
0.00888061
0.00881544
0.00878192
0.008415
0.00861127
0.00861127
0.0087756
0.00887547
0.00890318
0.00927037
0.00917883
0.00946834
0.00950585
0.00960758
0.0099055
0.00997492
0.00960758
0.00998466
0.00998466
0.0104031
0.00916361
0.0104031
0.00696175
0.010424
0.0101439
0.00525725
0.00848533
0.00677575
)
;
    }
}


// ************************************************************************* //
