/*--------------------------------*- C++ -*----------------------------------*\
| =========                 |                                                 |
| \\      /  F ield         | OpenFOAM: The Open Source CFD Toolbox           |
|  \\    /   O peration     | Version:  v2012                                 |
|   \\  /    A nd           | Website:  www.openfoam.com                      |
|    \\/     M anipulation  |                                                 |
\*---------------------------------------------------------------------------*/
FoamFile
{
    version     2.0;
    format      ascii;
    class       volScalarField;
    location    "0";
    object      nut;
}
// * * * * * * * * * * * * * * * * * * * * * * * * * * * * * * * * * * * * * //

dimensions      [0 2 -1 0 0 0 0];


internalField   nonuniform List<scalar> 
6319
(
0.000223982
0.000232614
0.000205993
0.000227953
0.000229473
0.000181587
0.000208055
0.000233105
0.000228578
0.000171478
0.000199677
0.000228862
0.000229915
0.000226857
0.000181869
0.000175733
0.000211166
0.000174135
0.000232978
0.000228078
0.000227607
0.000195459
0.000188806
0.000199452
0.000173383
0.000230258
0.000230101
0.00022893
0.000227936
0.000225198
0.000192991
0.00017572
0.000209844
0.00018037
0.000234344
0.000230445
0.000228508
0.0002286
0.00022779
0.000231247
0.00021374
0.000172553
0.000201896
0.000188288
0.000232214
0.000233033
0.000229169
0.000229243
0.000229411
0.000228752
0.000228165
0.000233815
0.000210429
0.000174966
0.000184632
0.000224446
0.000177296
0.000232379
0.000235671
0.000229971
0.000230213
0.00022993
0.00022915
0.000228519
0.000239185
0.000232253
0.00023354
0.000219564
0.000179876
0.000201092
0.000219557
0.000177406
0.000230113
0.000232744
0.000230893
0.000230702
0.000230186
0.000229445
0.000229265
0.000236648
0.000225101
0.000225068
0.000242203
0.000203217
0.00018386
0.000206867
0.000156207
0.000231194
0.000234448
0.00023137
0.000231015
0.000230009
0.000230872
0.000229817
0.000226011
0.000226353
0.00022645
0.000240241
0.000241776
0.00023367
0.000203345
0.000166835
0.000231859
0.000231693
0.000235153
0.000231561
0.000230541
0.000231451
0.000230592
0.000227551
0.00022883
0.000229129
0.000228469
0.000237809
0.000218154
0.000236769
0.000175196
0.000160072
0.000232325
0.00023233
0.000232949
0.000232054
0.000231203
0.000232091
0.000231365
0.000229528
0.000228957
0.000228389
0.000229432
0.0002293
0.000230563
0.000233912
0.000227475
0.000178559
0.000162884
0.000232755
0.000232891
0.000234797
0.000232553
0.000231685
0.000232462
0.00023251
0.00023202
0.000230116
0.00022924
0.000229026
0.000229737
0.000230178
0.000231282
0.000216368
0.000232507
0.000207089
0.000240811
0.0001525
0.000233022
0.000233192
0.00023356
0.000232316
0.000233357
0.000232481
0.00023318
0.000233172
0.000232675
0.000230531
0.000229369
0.000229419
0.000230327
0.00023085
0.000231288
0.000231775
0.000225527
0.000232288
0.000198032
0.000240133
0.000156005
0.000233738
0.000233873
0.000234234
0.000233196
0.000233978
0.000233291
0.000233751
0.000233771
0.000231307
0.00023347
0.000230798
0.000231091
0.000230003
0.000230117
0.000230492
0.000231852
0.000232029
0.000216275
0.000234223
0.000262914
0.00014787
0.000230242
0.000173939
0.00023388
0.000234218
0.000234328
0.000234815
0.000234131
0.000234793
0.000234027
0.00023429
0.000234455
0.000232398
0.000233919
0.00023148
0.000231754
0.00023058
0.000231214
0.000232474
0.000232634
0.00024516
0.000235685
0.000232522
0.000242005
0.000152853
0.000233532
0.000166943
0.000234513
0.000234773
0.000234691
0.0002346
0.000235291
0.000235192
0.000233741
0.000235309
0.000234362
0.000235063
0.000235491
0.000231493
0.000231992
0.000232385
0.000231167
0.000230344
0.000231843
0.000233211
0.000232655
0.000233474
0.000237106
0.000232599
0.000233038
0.000256049
0.00021312
0.000123418
0.000235382
0.000239082
0.000234853
0.000235336
0.000235134
0.00023505
0.000235896
0.000235928
0.000234235
0.00023629
0.000234808
0.00023606
0.000235765
0.000232892
0.000232862
0.000233089
0.000231692
0.000231174
0.000232486
0.000233775
0.000233618
0.000233957
0.000231758
0.000233588
0.000233747
0.000253992
0.000199985
0.000130666
0.000238112
0.00019557
0.000235313
0.000235837
0.000235532
0.000235282
0.000235218
0.000236449
0.000236553
0.000233887
0.000236647
0.000237121
0.000237126
0.000236366
0.000232451
0.00023352
0.000233849
0.000232229
0.000231021
0.000233122
0.000234166
0.000234419
0.00023443
0.000233993
0.000234691
0.000234152
0.000249568
0.000166708
0.000119306
0.000267781
0.000235636
0.000236493
0.000235998
0.000235728
0.000235525
0.000237096
0.000237263
0.000235349
0.000237481
0.000238299
0.000238403
0.000234962
0.000237398
0.000229465
0.000234276
0.000234736
0.000232595
0.000231899
0.000233349
0.00023504
0.000234971
0.000234587
0.000234754
0.000237547
0.000234792
0.000234507
0.000250633
0.000159265
0.000123611
0.000214758
0.000236168
0.000236937
0.000236334
0.000236077
0.000235891
0.000237711
0.000238053
0.00023551
0.000235451
0.000237832
0.000240108
0.000239469
0.000233981
0.000237125
0.000231171
0.00023486
0.000234098
0.000235511
0.000233201
0.000231748
0.000235381
0.000235733
0.000235519
0.000235163
0.000235189
0.000235825
0.000235298
0.000234801
0.000256703
0.000172515
0.000125357
0.000252622
0.000236675
0.000237468
0.000236757
0.000236274
0.000236339
0.000236152
0.000236397
0.00023831
0.000238754
0.000243308
0.000234878
0.000238866
0.000241184
0.000239781
0.000234932
0.000237905
0.000229886
0.000235666
0.000234673
0.000236294
0.000233717
0.000232634
0.000236123
0.000236703
0.000235668
0.000236152
0.000235517
0.000235528
0.000236567
0.00023833
0.000234583
0.000235383
0.000226243
0.000137577
0.000119607
0.000210382
0.000237115
0.000237752
0.000237102
0.000236913
0.000236698
0.000236708
0.000236435
0.000236301
0.000238813
0.000238594
0.000239392
0.000233884
0.000272372
0.000239815
0.000242876
0.000240535
0.000240338
0.000233655
0.00023665
0.000231655
0.000235971
0.000235495
0.000234294
0.000237035
0.00023221
0.000236925
0.000237308
0.00023623
0.000236787
0.00023589
0.000235942
0.000236854
0.000237327
0.000235162
0.000235569
0.000154504
0.000124211
0.000242251
0.000237239
0.000238209
0.000237564
0.000237253
0.000236866
0.000236909
0.000236759
0.000236467
0.000239474
0.000239087
0.000240317
0.000241169
0.000237084
0.000240703
0.000241922
0.000243669
0.000242337
0.000237856
0.000234638
0.000231359
0.000237076
0.00023604
0.00023447
0.000237632
0.000229544
0.000237683
0.000238183
0.000236268
0.000236636
0.000237576
0.0002368
0.000236279
0.00023702
0.000239056
0.000235299
0.000235932
0.000141038
0.00011702
0.00019805
0.000237928
0.000238315
0.000237475
0.000237951
0.000237396
0.000237222
0.000237224
0.000236977
0.000236782
0.000239571
0.000240075
0.00023894
0.000241145
0.000240429
0.000272342
0.000235389
0.00016122
0.000242454
0.000244897
0.000242907
0.000238168
0.000233383
0.000237757
0.000237594
0.000234524
0.000236275
0.000238481
0.000230904
0.000238437
0.000238694
0.00023665
0.000237094
0.000238199
0.000237513
0.000236156
0.000236666
0.000235293
0.000238697
0.000239989
0.000236026
0.000121448
0.000210909
0.000238167
0.000237824
0.000238205
0.000237699
0.000237354
0.000237394
0.000236974
0.000237317
0.000236826
0.000240077
0.000240641
0.000239335
0.000262417
0.000238171
0.000140987
0.000241694
0.000237011
0.000240109
0.000234448
0.000238831
0.000237722
0.000232477
0.000234151
0.000239388
0.000229906
0.00023912
0.000239535
0.000237023
0.000237562
0.000237955
0.000239087
0.000237768
0.000236571
0.000236962
0.00023594
0.000237955
0.000247689
0.000236264
0.00011159
0.000139498
0.000367954
0.000238629
0.00023813
0.000238553
0.000238323
0.000237872
0.000237658
0.000237703
0.00023725
0.000237554
0.000236822
0.000240007
0.000239152
0.000265077
0.00024705
0.000236909
0.000153193
0.00023624
0.000238828
0.000240159
0.00023976
0.000238707
0.000234722
0.000232698
0.000240143
0.000231556
0.000239915
0.000237359
0.000237927
0.00023871
0.000239563
0.000238379
0.000236592
0.000237302
0.000236287
0.000236213
0.000236735
0.000219351
0.000113445
0.000143549
0.000305255
0.000238308
0.000238881
0.000238693
0.000238171
0.000237958
0.000237451
0.000237818
0.000237595
0.000239656
0.000222922
0.000250289
0.000237323
0.000107288
0.000237593
0.000240661
0.000240855
0.000238945
0.000234325
0.000241139
0.00023214
0.00024071
0.000237737
0.000238415
0.000238827
0.000240263
0.00023863
0.000236877
0.000237585
0.000236612
0.000236594
0.000237155
0.000231154
0.000332843
0.000108769
0.00023865
0.000239235
0.000238864
0.000238341
0.000238209
0.000237992
0.000237577
0.000237984
0.000237837
0.000239544
0.000186138
0.000249719
0.000236791
0.000109867
0.000240114
0.000241914
0.000235944
0.000234048
0.000241576
0.000241893
0.000233965
0.000240827
0.000237986
0.000238715
0.000239602
0.000240462
0.000239194
0.000237146
0.000237622
0.000236715
0.000236725
0.000236721
0.000237025
0.000233005
0.000277421
0.000111595
0.000238772
0.000239448
0.000239224
0.000238613
0.00023842
0.000238281
0.00023794
0.000238211
0.00023792
0.00011342
0.000175484
0.000270683
0.000231821
0.000238785
0.000240068
0.000242924
0.000235209
0.000235537
0.000242533
0.000243172
0.000235803
0.000241642
0.000238319
0.000238643
0.000239139
0.000239658
0.000241317
0.000239397
0.000237422
0.000237163
0.000238015
0.000237
0.000237026
0.000236979
0.00023698
0.000234626
0.000259998
0.00012215
0.000101037
0.000239032
0.00023937
0.000238693
0.000238468
0.000238379
0.000238232
0.000238363
0.000238165
0.00025932
0.000108264
0.000262771
0.000235923
0.000238033
0.000236688
0.000240641
0.000242677
0.000244207
0.000238209
0.000237476
0.000238313
0.000238984
0.000239357
0.000237646
0.000237435
0.00023797
0.000237147
0.00023722
0.000236828
0.000237355
0.00023651
0.000329603
0.000112648
0.000239259
0.000238915
0.000238752
0.00023861
0.000238451
0.000238566
0.000238279
0.000197509
0.000104092
0.00023676
0.000269972
0.000238226
0.000236079
0.000238334
0.000239665
0.000238598
0.000238908
0.000239713
0.000237602
0.000237541
0.000238201
0.000237381
0.000237369
0.000237181
0.000237525
0.000245116
0.000253235
9.10783e-05
0.00023945
0.000239077
0.000238968
0.000238723
0.000238713
0.000238604
0.000238466
0.000238346
0.000134625
0.000238237
0.000256297
0.000240268
0.000242931
0.000238527
0.000239147
0.00023983
0.000237855
0.000237543
0.000237777
0.000238056
0.000237435
0.000237548
0.000237862
0.000237764
0.000246091
0.000212839
9.51907e-05
0.000239345
0.000239073
0.000239166
0.000238914
0.000238873
0.000238806
0.000238628
0.000238556
0.000114369
0.000237689
0.000235218
0.000273412
0.000244315
0.000238758
0.000239378
0.000239675
0.000237906
0.000237735
0.00023787
0.000238272
0.00023765
0.000237699
0.00023854
0.000237939
0.000246158
0.000162721
9.29997e-05
0.000239522
0.000239362
0.000239378
0.00023909
0.000239005
0.000238945
0.000238819
0.000238776
0.0002388
0.000113789
0.000239535
0.000239656
0.000240276
0.000264931
0.000247978
0.000238722
0.000239265
0.000238136
0.000237808
0.000238059
0.000238511
0.000237778
0.000237853
0.000238811
0.000238006
0.000242443
0.000187536
8.92786e-05
0.000239468
0.000239508
0.000239238
0.00023917
0.000239005
0.000239062
0.000239007
0.000238926
0.000239078
0.000138886
0.000239551
0.000246149
0.000244668
0.000239037
0.000238236
0.000238034
0.000238629
0.00023796
0.000237957
0.00023827
0.000240439
0.000238054
0.000235517
0.000137363
9.20906e-05
0.000239728
0.000239553
0.000239426
0.000239279
0.00023918
0.00023921
0.000239116
0.000239083
0.000239316
0.000103979
0.00024028
0.00024385
0.00020997
0.00023908
0.00023845
0.00023819
0.000238884
0.000238583
0.00023812
0.000238142
0.000238619
0.000241069
0.00023825
0.000215767
0.000157036
8.77931e-05
0.000239762
0.000239478
0.000239414
0.000239365
0.000239323
0.000239259
0.000239423
0.000239426
0.000118826
0.00024529
0.000246726
0.000238541
0.000238383
0.000238957
0.000238795
0.000238236
0.000238243
0.000238524
0.00023912
0.000242694
0.000240074
0.000129303
8.97971e-05
0.000239889
0.000239766
0.00023965
0.000239514
0.000239448
0.000239505
0.000239386
0.000240554
0.000239694
0.000101952
0.000243674
0.000246874
0.000222269
0.000238492
0.000238723
0.00023846
0.000239155
0.000238867
0.000238389
0.000238393
0.0002387
0.00024022
0.000241378
0.000222898
0.000196842
8.90543e-05
0.000239913
0.000239668
0.000239632
0.000239666
0.000239588
0.000240114
0.000239731
0.000163783
8.37041e-05
0.000245856
0.000246574
0.000244797
0.000238644
0.000238614
0.000239243
0.000239072
0.00023848
0.000238525
0.000238981
0.000245461
0.000238313
0.000232176
0.000124681
0.00023997
0.000239794
0.000239766
0.000239723
0.000239804
0.000239733
0.000240638
0.00023998
0.000117584
8.51414e-05
0.000245609
0.000249465
0.000238777
0.000238653
0.000238709
0.000239075
0.000238614
0.000238774
0.000239081
0.000244513
0.000239761
0.000233356
0.000114687
0.000239911
0.000239833
0.000239954
0.000239908
0.000239928
0.00023995
0.000240474
0.000241207
0.000571882
8.70099e-05
8.59154e-05
0.000249308
0.000226993
0.000238952
0.000238783
0.000238828
0.000239247
0.00023872
0.000239002
0.000238776
0.000239465
0.000247684
0.00024017
0.000226804
0.000871571
0.00024002
0.000239979
0.000239955
0.000240229
0.000239997
0.000240067
0.000240294
0.000240802
0.000242337
0.00018448
8.64243e-05
8.72455e-05
0.00024304
0.000256721
0.000227302
0.000239017
0.000238866
0.000238953
0.000239238
0.000238849
0.000239224
0.000238967
0.000239799
0.00024536
0.000240837
0.000228332
0.000489709
0.000240144
0.000240092
0.000240168
0.000240404
0.000240466
0.000240145
0.000240184
0.000241701
0.000338863
0.000105378
7.86249e-05
0.000138428
0.000246492
0.000250622
0.000231044
0.000239161
0.000239003
0.000239038
0.00023935
0.000238983
0.000239591
0.000239157
0.000240591
0.000242178
0.000248345
0.000240886
0.00188928
0.000240256
0.000240237
0.000240308
0.000240644
0.000241072
0.000240275
0.000240344
0.000242119
0.000185518
9.92758e-05
8.03156e-05
0.000111298
0.000246339
0.0002511
0.000234761
0.000239214
0.000239118
0.000239175
0.000239416
0.000239115
0.000239871
0.000239375
0.000241438
0.000244178
0.000246376
0.000241146
0.000332652
0.000240328
0.00024062
0.000241042
0.000241527
0.000240436
0.000240415
0.0002436
0.000481023
8.81884e-05
7.91266e-05
8.82039e-05
0.000248856
0.000245312
0.000248952
0.000240973
0.000239357
0.000239268
0.000239294
0.000239249
0.000240445
0.000239635
0.000239358
0.000241359
0.000243568
0.000248003
0.000248698
0.000242242
0.000486383
0.00024048
0.000240949
0.000241455
0.00024273
0.000240647
0.000240592
0.000243878
0.000164866
9.24005e-05
7.89962e-05
8.93924e-05
0.000248795
0.00024731
0.000248526
0.000232411
0.000239442
0.000239408
0.00023943
0.000239407
0.000240792
0.000239849
0.00023963
0.000242918
0.00024531
0.000247259
0.000245742
0.00025658
0.000169292
0.000240616
0.000241027
0.000242153
0.000243538
0.000240884
0.000240789
0.000245937
0.000230936
8.05728e-05
7.92145e-05
0.000249621
0.000247306
0.000247056
0.000220324
0.000241333
0.00023958
0.000239609
0.000239564
0.000239677
0.000240226
0.000241751
0.00024329
0.000245048
0.000248571
0.000239209
0.000250148
0.00026193
0.000204675
0.000240764
0.000241533
0.00024266
0.000243013
0.000245726
0.000241466
0.000241062
0.000246569
0.000173873
8.07764e-05
8.02439e-05
0.000249382
0.000249124
0.000248814
0.000243871
0.000234575
0.000239672
0.000239659
0.000239851
0.000239701
0.000239884
0.000240519
0.000242116
0.00024541
0.000247491
0.000248056
0.000239228
0.000248941
0.000257318
0.000123711
0.000240984
0.000242389
0.000244342
0.000244421
0.000246391
0.000241834
0.000241582
0.000248288
8.5862e-05
0.000340377
8.11581e-05
8.08217e-05
0.000249511
0.000247839
0.000248783
0.000215102
0.000240152
0.000239906
0.000240149
0.000239872
0.000240233
0.000241233
0.000243246
0.000245916
0.000247497
0.000245648
0.000219231
0.000248707
0.000312649
0.000183397
0.000241243
0.000243406
0.000245275
0.000248037
0.000242552
0.000241916
0.000249013
8.36265e-05
0.000154371
8.04959e-05
7.95073e-05
0.000249155
0.000245206
0.000249282
0.000216511
0.000234123
0.000240188
0.00024
0.000240467
0.000240608
0.000241777
0.000244897
0.000243111
0.000247923
0.000249137
0.000239571
0.000233008
0.000248259
0.000264737
8.32981e-05
0.000241598
0.00024349
0.000244741
0.00024741
0.000247932
0.000248769
0.00024341
0.000242548
0.000248987
7.86432e-05
0.000166271
8.07996e-05
0.000248652
0.000243262
0.000192448
0.000227589
0.000236764
0.000240501
0.000240281
0.000241034
0.000241398
0.000246644
0.000244155
0.000248758
0.000248135
0.000249534
0.000241105
0.000227563
0.000244827
0.00019638
8.78635e-05
0.000241993
0.000244911
0.000246404
0.000247785
0.000248572
0.000248899
0.000244891
0.000243375
0.000242731
0.000249044
7.98872e-05
0.000116824
8.16678e-05
0.000246638
0.000248377
0.000243859
0.000185336
0.000222814
0.000231518
0.000241162
0.000240485
0.000240419
0.000241766
0.000241409
0.000240301
0.000246467
0.000243987
0.000249601
0.000249397
0.000248827
0.000234134
0.000224899
0.000242049
0.000205005
7.67636e-05
0.000246086
0.000246569
0.000248354
0.000248457
0.00024886
0.000246132
0.000244544
0.000243167
0.000248341
8.19866e-05
7.82032e-05
0.00017289
0.000244103
0.000245077
0.000238945
0.000190817
0.00021428
0.000232381
0.000241529
0.00024089
0.000240846
0.000242632
0.000242687
0.000248004
0.000245212
0.000249185
0.00024912
0.000246842
0.000233315
0.000212302
0.000242964
0.000166405
8.13313e-05
0.000247367
0.00024794
0.000248252
0.00019479
0.000188314
0.000247585
0.000245944
0.000247167
0.000244676
0.000244133
0.000214152
8.22387e-05
7.83239e-05
0.000122413
0.000239167
0.000242723
0.000179558
0.000215518
0.000225538
0.00024211
0.000241115
0.000241005
0.000243776
0.000249047
0.000247712
0.000247151
0.000244988
0.000248008
0.000248462
0.00024558
0.00022729
0.000209308
0.000237914
0.000200741
7.58893e-05
0.000248033
0.000218236
0.000178237
0.000215549
0.000209955
0.000218227
0.000241034
0.000208016
0.000245994
0.000245037
0.000220748
8.31268e-05
8.15357e-05
7.1438e-05
0.000175516
0.000235235
0.000236439
0.000183126
0.000204398
0.000226586
0.000243138
0.000241943
0.000244148
0.000248988
0.000248708
0.00024792
0.000247038
0.000246855
0.000247226
0.00024153
0.000230342
0.000212598
0.000237706
0.00016986
2.11955e-05
0.000224232
0.000165082
0.00020376
0.000173947
0.000192043
0.000199274
0.00024699
0.000211772
0.000201583
0.000246208
0.000196183
8.27532e-05
8.20017e-05
7.61629e-05
0.00013754
0.000185029
0.000171923
0.000202061
0.000178333
0.000244304
0.000242468
0.000242262
0.00024607
0.000247879
0.00024856
0.000248491
0.000247422
0.00023637
0.000204962
0.000235408
0.00022517
0.000202864
0.000230932
0.000187866
7.02692e-05
0.000199517
0.000169022
0.000184375
0.00017174
0.000186377
0.000159452
0.000148612
0.000184616
0.000225269
0.000184299
0.000201141
0.000202155
0.000176671
8.42291e-05
8.02898e-05
5.9351e-05
0.000161278
0.000159294
0.000177994
0.000176377
0.000175948
0.000243867
0.000245877
0.000243357
0.000247057
0.000246357
0.00022517
0.000213612
0.000248219
0.000248048
0.000231179
0.000182655
0.00021769
0.000201391
0.000204
0.00022534
0.000177108
7.14082e-05
0.000161716
0.000187547
0.000130188
0.000142675
0.000151844
0.000157503
0.000133146
0.000133272
0.000164479
0.000173558
0.00021785
0.000167746
0.000186096
0.000179077
8.39376e-05
8.15318e-05
7.21821e-05
0.000133604
0.000153523
0.000152856
0.000153618
0.000181455
0.000244727
0.000246768
0.000244299
0.000247778
0.000247362
0.000186818
0.000192614
0.000192551
0.000220372
0.000211197
0.000178395
0.000195267
0.000213049
0.000183597
0.000186436
0.00018838
3.6249e-05
0.00016586
7.08219e-05
0.000160507
0.000152611
0.000137238
0.000132933
0.000121544
0.000144744
0.000151692
0.000131277
0.000128146
0.000127769
0.000169121
0.000152847
0.000161552
0.000163842
0.000149719
8.72135e-05
7.61207e-05
6.93981e-05
0.000138958
0.00013705
0.000149001
0.000142567
0.00015022
0.000245874
0.000239644
0.000215213
0.000245577
0.000247642
0.000244236
0.000168196
0.000180283
0.000169807
0.000201015
0.00019094
0.00016172
0.000168604
0.000147606
0.000163047
0.000170016
0.000163502
9.34327e-05
0.000148915
7.3415e-05
0.000168355
0.000126225
0.000128356
0.000136822
0.000152813
0.000138778
0.000135791
0.000130648
0.000125809
0.000109772
0.000132317
0.000157462
0.000177916
0.000185825
0.000149936
0.000157909
0.000152598
0.000127178
8.66716e-05
8.06398e-05
6.75528e-05
5.14478e-05
0.000141734
0.000147371
0.000116761
0.000115019
0.00024617
0.00023312
0.00018653
0.000192715
0.000203936
0.000139969
0.000168942
0.000161739
0.000189663
0.000179422
0.000147465
0.000148298
0.000151052
0.000149015
0.000154354
0.00013891
0.000141589
5.94149e-05
0.000145761
7.74538e-05
0.000115569
0.000141624
0.000118331
0.000130085
0.000125561
0.000130698
0.000111379
0.000128321
0.000110128
0.000132201
0.000140953
0.000156002
0.000134745
0.000135454
0.000127262
0.00013615
9.0609e-05
7.17067e-05
6.41173e-05
0.000126608
0.000114084
0.000123876
0.000112531
0.000235237
0.00023042
0.000200661
0.000165979
0.000183788
0.00014823
0.000151076
0.000155852
0.000176105
0.00017165
0.000144665
0.000143732
0.000127396
0.000155932
0.000127348
6.99505e-05
0.000135628
7.97268e-05
0.000120229
0.000109748
0.000104939
0.000103532
0.00011049
0.000108218
0.000111385
0.000108178
0.000120101
0.000102209
0.000113066
9.84319e-05
0.000103972
0.000148438
0.000127282
0.000141068
0.000128736
0.000128485
0.000136446
8.90424e-05
7.85909e-05
0.000143798
2.03702e-05
0.000110628
9.8743e-05
0.000104435
0.000118783
0.000187294
0.000190052
0.000165484
0.000194176
0.00018023
0.000159254
0.000139411
0.000126545
0.000127099
0.000131351
0.000151143
0.000167773
0.00013421
0.000120842
0.000116993
0.000122296
0.00013262
0.000120646
0.000118066
4.39954e-06
7.39419e-05
0.000132327
0.000100901
0.000103487
0.000103157
0.000110624
9.87867e-05
0.000104974
9.77363e-05
0.00010028
0.000103875
9.6349e-05
9.1916e-05
9.19816e-05
0.00011688
0.000134616
0.000135764
0.000139066
0.000122388
0.000126878
8.92854e-05
7.4362e-05
0.00014134
4.78322e-05
9.82638e-05
0.000108235
0.000106338
0.000107386
0.000117967
0.000178664
0.000172804
0.0001605
0.000169473
0.00015224
0.00011729
0.000107443
0.000133803
0.000124921
0.000133388
0.000145339
0.000130419
0.000118874
0.000108881
0.000123325
0.000111609
0.00010566
0.000113074
5.20853e-05
7.78417e-05
0.000120375
0.000104118
0.000101116
0.000136148
0.000101949
0.000100466
9.48272e-05
9.09526e-05
9.67532e-05
0.000100542
9.19012e-05
9.92012e-05
0.000100657
0.000100155
9.44435e-05
9.79939e-05
0.000136051
0.000137205
0.000120588
0.0001216
0.000134019
0.00011664
0.000125199
8.98396e-05
8.5511e-05
2.21603e-05
5.19614e-05
8.79006e-05
0.000111891
0.00010461
8.46059e-05
0.000111776
0.000171279
0.000154716
0.000147788
0.000145167
0.00013711
0.000103949
0.000120257
0.00011778
0.000116549
0.000118631
0.000117323
0.000133835
0.000139646
9.72631e-05
0.000111673
0.000106764
8.7622e-05
0.000109562
0.000104288
0.000109576
3.77727e-05
4.89815e-05
9.23224e-05
0.000103305
0.000111362
0.000105028
9.69092e-05
9.91234e-05
0.000128398
9.80044e-05
7.91505e-05
9.67833e-05
8.79987e-05
9.64405e-05
8.64594e-05
8.97584e-05
9.16582e-05
9.56179e-05
8.89338e-05
0.000129983
0.000131831
0.000114172
0.000113597
0.000121487
0.000121479
0.000118466
0.000118675
8.62156e-05
2.84337e-05
7.35477e-05
8.10463e-05
9.0422e-05
0.000110158
7.77508e-05
7.30358e-05
0.000158158
0.000153727
0.000130576
0.000151438
0.000138189
9.63268e-05
0.000109978
0.000104864
0.000104619
0.00010743
0.000119152
0.00011781
0.00012582
9.93481e-05
8.70206e-05
9.14389e-05
9.36881e-05
8.6912e-05
8.43664e-05
4.27873e-05
6.50344e-05
9.10212e-05
9.66263e-05
9.49836e-05
0.000110279
0.000102242
9.65038e-05
9.04052e-05
8.58221e-05
8.60094e-05
9.57416e-05
8.99284e-05
0.000107658
8.70461e-05
8.71176e-05
8.11834e-05
9.10416e-05
7.08375e-05
7.76324e-05
0.000125312
0.000120368
0.000107877
0.000127438
0.000111831
0.000108328
9.57177e-05
1.2628e-05
7.94997e-05
8.19231e-05
6.44591e-05
9.45373e-05
8.54193e-05
8.02867e-05
4.94708e-05
0.000143991
0.000136975
0.000129983
0.000122893
0.000137876
0.000123763
0.000101967
9.47713e-05
0.000105087
8.8245e-05
0.000128989
9.69155e-05
0.000120666
0.000116093
0.00012026
9.56454e-05
9.38642e-05
9.76203e-05
8.22495e-05
8.6014e-05
8.74889e-05
9.28634e-05
2.41818e-05
8.43288e-05
4.12894e-05
0.000128453
9.67639e-05
0.000103372
0.0001082
9.2811e-05
8.95557e-05
9.1251e-05
9.047e-05
9.58371e-05
8.99276e-05
8.89334e-05
8.32664e-05
8.15645e-05
7.68593e-05
7.72436e-05
9.21529e-05
8.35961e-05
7.1948e-05
7.31652e-05
7.60545e-05
0.00010486
0.00010466
0.000121187
0.000116755
0.000145141
0.000115323
0.000121293
9.4334e-05
1.56462e-05
9.28204e-05
6.44274e-05
7.73435e-05
8.38356e-05
6.90728e-05
8.3927e-05
5.77822e-05
2.64875e-05
0.000137444
0.000131041
0.000143044
0.00012127
0.000128194
0.000116385
8.58292e-05
9.1231e-05
9.55608e-05
9.07274e-05
0.000103075
8.95459e-05
0.000110147
0.000112256
0.000107789
9.98372e-05
8.91817e-05
8.19728e-05
7.96075e-05
8.46691e-05
7.92584e-05
8.24027e-05
8.09994e-05
1.57973e-05
8.43659e-05
6.00786e-05
6.9422e-05
8.49736e-05
0.000104764
9.44395e-05
9.66102e-05
0.000104492
8.83791e-05
9.79833e-05
8.82081e-05
8.52109e-05
9.71799e-05
8.11523e-05
7.80938e-05
8.75054e-05
7.29022e-05
8.24662e-05
7.7668e-05
7.92773e-05
7.31803e-05
7.20335e-05
8.40794e-05
6.88099e-05
0.00012684
0.00010347
0.000116876
0.000111173
0.000135588
0.000130923
0.000126395
0.000122733
9.41194e-05
3.86795e-06
9.11236e-05
7.87994e-05
6.34478e-05
6.82561e-05
6.68227e-05
7.66976e-05
4.36831e-05
0.000135875
0.00012872
0.000126851
0.000128009
0.000124697
0.000124076
0.000136413
0.000107492
0.000110388
8.38735e-05
9.51319e-05
8.68649e-05
9.38598e-05
8.79255e-05
0.000108482
9.10761e-05
9.49286e-05
0.00010567
0.000104953
7.48596e-05
8.12915e-05
8.06359e-05
7.01016e-05
8.41573e-05
7.30385e-05
8.15498e-05
6.83091e-05
1.70526e-05
6.07574e-05
3.82804e-05
8.89293e-05
0.000108001
9.00241e-05
9.35126e-05
8.70097e-05
9.40216e-05
8.52539e-05
8.99384e-05
8.44194e-05
7.50767e-05
8.05442e-05
8.96982e-05
9.25605e-05
7.96575e-05
7.32756e-05
7.12217e-05
6.59551e-05
6.78117e-05
6.41671e-05
6.59521e-05
7.67295e-05
7.38582e-05
0.000141462
0.000113025
0.000103867
0.00010658
0.000127699
0.000142453
0.000122211
0.000102469
9.13227e-05
1.35577e-05
9.53762e-05
8.18211e-05
7.11727e-05
6.20323e-05
6.55045e-05
7.33762e-05
7.19695e-05
6.6427e-05
6.51249e-05
1.06147e-05
0.000118097
0.00011174
0.000120586
0.000119405
0.000122123
0.000115412
9.84736e-05
0.000111746
8.07866e-05
7.06238e-05
8.48759e-05
9.10535e-05
8.32755e-05
9.66614e-05
8.54997e-05
9.87163e-05
0.000103921
9.99784e-05
0.000101205
7.2704e-05
6.26763e-05
6.66445e-05
6.94403e-05
7.07123e-05
6.94279e-05
6.62029e-05
6.04762e-05
6.39148e-05
3.62034e-05
7.15873e-05
2.20775e-05
8.91844e-05
0.000102268
9.991e-05
9.17437e-05
9.39004e-05
8.82257e-05
9.23286e-05
8.83345e-05
7.72489e-05
7.06118e-05
7.61106e-05
7.64248e-05
7.0826e-05
8.58842e-05
8.32616e-05
8.37709e-05
8.25207e-05
6.15248e-05
6.63556e-05
6.38829e-05
6.21e-05
6.86147e-05
6.46583e-05
6.33888e-05
7.84201e-05
7.83285e-05
0.000146715
0.00011295
0.0001014
9.72502e-05
0.000128464
0.000165996
0.000121133
0.000106057
9.5954e-05
2.7651e-05
9.25586e-05
8.34242e-05
9.142e-05
6.60738e-05
5.92739e-05
6.81779e-05
5.96981e-05
6.10236e-05
3.05694e-05
1.57169e-06
0.00011456
0.000122977
0.000131707
0.00011646
0.000114239
0.000119173
0.000131473
0.000101769
0.000107385
7.6588e-05
7.21269e-05
7.16115e-05
7.70723e-05
8.5843e-05
8.17249e-05
8.50406e-05
9.09392e-05
8.99063e-05
9.52648e-05
0.000102676
9.12548e-05
8.90515e-05
6.81431e-05
6.63367e-05
6.15313e-05
6.57116e-05
6.86793e-05
6.63804e-05
8.48892e-05
6.37117e-05
5.46333e-05
2.57172e-05
5.19737e-05
5.99715e-08
8.08058e-05
0.000100174
9.50615e-05
8.57837e-05
8.49253e-05
7.29396e-05
9.12426e-05
9.08215e-05
8.29953e-05
7.57518e-05
7.49941e-05
7.22694e-05
7.94627e-05
6.97633e-05
7.95006e-05
7.6073e-05
7.12079e-05
8.78169e-05
8.22765e-05
6.49475e-05
6.15756e-05
5.78367e-05
5.94882e-05
8.49332e-05
7.62338e-05
7.0714e-05
6.76135e-05
6.86684e-05
0.000142668
0.000121253
9.32623e-05
9.47391e-05
0.000158564
0.000152153
0.000114953
0.000103704
9.22248e-05
3.9506e-05
9.1832e-05
7.9218e-05
8.57571e-05
6.26186e-05
6.03196e-05
6.64003e-05
4.30862e-05
6.16405e-05
2.93687e-05
6.61302e-06
3.95894e-06
0.000115908
0.000123603
0.000137777
0.000112253
0.000110735
0.000119999
0.000116704
0.000110845
0.00010679
6.72785e-05
6.68057e-05
7.17776e-05
7.36354e-05
8.36209e-05
8.36023e-05
6.80371e-05
8.66681e-05
8.98233e-05
9.43083e-05
8.91374e-05
9.64566e-05
8.95942e-05
6.46797e-05
6.25064e-05
6.89511e-05
6.37623e-05
6.12481e-05
6.11032e-05
7.17112e-05
2.29189e-05
6.46913e-05
1.485e-05
8.08937e-05
9.96996e-05
8.5133e-05
7.7271e-05
8.25065e-05
8.30279e-05
8.01103e-05
7.70872e-05
7.95691e-05
7.43297e-05
7.32576e-05
7.82049e-05
9.73762e-05
7.88239e-05
7.21761e-05
8.79752e-05
6.9533e-05
8.02335e-05
8.53156e-05
8.00665e-05
6.37596e-05
5.85143e-05
6.57771e-05
6.80346e-05
7.30887e-05
6.14177e-05
6.96748e-05
0.000143434
7.69533e-05
8.98907e-05
8.29741e-05
0.000152536
0.000150166
0.000143133
0.000128331
9.57997e-05
9.45536e-05
6.30966e-05
8.6767e-05
7.88872e-05
9.69536e-05
5.28737e-05
6.36131e-05
4.73562e-05
3.5849e-05
5.47239e-05
1.13791e-06
3.10518e-06
2.9652e-05
0.000106687
0.000117131
0.000127627
0.000140691
0.000111393
0.000111489
0.000127427
0.000131282
9.7054e-05
9.9593e-05
0.000103307
6.59961e-05
6.74317e-05
7.8718e-05
6.98097e-05
7.81056e-05
7.15133e-05
7.60517e-05
7.49038e-05
9.12678e-05
6.72828e-05
7.91161e-05
7.63073e-05
0.000101917
8.34133e-05
9.82899e-05
0.000101358
6.2947e-05
6.04516e-05
6.83641e-05
5.91252e-05
5.60543e-05
6.40636e-05
5.29459e-05
3.47417e-05
8.82668e-06
4.72961e-05
3.39334e-05
8.78188e-05
8.14737e-05
8.29576e-05
8.27374e-05
8.66022e-05
9.35673e-05
7.18565e-05
8.43856e-05
7.93135e-05
8.3481e-05
7.69134e-05
8.96487e-05
8.24574e-05
7.45423e-05
7.49687e-05
7.86822e-05
9.19569e-05
7.81817e-05
7.76919e-05
5.8031e-05
6.70414e-05
5.92484e-05
6.86179e-05
5.86882e-05
5.62927e-05
7.16609e-05
5.57733e-05
8.45904e-05
0.000131103
8.01077e-05
6.80337e-05
7.732e-05
9.0101e-05
0.000142514
0.000141582
0.000135709
0.000105721
0.00011465
9.30275e-05
6.25757e-05
6.12852e-05
9.64655e-05
0.000100202
9.19806e-05
5.36528e-05
5.63162e-05
4.57183e-05
1.24748e-05
4.67051e-05
3.65682e-06
1.63277e-05
0.000121285
0.000154419
0.000126418
0.000146405
0.000108144
0.00010503
0.000112306
0.000109724
9.38841e-05
8.62505e-05
9.95705e-05
6.31911e-05
6.86234e-05
6.61492e-05
7.76419e-05
7.5565e-05
7.60499e-05
6.87112e-05
8.48119e-05
8.19292e-05
7.51724e-05
8.31838e-05
0.000100196
8.23475e-05
8.72152e-05
8.74214e-05
8.96373e-05
9.0074e-05
6.25054e-05
5.13529e-05
5.34649e-05
5.27938e-05
5.59826e-05
6.04801e-05
2.15774e-05
5.56977e-06
1.01375e-05
7.00793e-05
6.80751e-05
2.60493e-05
8.89642e-05
9.00042e-05
7.82847e-05
7.41634e-05
7.67441e-05
8.35507e-05
8.3142e-05
8.30067e-05
8.24299e-05
8.08744e-05
0.000101683
7.27129e-05
7.88396e-05
7.87799e-05
7.49102e-05
7.44985e-05
7.97808e-05
9.03785e-05
8.14936e-05
7.85026e-05
5.32567e-05
6.32071e-05
5.60916e-05
5.04425e-05
6.36894e-05
5.88101e-05
6.39054e-05
7.33491e-05
5.27045e-05
5.48202e-05
7.67476e-05
0.00010732
0.00012551
6.15683e-05
5.72607e-05
6.63097e-05
0.000136693
0.000134805
0.000126378
0.000102451
9.32567e-05
7.44959e-05
6.32839e-05
8.66956e-05
9.33064e-05
9.85316e-05
3.90093e-05
3.51575e-05
2.52343e-05
4.14417e-06
1.12744e-05
3.01513e-05
9.52897e-06
2.68156e-05
0.000100905
0.000154449
0.000126605
0.000167449
0.000100513
0.00010344
9.33064e-05
0.00010843
9.05706e-05
9.5625e-05
9.2499e-05
6.60511e-05
5.37263e-05
6.55659e-05
7.17085e-05
6.05132e-05
8.16446e-05
7.04219e-05
8.31909e-05
7.92205e-05
7.31048e-05
7.56898e-05
7.62472e-05
7.93888e-05
8.36778e-05
7.79894e-05
9.27692e-05
8.48092e-05
8.76887e-05
7.53141e-05
5.99048e-05
6.858e-05
3.6054e-05
5.05677e-05
3.47359e-05
5.42884e-05
5.64324e-05
5.8234e-05
1.15234e-05
8.03234e-06
7.79714e-05
4.16783e-05
7.45608e-05
8.27223e-05
7.70207e-05
7.43381e-05
7.22971e-05
8.57145e-05
7.31617e-05
7.58232e-05
7.64691e-05
9.08347e-05
7.50909e-05
7.24882e-05
9.04062e-05
8.121e-05
7.68945e-05
7.31768e-05
6.68801e-05
6.94814e-05
7.03076e-05
7.57588e-05
7.54626e-05
8.19047e-05
7.09626e-05
4.94613e-05
5.56199e-05
5.22344e-05
4.04885e-05
6.38429e-05
5.90947e-05
5.48002e-05
6.81972e-05
4.76869e-05
4.91242e-05
5.20079e-05
6.15785e-05
8.44161e-05
7.49837e-05
5.1269e-05
4.70523e-05
5.99911e-05
7.07794e-05
0.000125227
0.000121293
0.000106077
9.54984e-05
8.65843e-05
7.36628e-05
7.37052e-05
5.89736e-05
0.000101765
9.32867e-05
2.85754e-05
2.23482e-05
1.98264e-05
5.20926e-06
3.42182e-06
1.96108e-05
2.61618e-05
4.8126e-05
0.0001308
0.000161373
0.000109425
0.000158887
0.000147875
9.62978e-05
9.38815e-05
0.000110425
9.3536e-05
9.2649e-05
8.60108e-05
9.70063e-05
6.42952e-05
5.73137e-05
6.27983e-05
6.81395e-05
6.14791e-05
6.35428e-05
7.49496e-05
7.29907e-05
7.2462e-05
8.7294e-05
8.1189e-05
6.90826e-05
6.68555e-05
8.82834e-05
9.40921e-05
8.6752e-05
8.23475e-05
9.09964e-05
7.91763e-05
7.85743e-05
8.22522e-05
4.85516e-05
5.42892e-05
2.24041e-05
3.62404e-05
2.24146e-05
4.49652e-05
4.61052e-05
2.04099e-05
1.20289e-05
6.81134e-05
4.41069e-05
7.73827e-05
7.57083e-05
7.86753e-05
8.02437e-05
7.62222e-05
8.06797e-05
7.98193e-05
7.27735e-05
7.43486e-05
8.6744e-05
7.84952e-05
7.69121e-05
8.59122e-05
7.28513e-05
6.93383e-05
5.46662e-05
6.70294e-05
7.14837e-05
6.99216e-05
6.33637e-05
5.9704e-05
5.47848e-05
8.09625e-05
6.92978e-05
6.08129e-05
7.18635e-05
5.95767e-05
5.28297e-05
5.1714e-05
3.98307e-05
2.4467e-05
5.07621e-05
4.50248e-05
5.07047e-05
4.54433e-05
4.63292e-05
5.70266e-05
5.38411e-05
4.69228e-05
4.63405e-05
4.52599e-05
6.40221e-05
4.57349e-05
3.78494e-05
3.61787e-05
5.14414e-05
6.73901e-05
7.42085e-05
9.09203e-05
0.000101804
7.0424e-05
8.00873e-05
8.08326e-05
9.43389e-05
7.09329e-05
5.87572e-05
9.75539e-05
8.48561e-05
8.21835e-06
8.53444e-06
2.77088e-06
2.42102e-05
7.84566e-06
7.21581e-06
4.11023e-06
5.35832e-05
0.000102739
0.000127652
0.000145569
0.000103708
0.000140148
0.00013544
9.0149e-05
8.28616e-05
0.000100262
8.11084e-05
7.58434e-05
8.18184e-05
8.51326e-05
9.19271e-05
6.39817e-05
5.40536e-05
5.86938e-05
6.67785e-05
6.03689e-05
6.86273e-05
7.04572e-05
6.35078e-05
7.03416e-05
8.5292e-05
6.45304e-05
7.50717e-05
8.4778e-05
6.91951e-05
0.000101639
6.72776e-05
8.99179e-05
8.70744e-05
8.8659e-05
8.02389e-05
9.03703e-05
7.90815e-05
4.38266e-05
4.66343e-05
4.99206e-05
4.11246e-05
7.01995e-06
2.82583e-05
1.083e-05
3.83939e-05
3.27988e-05
3.7081e-05
1.84847e-05
7.05365e-06
8.4368e-05
6.39177e-05
7.41018e-05
5.9674e-05
8.97291e-05
7.10638e-05
6.97859e-05
6.97277e-05
7.28022e-05
7.47139e-05
5.80685e-05
7.53575e-05
7.04926e-05
6.99887e-05
7.89674e-05
7.26078e-05
6.04353e-05
4.7811e-05
4.38939e-05
7.95363e-05
5.11498e-05
4.77473e-05
4.30398e-05
4.98184e-05
6.02984e-05
5.47287e-05
7.12853e-05
5.64735e-05
4.12922e-05
3.59569e-05
2.80569e-05
2.15956e-05
6.78708e-06
3.33221e-05
2.74009e-05
4.43021e-05
3.34777e-05
3.55118e-05
2.9142e-05
2.86187e-05
4.49143e-05
3.78911e-05
3.83125e-05
5.92365e-05
3.51477e-05
3.23855e-05
3.71579e-05
5.18638e-05
4.56135e-05
7.31262e-05
7.15284e-05
7.45055e-05
7.28496e-05
7.278e-05
6.54779e-05
9.2775e-05
7.86652e-05
5.86988e-05
0.000101065
8.08923e-05
4.34344e-06
4.17038e-06
3.583e-06
3.64845e-05
1.15633e-05
9.4357e-06
4.15201e-06
4.66115e-06
6.32899e-05
0.000121698
0.000132181
0.00012988
9.50234e-05
0.000125568
0.000129057
0.000102063
7.61934e-05
7.164e-05
7.39851e-05
5.18144e-05
8.55352e-05
6.8957e-05
8.32381e-05
7.78288e-05
5.33718e-05
5.61503e-05
6.6734e-05
5.33208e-05
6.95352e-05
7.72541e-05
7.43714e-05
7.49838e-05
7.25334e-05
7.49508e-05
7.91936e-05
7.77762e-05
6.98819e-05
6.75118e-05
7.87184e-05
7.93367e-05
7.2863e-05
8.13981e-05
7.5222e-05
8.89709e-05
8.11183e-05
8.14994e-05
8.24701e-05
3.29804e-05
3.08384e-05
4.14319e-05
3.42096e-05
2.07321e-05
8.7873e-06
2.82271e-05
1.81965e-05
6.34114e-05
3.28649e-05
2.32132e-05
1.21497e-05
7.73419e-05
6.59069e-05
5.2379e-05
6.38976e-05
7.20028e-05
6.4645e-05
6.80121e-05
7.30713e-05
6.08939e-05
5.44691e-05
5.33521e-05
6.00169e-05
5.75072e-05
6.25712e-05
6.03284e-05
5.73242e-05
4.73553e-05
3.05471e-05
4.29681e-05
5.09911e-05
4.96699e-05
4.22202e-05
2.75892e-05
4.13525e-05
3.73214e-05
5.34764e-05
5.33129e-05
4.54823e-05
3.41309e-05
2.28151e-05
2.09582e-05
1.23823e-05
8.06073e-06
1.96835e-05
2.2902e-05
1.77941e-05
2.09128e-05
1.31743e-05
1.98621e-05
1.50231e-05
1.37455e-05
1.69075e-05
1.46092e-05
2.0054e-05
2.09796e-05
2.66361e-05
3.59478e-05
3.14756e-05
2.98563e-05
2.21223e-05
2.54149e-05
5.11227e-05
4.43466e-05
6.27671e-05
6.79932e-05
6.39832e-05
5.29048e-05
7.15949e-05
8.24076e-05
0.000101384
7.34327e-05
4.51538e-05
0.000100916
5.51551e-05
3.00847e-07
4.58975e-06
2.96071e-06
3.85471e-05
5.77789e-05
2.39907e-05
1.40359e-05
2.30019e-06
3.46938e-06
9.64706e-05
0.000124152
0.000116927
8.7166e-05
0.000106692
0.000109118
9.27378e-05
6.51611e-05
7.49883e-05
6.10744e-05
5.29729e-05
9.64648e-05
7.61582e-05
7.97784e-05
8.2269e-05
7.65035e-05
5.62791e-05
5.08502e-05
6.52722e-05
4.65192e-05
5.63522e-05
6.57045e-05
7.5483e-05
4.64496e-05
5.71611e-05
7.87355e-05
7.6445e-05
7.53135e-05
7.82544e-05
5.83739e-05
7.94855e-05
7.43347e-05
8.16954e-05
8.46975e-05
8.14924e-05
9.2946e-05
9.17977e-05
8.34295e-05
7.24592e-05
7.06275e-05
9.94979e-05
8.91791e-05
2.01759e-05
2.18045e-05
1.945e-05
3.31947e-05
3.27273e-05
2.18801e-05
2.95935e-06
1.09883e-05
7.48132e-06
9.66475e-06
1.29165e-05
7.5222e-05
4.30434e-05
3.30285e-05
1.76877e-05
9.07984e-05
5.13622e-05
4.83179e-05
5.17339e-05
5.21308e-05
5.30646e-05
5.54167e-05
5.46338e-05
4.96249e-05
5.07047e-05
5.37898e-05
5.03427e-05
4.75727e-05
5.2539e-05
4.83212e-05
4.4506e-05
4.64912e-05
1.88557e-05
1.76993e-05
2.38344e-05
2.55071e-05
4.07314e-05
3.22096e-05
2.54795e-05
1.48558e-05
2.45043e-05
3.1424e-05
3.81505e-05
3.38811e-05
3.38588e-05
1.5643e-05
6.00783e-06
2.45802e-06
6.09542e-06
7.23147e-06
3.93293e-06
4.7561e-06
4.13788e-06
5.82109e-06
9.44045e-06
2.95753e-06
6.76753e-06
5.74772e-06
4.26294e-06
1.41801e-05
8.72696e-06
1.12856e-05
1.26532e-05
1.6852e-05
2.86867e-05
2.28892e-05
9.23229e-06
1.06097e-05
7.06835e-05
3.36287e-05
5.38796e-05
4.93618e-05
4.24883e-05
3.51251e-05
6.07518e-05
8.9609e-05
9.67604e-05
0.000102938
4.89775e-05
4.76021e-05
5.31748e-05
1.01363e-05
8.1012e-06
9.17889e-06
1.17765e-05
5.43925e-05
7.21482e-05
3.78569e-05
2.57234e-05
9.52537e-06
1.05658e-05
8.18801e-05
9.23232e-05
0.000103626
7.81913e-05
0.000103884
0.000101382
0.000101562
5.6646e-05
4.92587e-05
6.63706e-05
4.39938e-05
3.75976e-05
4.61471e-05
4.77786e-05
8.13868e-05
9.19958e-05
7.17841e-05
7.41609e-05
7.28317e-05
3.35127e-05
3.23705e-05
4.53346e-05
2.84328e-05
4.20817e-05
6.05903e-05
6.0957e-05
2.91375e-05
4.01501e-05
3.77965e-05
6.05186e-05
6.72935e-05
6.06076e-05
6.30599e-05
7.0285e-05
7.47557e-05
3.83761e-05
8.8481e-05
6.90233e-05
8.5556e-05
8.54474e-05
8.41084e-05
7.83802e-05
8.5487e-05
7.54258e-05
8.0952e-05
8.18608e-05
9.06502e-05
7.90382e-05
6.86225e-06
1.09083e-05
1.59898e-05
9.24875e-06
1.69472e-05
1.77788e-05
1.12463e-05
8.4252e-06
1.6452e-05
1.41578e-05
1.00772e-05
9.21047e-06
7.47237e-05
8.98855e-05
6.29919e-05
3.86751e-05
2.54006e-05
3.86347e-05
2.07526e-05
3.16346e-05
5.31138e-05
4.94599e-05
3.7756e-05
3.74969e-05
4.31199e-05
4.1882e-05
2.98409e-05
3.15541e-05
4.3307e-05
3.28165e-05
3.82329e-05
3.67214e-05
4.14785e-05
4.32406e-05
4.29255e-05
3.45945e-05
4.33518e-05
2.00771e-05
1.02878e-05
6.97313e-06
6.11238e-06
7.89807e-06
2.41333e-05
9.51485e-06
1.264e-05
5.55368e-06
1.16331e-05
1.4802e-05
2.77493e-05
3.29398e-05
2.48334e-05
1.11862e-05
1.18531e-05
1.10355e-05
5.79554e-06
5.93241e-06
1.73268e-06
3.93115e-06
1.2901e-05
2.21383e-06
2.25492e-06
3.71568e-07
6.89369e-06
1.12469e-05
3.86594e-06
6.84755e-06
7.87438e-06
8.86493e-06
4.41041e-06
2.29343e-06
4.77737e-06
8.78213e-06
8.75106e-06
9.54365e-06
1.1983e-05
1.45322e-05
2.23338e-05
1.72797e-05
4.49456e-06
7.32312e-06
3.59381e-05
3.63232e-05
4.63556e-05
2.81041e-05
2.06418e-05
1.61408e-05
6.94322e-05
7.56549e-05
7.77654e-05
8.78427e-05
5.5405e-05
4.33948e-05
2.56641e-05
8.15703e-05
2.17168e-05
2.12415e-05
2.00384e-05
2.33434e-05
6.98328e-05
5.49518e-05
3.846e-05
3.27512e-05
2.2134e-05
2.7481e-05
7.66101e-05
8.99303e-05
9.83858e-05
7.93541e-05
9.73513e-05
9.61637e-05
9.68017e-05
3.73347e-05
5.91407e-05
3.19595e-05
2.86592e-05
2.86139e-05
3.70533e-05
7.84193e-05
7.20131e-05
8.03317e-05
7.43147e-05
7.71274e-05
7.39161e-05
1.93779e-05
2.37291e-05
2.18558e-05
2.36093e-05
1.2736e-05
2.79554e-05
5.08698e-05
1.73063e-05
2.76898e-05
2.14495e-05
3.39939e-05
4.26438e-05
4.0866e-05
4.85455e-05
4.03379e-05
6.59097e-05
6.0882e-05
2.1895e-05
8.0251e-05
6.85394e-05
6.02431e-05
7.47939e-05
8.51741e-05
8.14648e-05
7.83933e-05
8.50777e-05
8.53459e-05
8.74553e-05
7.4165e-05
8.33681e-05
8.62037e-06
4.58085e-06
3.1452e-06
1.18178e-05
1.27979e-05
7.2022e-06
1.53549e-05
2.21118e-05
7.60137e-06
7.06989e-06
7.61758e-05
9.08455e-05
7.20482e-05
4.74537e-05
3.25464e-05
2.1464e-05
1.19491e-05
1.50729e-05
3.10756e-05
2.98351e-05
2.86323e-05
2.91176e-05
2.55244e-05
3.98621e-05
3.49943e-05
2.68306e-05
2.41578e-05
2.41921e-05
2.741e-05
2.48331e-05
2.90627e-05
2.47794e-05
2.46876e-05
2.32013e-05
2.45322e-05
1.94542e-05
8.16439e-06
9.48876e-06
1.13531e-05
1.08835e-05
1.13799e-05
1.13244e-05
1.09663e-05
4.56159e-06
1.01487e-05
4.68291e-06
1.02035e-05
8.82747e-06
7.65909e-06
6.15246e-06
8.85532e-06
1.30363e-05
1.245e-05
9.46071e-06
1.16765e-05
5.91025e-06
1.05969e-05
2.04668e-05
1.57823e-05
1.76847e-05
1.11443e-05
1.13484e-05
1.56958e-05
2.9341e-05
1.2996e-05
1.61561e-05
1.33178e-05
1.7447e-05
1.6823e-05
1.03084e-05
1.05948e-05
4.02643e-06
5.69145e-06
4.02598e-06
4.65805e-06
2.04547e-06
2.27527e-05
1.93381e-05
7.14732e-06
1.4461e-05
4.7314e-06
4.23316e-05
2.7581e-05
2.24586e-05
3.11888e-05
1.17813e-05
4.72922e-06
6.05487e-06
9.30121e-05
8.10511e-05
9.28404e-05
9.47692e-05
4.7857e-05
2.92075e-05
3.5403e-05
6.97433e-05
2.78633e-05
3.46477e-05
2.92778e-05
3.02096e-05
3.81636e-05
6.77613e-05
6.28497e-05
5.28186e-05
4.50874e-05
3.88125e-05
8.06884e-05
6.81655e-05
6.84263e-05
6.98292e-05
5.80516e-05
4.00568e-05
3.3482e-05
5.61858e-05
2.68697e-05
2.47599e-05
2.38311e-05
2.70648e-05
1.67499e-05
3.6055e-05
4.08612e-05
7.6018e-05
7.95473e-05
7.83539e-05
7.55637e-05
7.08887e-05
7.80686e-05
1.04348e-05
8.654e-06
1.68109e-05
9.65313e-06
7.6623e-06
3.76577e-05
1.14933e-05
7.23967e-06
1.30524e-05
3.77545e-05
4.04314e-05
3.39041e-05
4.29792e-05
3.76039e-05
4.09701e-05
4.99908e-05
1.23104e-05
6.92136e-05
5.29345e-05
5.74507e-05
7.77717e-05
7.44797e-05
6.60406e-05
7.02032e-05
7.51473e-05
7.26797e-05
7.99873e-05
7.42365e-05
7.56817e-05
6.24583e-05
1.02525e-05
7.3941e-06
1.04362e-05
7.5025e-06
5.00467e-06
4.86354e-06
1.76641e-05
3.34602e-05
1.78383e-05
1.38057e-05
1.32151e-05
7.28566e-05
8.70026e-05
6.86622e-05
4.79563e-05
4.89088e-05
9.84358e-06
1.14576e-05
1.84931e-05
2.18679e-05
2.13072e-05
2.18434e-05
2.82514e-05
2.03472e-05
2.54699e-05
2.52098e-05
2.3983e-05
2.17868e-05
1.82608e-05
1.93534e-05
1.93305e-05
1.51848e-05
1.76985e-05
1.35061e-05
1.41405e-05
1.41862e-05
1.25989e-05
1.75569e-05
1.94082e-05
1.84572e-05
2.03872e-05
6.23455e-06
1.66961e-05
1.14417e-05
2.14698e-05
1.19255e-05
9.26848e-06
8.93827e-06
1.36712e-05
3.82337e-05
3.67658e-05
1.4858e-05
1.7324e-05
2.13139e-05
1.94987e-05
3.93956e-05
2.01542e-05
1.59519e-05
2.68566e-05
1.9835e-05
2.65341e-05
3.65661e-05
2.36329e-05
2.21396e-05
2.6351e-05
2.46132e-05
2.40251e-05
2.62591e-05
2.16369e-05
2.4322e-05
6.32203e-06
7.89375e-06
4.7246e-06
1.7622e-06
3.06043e-06
2.25495e-06
1.85364e-05
1.38676e-05
5.41734e-06
1.36312e-05
2.8212e-05
1.27202e-05
1.64563e-05
5.22263e-06
5.21685e-06
6.22817e-06
3.99289e-06
9.25854e-05
9.33315e-05
8.23219e-05
1.85526e-05
4.81991e-05
4.65488e-05
6.5164e-05
4.32479e-05
4.39789e-05
4.49067e-05
4.25666e-05
5.04687e-05
6.36165e-05
6.74964e-05
5.99811e-05
5.54146e-05
5.06185e-05
5.40777e-05
4.59713e-05
5.95831e-05
5.09533e-05
5.90636e-05
4.38573e-05
5.62946e-05
4.30306e-05
2.67514e-05
1.82915e-05
1.72353e-05
1.15995e-05
1.97841e-05
1.10381e-05
3.00776e-05
3.81489e-05
7.44742e-05
7.03793e-05
7.56886e-05
7.52134e-05
6.03166e-05
6.49524e-05
6.57139e-05
9.07362e-06
6.68761e-06
8.00531e-06
8.35096e-06
1.05335e-05
1.52978e-05
8.2554e-06
1.50291e-05
5.45344e-06
9.37549e-06
9.84258e-06
1.49318e-05
2.27728e-05
1.87311e-05
2.36012e-05
2.42069e-05
3.00443e-05
4.00602e-05
3.80365e-05
4.61315e-06
5.17545e-05
3.67031e-05
4.87068e-05
5.26241e-05
6.01664e-05
5.60449e-05
4.8712e-05
6.80616e-05
6.26329e-05
6.10382e-05
6.32413e-05
6.79518e-05
6.16875e-05
1.35794e-05
1.18346e-05
1.85037e-05
1.09507e-05
1.16149e-05
1.05308e-05
1.05965e-05
2.33425e-05
5.17236e-05
3.82279e-05
2.77934e-05
2.32319e-05
2.43917e-05
7.91421e-05
8.08177e-05
7.18892e-05
4.97595e-05
1.10345e-05
3.39854e-05
8.92122e-06
1.3761e-05
1.68059e-05
2.6564e-05
1.82181e-05
2.35431e-05
2.58955e-05
9.22467e-06
9.27101e-06
9.21783e-06
9.33624e-06
9.25455e-06
9.44653e-06
9.60498e-06
9.79816e-06
1.03265e-05
1.00381e-05
1.06599e-05
4.54203e-05
4.75898e-05
4.64939e-05
4.86634e-05
1.58723e-05
4.43367e-05
2.2326e-05
4.98518e-05
3.5349e-05
1.43593e-05
1.50973e-05
3.9751e-05
5.73552e-05
5.62566e-05
3.02873e-05
3.0731e-05
3.20943e-05
3.41845e-05
5.23868e-05
3.03002e-05
2.50305e-05
3.38368e-05
2.62864e-05
3.58651e-05
5.18212e-05
3.43992e-05
3.81629e-05
3.69776e-05
3.69684e-05
3.48373e-05
4.35347e-05
5.26688e-05
5.23061e-05
9.31127e-06
9.57314e-06
8.54264e-06
4.18282e-06
9.30963e-06
1.03786e-05
4.06807e-06
2.66618e-05
1.05597e-05
4.52632e-06
1.84954e-05
2.31384e-05
1.92564e-05
4.79842e-06
7.82834e-06
5.89813e-06
7.56994e-06
7.78769e-06
9.76708e-06
7.37974e-05
7.46673e-05
8.66371e-05
3.5921e-05
1.93428e-05
4.89694e-05
6.6182e-05
5.1925e-05
5.18499e-05
5.36274e-05
4.84671e-05
5.16542e-05
6.25905e-05
6.78019e-05
7.98533e-05
6.31855e-05
6.03463e-05
5.6349e-05
6.47584e-05
5.4162e-05
4.07806e-05
4.69171e-05
3.80183e-05
4.15911e-05
5.00103e-05
3.30911e-05
3.81949e-05
3.52909e-05
1.95649e-05
1.40995e-05
1.44629e-05
4.47812e-06
1.02017e-05
2.39154e-05
4.36597e-06
2.30401e-05
4.31665e-05
7.10696e-05
6.56123e-05
5.63467e-05
6.52343e-05
4.14884e-05
4.94686e-05
5.0413e-05
9.50695e-06
9.9409e-06
1.38058e-05
1.24668e-05
1.50717e-05
1.24032e-05
7.49483e-06
2.54441e-05
1.31786e-05
2.13779e-05
9.39255e-06
5.82825e-06
5.12769e-06
8.13606e-06
1.0005e-05
1.07474e-05
6.8578e-06
8.26558e-06
6.51116e-06
1.0807e-05
1.21596e-05
1.47726e-05
1.49746e-05
4.82139e-05
1.53256e-05
3.73944e-05
2.64095e-05
4.01516e-05
4.41185e-05
3.87132e-05
4.29673e-05
4.11196e-05
3.47053e-05
5.39196e-05
5.57866e-05
6.03054e-05
5.44621e-05
4.42471e-05
5.214e-05
5.28172e-05
5.9866e-05
2.05204e-05
2.2698e-05
1.82236e-05
2.73421e-05
2.0806e-05
2.02648e-05
1.77953e-05
1.97267e-05
3.15075e-05
3.44915e-05
4.84549e-05
5.23991e-05
3.24168e-05
3.05426e-05
3.39395e-05
7.75549e-05
8.21318e-05
6.31575e-05
7.83662e-05
3.26707e-05
5.40215e-05
1.66373e-05
1.56716e-05
1.42505e-05
9.34278e-06
1.08199e-05
9.75804e-06
9.40959e-06
2.24182e-05
2.16555e-05
2.32222e-05
2.49533e-05
2.40659e-05
2.58897e-05
2.68785e-05
2.79242e-05
3.019e-05
2.90286e-05
3.1405e-05
6.35641e-05
6.5534e-05
6.45514e-05
6.64902e-05
4.32683e-05
6.25588e-05
5.08253e-05
6.74271e-05
5.51482e-05
4.11666e-05
4.22198e-05
5.84396e-05
6.91885e-05
6.85375e-05
4.13916e-05
3.60557e-05
4.33897e-05
4.07089e-05
4.97965e-05
4.49008e-05
6.23723e-05
3.58024e-05
3.36236e-05
5.16781e-05
3.49029e-05
5.12957e-05
7.25822e-05
5.04096e-05
3.81408e-05
2.84553e-05
3.79646e-05
3.62513e-05
3.87805e-05
6.99405e-05
6.92064e-05
1.3609e-05
1.75804e-05
1.96902e-05
2.13241e-05
1.74017e-05
2.11118e-05
1.60362e-05
3.85959e-06
4.97955e-06
2.18965e-05
3.38902e-05
3.00336e-05
1.09119e-05
9.14651e-06
1.80528e-05
1.52096e-05
1.43126e-05
9.43698e-06
1.52842e-05
1.97787e-05
9.02689e-05
8.80181e-05
4.84426e-05
2.04407e-05
2.1635e-05
3.90452e-05
7.95261e-05
6.27524e-05
6.65914e-05
5.70503e-05
6.11629e-05
5.86595e-05
6.41612e-05
6.81849e-05
7.49696e-05
6.45676e-05
6.37383e-05
6.33009e-05
6.9105e-05
6.51111e-05
6.67605e-05
2.64781e-05
2.90822e-05
2.02026e-05
2.8401e-05
3.29111e-05
2.1998e-05
2.40571e-05
1.87823e-05
1.40815e-05
1.4993e-06
2.72104e-06
2.29069e-06
3.35198e-06
6.47697e-06
1.82974e-05
6.52709e-06
2.95077e-05
3.37376e-05
5.80592e-05
5.23459e-05
4.06327e-05
6.06893e-05
2.82944e-05
3.12561e-05
3.65871e-05
1.99159e-05
1.97783e-05
2.06113e-05
2.15611e-05
2.41759e-05
2.07241e-05
6.43685e-06
3.15703e-05
2.08175e-05
3.05411e-05
2.02766e-05
1.15342e-05
1.13499e-05
1.22549e-05
8.17583e-06
8.12651e-06
1.06494e-05
9.07628e-06
1.17523e-05
9.87527e-06
1.13665e-05
1.27883e-05
2.04861e-05
3.5846e-05
8.68068e-06
1.31375e-05
1.41923e-05
3.60373e-05
2.86566e-05
2.3329e-05
3.78503e-05
2.19425e-05
2.01657e-05
2.00673e-05
4.70386e-05
3.45645e-05
3.44222e-05
3.79823e-05
2.55365e-05
2.97868e-05
4.0721e-05
3.28151e-05
3.3836e-05
3.22719e-05
3.11214e-05
4.04595e-05
2.76279e-05
2.76473e-05
3.19486e-05
2.44999e-05
3.41072e-05
4.57575e-05
4.63261e-05
5.67904e-05
5.59684e-05
4.74373e-05
4.42002e-05
4.22297e-05
7.98683e-05
6.43461e-05
5.94776e-05
6.85845e-05
5.28773e-05
6.71828e-05
1.21927e-05
1.13213e-05
1.09845e-05
1.33567e-05
1.95489e-05
2.02267e-05
2.09246e-05
4.1613e-05
4.0631e-05
4.2632e-05
4.48157e-05
4.37133e-05
4.5947e-05
4.70967e-05
4.82559e-05
5.05788e-05
4.94198e-05
5.17274e-05
7.27996e-05
7.39314e-05
7.33706e-05
7.44648e-05
6.15487e-05
7.22156e-05
6.83329e-05
7.49761e-05
6.78664e-05
5.95009e-05
6.05367e-05
6.98227e-05
6.36591e-05
6.35542e-05
5.89022e-05
5.14537e-05
6.01607e-05
5.71419e-05
5.43975e-05
4.39812e-05
6.16248e-05
5.2735e-05
3.33132e-05
7.34124e-05
7.17602e-05
7.76178e-05
7.08e-05
5.45162e-05
6.64582e-05
5.57315e-05
5.39228e-05
5.84481e-05
7.63066e-05
7.59155e-05
2.54681e-05
2.94321e-05
2.64137e-05
2.26639e-05
2.92244e-05
2.83317e-05
2.69837e-05
2.54788e-05
8.83457e-06
1.53129e-05
6.21171e-06
1.6408e-05
2.74709e-05
3.96059e-05
3.6056e-05
3.39917e-05
1.37391e-05
1.27694e-05
1.22558e-05
1.48656e-05
1.41115e-05
1.41886e-05
1.89458e-05
1.94563e-05
7.68244e-05
7.00197e-05
3.44361e-05
5.15423e-05
1.81839e-05
2.00679e-05
3.97816e-05
4.94154e-05
6.74765e-05
7.2566e-05
6.53539e-05
5.84018e-05
7.4053e-05
8.63809e-05
6.61336e-05
6.63749e-05
6.40671e-05
6.20586e-05
7.31156e-05
6.04634e-05
1.9278e-05
1.86928e-05
1.3769e-05
1.66706e-05
2.26556e-05
2.27329e-05
2.12717e-05
1.15711e-05
1.29887e-05
7.63009e-06
2.42919e-07
5.58736e-07
2.31004e-07
1.15393e-06
2.10434e-06
1.2066e-05
1.56279e-05
6.00652e-06
2.65968e-05
1.76843e-05
2.27112e-05
2.44297e-05
4.49777e-05
3.59944e-05
2.66562e-05
4.33482e-05
1.54907e-05
1.75912e-05
2.81561e-05
2.68015e-05
3.31457e-05
2.99114e-05
2.70234e-05
2.63774e-05
3.17069e-05
2.92391e-05
1.13021e-05
4.67221e-05
2.67346e-05
4.71875e-05
4.93571e-05
2.26252e-05
2.07599e-05
1.88847e-05
1.79336e-05
1.70052e-05
1.61152e-05
1.52619e-05
1.44411e-05
9.94361e-06
2.74367e-05
1.59991e-05
1.29315e-05
1.04067e-05
9.51203e-06
1.57654e-05
1.72157e-05
1.19206e-05
1.92505e-05
1.27679e-05
1.30394e-05
1.16528e-05
3.53271e-05
2.2373e-05
1.94337e-05
2.28492e-05
2.28941e-05
2.22459e-05
2.34738e-05
1.83696e-05
4.18294e-05
4.3636e-05
3.7327e-05
4.75981e-05
4.04518e-05
3.98389e-05
4.70347e-05
3.3328e-05
4.23433e-05
5.46953e-05
6.12704e-05
6.25674e-05
5.0593e-05
4.98147e-05
4.34571e-05
5.10599e-05
6.13755e-05
8.33304e-05
7.91991e-05
7.51203e-05
6.6232e-05
6.64794e-05
6.33508e-05
1.28256e-05
1.20508e-05
1.18308e-05
1.88846e-05
3.81616e-05
3.89015e-05
3.9737e-05
5.80787e-05
5.69996e-05
5.91062e-05
6.1009e-05
6.00817e-05
6.1891e-05
6.27354e-05
6.35354e-05
6.50517e-05
6.43053e-05
6.5771e-05
6.42696e-05
6.44443e-05
6.43604e-05
6.45202e-05
7.16268e-05
6.41743e-05
7.54599e-05
6.45889e-05
6.34501e-05
7.04367e-05
7.10376e-05
6.37637e-05
4.48464e-05
4.48815e-05
5.99388e-05
5.61202e-05
5.59447e-05
5.46685e-05
5.72438e-05
6.11846e-05
7.40456e-05
6.58945e-05
5.20584e-05
7.40583e-05
5.16369e-05
7.80314e-05
7.72282e-05
6.48068e-05
7.67534e-05
7.66299e-05
7.51819e-05
7.67159e-05
7.56307e-05
6.71687e-05
6.47441e-05
6.47003e-05
3.08518e-05
3.15147e-05
3.74814e-05
3.37286e-05
4.26033e-05
4.18737e-05
2.90614e-05
3.44825e-05
1.14604e-05
1.21029e-05
6.45362e-06
2.30767e-05
2.99176e-05
3.84593e-05
5.98789e-05
5.39856e-05
4.73277e-05
1.29843e-05
1.5198e-05
1.54356e-05
1.63478e-05
3.40343e-05
2.9764e-05
7.57526e-05
6.77098e-05
5.29113e-05
5.02775e-05
6.5811e-05
2.09624e-05
1.87951e-05
5.8885e-05
5.86093e-05
5.82891e-05
6.45323e-05
7.48764e-05
7.90638e-05
7.37216e-05
7.94816e-05
5.99526e-05
7.11547e-05
7.60758e-05
5.60627e-05
6.97049e-05
1.07885e-05
1.11531e-05
7.7707e-06
7.57299e-06
1.05131e-05
1.34141e-05
9.15908e-06
3.05175e-06
5.70231e-06
3.73277e-06
2.48767e-06
5.24267e-06
1.19321e-05
3.74553e-06
1.1947e-05
5.68498e-06
2.06937e-05
3.59935e-06
1.41716e-05
2.80732e-05
3.01638e-05
2.27158e-05
3.50592e-05
2.73714e-05
2.76702e-05
1.61608e-05
2.87136e-05
3.2087e-06
1.60359e-05
1.454e-05
2.58117e-05
3.63251e-05
3.5015e-05
3.14106e-05
3.63658e-05
3.46131e-05
3.00353e-05
3.25682e-05
1.99237e-05
6.82968e-05
2.91659e-05
6.92502e-05
4.64392e-05
6.74292e-05
4.88437e-05
4.7581e-05
4.54924e-05
4.44649e-05
4.3466e-05
4.24489e-05
4.14581e-05
4.04989e-05
1.36644e-05
3.85592e-05
1.223e-05
1.15727e-05
8.2242e-06
8.95241e-06
9.39243e-06
9.87599e-06
1.04019e-05
1.56716e-05
1.00591e-05
1.39102e-05
1.80048e-05
1.59866e-05
1.5429e-05
1.529e-05
1.02434e-05
6.04928e-05
5.10263e-05
5.20955e-05
6.40606e-05
5.34282e-05
3.90628e-05
3.37911e-05
4.40376e-05
4.5561e-05
2.95465e-05
5.45352e-05
4.63022e-05
5.01193e-05
6.4494e-05
7.57426e-05
5.33984e-05
4.87465e-05
5.21275e-05
5.03748e-05
5.72823e-05
6.33674e-05
6.64047e-05
8.27878e-05
7.27947e-05
7.22074e-05
6.3258e-05
4.49504e-05
1.68872e-05
1.75696e-05
1.82374e-05
3.76639e-05
5.33927e-05
5.46618e-05
5.58681e-05
6.35699e-05
6.37839e-05
6.33871e-05
6.31368e-05
6.32417e-05
6.30698e-05
6.30379e-05
6.30367e-05
6.31091e-05
6.30616e-05
6.3176e-05
4.45895e-05
4.4489e-05
4.45413e-05
4.44313e-05
6.40746e-05
4.46356e-05
6.46486e-05
4.43693e-05
4.49154e-05
6.38683e-05
6.39721e-05
4.48067e-05
2.40231e-05
2.40525e-05
5.56952e-05
6.79372e-05
6.56112e-05
6.75806e-05
6.23648e-05
5.77541e-05
8.69665e-05
8.9536e-05
8.724e-05
7.84266e-05
7.48626e-05
6.48037e-05
6.47977e-05
4.38677e-05
6.47772e-05
7.92915e-05
6.98704e-05
7.92943e-05
7.907e-05
7.17898e-05
4.41497e-05
4.42283e-05
4.29993e-05
4.32263e-05
3.70919e-05
3.39796e-05
4.33116e-05
3.41417e-05
4.25344e-05
1.72053e-05
2.42175e-05
3.29379e-05
5.03907e-05
8.90707e-05
6.73417e-05
5.67909e-05
5.59418e-05
1.61402e-05
3.32539e-05
3.38566e-05
3.43201e-05
4.61592e-05
4.34622e-05
7.88602e-05
6.58939e-05
6.50458e-05
5.9026e-05
1.8512e-05
1.1955e-05
4.55016e-05
7.15707e-05
6.99734e-05
7.78715e-05
6.62691e-05
6.40503e-05
6.13376e-05
6.91281e-05
7.82678e-05
7.58771e-05
7.14123e-05
9.03239e-05
8.9198e-05
6.97948e-05
8.94479e-05
4.59986e-06
3.74318e-06
3.88448e-06
3.41169e-06
3.11051e-06
4.11908e-06
1.00902e-05
7.87211e-06
4.28026e-06
1.51727e-06
5.02778e-06
8.58346e-06
1.27268e-05
1.82512e-05
2.0446e-05
1.85296e-05
2.13728e-05
2.85519e-05
8.21725e-06
2.98713e-06
6.05678e-06
1.9965e-05
3.33687e-05
3.19416e-05
3.57147e-05
2.04928e-05
1.53259e-05
1.40669e-05
1.33287e-05
1.8431e-05
1.17226e-05
7.78998e-06
1.20365e-05
1.25926e-05
3.27279e-05
4.99613e-05
4.84037e-05
3.20984e-05
5.00106e-05
4.87177e-05
4.66171e-05
7.42744e-05
7.47743e-05
7.00669e-05
7.38188e-05
6.67142e-05
6.58645e-05
6.40559e-05
6.3122e-05
6.21797e-05
6.12126e-05
6.02373e-05
5.92499e-05
3.95134e-05
5.72342e-05
3.76567e-05
3.6552e-05
1.09646e-05
3.0298e-05
8.55007e-06
3.14383e-05
3.26348e-05
3.38861e-05
7.85933e-06
7.55881e-06
7.28028e-06
8.18609e-06
7.02701e-06
6.80045e-06
5.45404e-05
5.77046e-05
5.35812e-05
5.56236e-05
3.88223e-05
6.55013e-05
6.00082e-05
6.876e-05
6.23531e-05
5.91369e-05
4.75929e-05
5.38914e-05
6.34035e-05
6.50435e-05
6.89584e-05
7.17351e-05
5.74914e-05
5.4248e-05
7.3372e-05
7.45216e-05
6.43879e-05
5.49301e-05
6.01644e-05
8.26812e-05
6.71868e-05
7.80934e-05
7.77337e-05
4.49868e-05
2.40802e-05
3.63586e-05
3.68651e-05
3.72062e-05
5.22322e-05
6.44295e-05
6.42439e-05
6.40164e-05
4.63239e-05
4.67635e-05
4.59924e-05
4.55547e-05
4.57436e-05
4.54106e-05
4.52994e-05
4.52118e-05
4.50782e-05
4.51389e-05
4.5029e-05
2.37319e-05
2.36192e-05
2.36771e-05
2.35551e-05
4.46799e-05
2.37859e-05
4.43017e-05
2.34849e-05
2.4072e-05
4.47661e-05
4.47232e-05
2.39838e-05
2.52034e-06
2.52971e-06
6.42025e-05
5.77313e-05
7.67746e-05
6.63003e-05
6.35269e-05
7.54732e-05
8.16126e-05
6.61811e-05
8.75596e-05
6.47909e-05
7.87822e-05
4.37592e-05
4.39701e-05
2.29556e-05
4.40644e-05
6.46507e-05
7.92368e-05
6.46954e-05
6.47381e-05
7.95898e-05
2.32435e-05
2.33278e-05
4.75296e-05
5.34822e-05
3.66656e-05
3.32054e-05
3.68035e-05
3.94296e-05
5.09633e-05
1.95645e-05
2.82998e-05
3.27748e-05
4.61372e-05
7.79785e-05
9.08627e-05
8.46771e-05
6.9467e-05
7.52361e-05
3.50367e-05
4.85374e-05
4.97848e-05
4.89e-05
6.15555e-05
5.59411e-05
9.17376e-05
5.63644e-05
4.63653e-05
1.20793e-05
7.51092e-06
2.67385e-05
6.04028e-05
7.0142e-05
6.92796e-05
9.01291e-05
7.36722e-05
7.20925e-05
7.43587e-05
9.32505e-05
8.65365e-05
7.56103e-05
8.41395e-05
9.1064e-05
9.2309e-05
9.00229e-05
8.96681e-05
8.98249e-05
8.98263e-05
6.59435e-05
1.27427e-06
4.77193e-07
9.78332e-07
2.55464e-06
9.81007e-07
1.09236e-06
2.20039e-06
8.0225e-06
5.30441e-06
4.96051e-06
4.06192e-06
1.56275e-05
2.13009e-05
2.63241e-05
2.41215e-05
2.43963e-05
2.66201e-05
3.43522e-05
3.01816e-05
2.1009e-05
8.65079e-06
4.08283e-06
1.62744e-05
4.73347e-05
4.56528e-05
5.65775e-05
1.55308e-05
1.85304e-05
6.59367e-06
1.03371e-05
1.94881e-05
2.00387e-05
6.386e-06
5.06997e-05
7.26925e-05
7.16706e-05
5.14706e-05
7.30688e-05
7.08764e-05
6.49835e-05
6.31778e-05
6.32043e-05
7.51922e-05
6.3139e-05
7.343e-05
7.29746e-05
7.19766e-05
7.14484e-05
7.09027e-05
7.0343e-05
6.97784e-05
6.9201e-05
5.82406e-05
6.80304e-05
5.62258e-05
5.51959e-05
3.51917e-05
4.98627e-05
2.92064e-05
5.09325e-05
5.20099e-05
5.3087e-05
2.71948e-05
2.62759e-05
2.54129e-05
2.81711e-05
2.46026e-05
2.38397e-05
4.99056e-05
6.13746e-05
6.77566e-05
5.9882e-05
6.55633e-05
6.1474e-05
6.36184e-05
6.89374e-05
7.29195e-05
6.90053e-05
5.63191e-05
5.98911e-05
6.99295e-05
6.78877e-05
7.68878e-05
7.9516e-05
6.55463e-05
5.73435e-05
6.41904e-05
6.78732e-05
6.79492e-05
7.54593e-05
7.95302e-05
6.89068e-05
7.52803e-05
8.59887e-05
2.40813e-05
2.54764e-06
4.92591e-05
5.00156e-05
5.11195e-05
6.42218e-05
4.91672e-05
4.81296e-05
4.73483e-05
2.41356e-05
2.42576e-05
2.40665e-05
2.40239e-05
2.4032e-05
2.40328e-05
2.40521e-05
2.40676e-05
2.40801e-05
2.40799e-05
2.40835e-05
2.45364e-06
2.42981e-06
2.4416e-06
2.41785e-06
2.38358e-05
2.46554e-06
2.34082e-05
2.40557e-06
2.53849e-06
2.39369e-05
2.38864e-05
2.51038e-06
7.75372e-05
7.22274e-05
7.3569e-05
7.39402e-05
7.9478e-05
7.43105e-05
7.12388e-05
4.36445e-05
6.47692e-05
2.28511e-05
2.30571e-05
2.32664e-06
2.31517e-05
4.3136e-05
6.45856e-05
4.3268e-05
4.33996e-05
6.4499e-05
2.36703e-06
2.3803e-06
5.38716e-05
6.40705e-05
4.53003e-05
4.41084e-05
4.00917e-05
5.738e-05
4.77493e-05
6.30169e-05
2.00234e-05
2.75051e-05
2.85101e-05
3.633e-05
7.01785e-05
0.000108184
8.02043e-05
0.000101437
9.87118e-05
6.66585e-05
6.38817e-05
5.14339e-05
6.08566e-05
6.17134e-05
6.13386e-05
6.89656e-05
6.9379e-05
5.71621e-05
6.43245e-05
2.77446e-05
6.14649e-05
7.46952e-06
4.43383e-06
1.55969e-05
4.65277e-05
6.25104e-05
8.77206e-05
9.05264e-05
9.00967e-05
8.93842e-05
8.46413e-05
9.10477e-05
9.15472e-05
7.65822e-05
8.35248e-05
8.1675e-05
7.99241e-05
7.7868e-05
7.92652e-05
8.95219e-05
5.84842e-05
6.75002e-05
7.18743e-05
6.25356e-05
7.34822e-05
7.7525e-06
9.15895e-06
6.858e-06
8.94598e-06
4.28738e-06
9.41803e-06
1.89483e-05
2.13823e-05
1.34387e-05
2.01643e-05
2.0851e-05
2.89317e-05
3.04748e-05
2.74961e-05
3.20419e-05
3.2436e-05
3.01411e-05
3.36297e-05
4.05883e-05
3.2778e-05
2.55387e-05
1.11752e-05
2.34027e-06
5.76585e-05
5.92975e-05
5.01155e-05
5.42583e-05
7.45057e-05
6.2422e-06
6.40759e-06
2.31213e-05
6.16004e-06
3.75115e-05
3.78768e-05
2.06009e-05
7.33816e-05
7.63242e-05
7.59517e-05
7.48122e-05
7.65938e-05
7.55748e-05
7.24925e-05
4.33233e-05
4.32323e-05
6.32214e-05
4.34057e-05
6.30899e-05
6.30333e-05
6.28963e-05
6.2816e-05
6.27275e-05
6.26326e-05
6.25332e-05
6.24299e-05
6.86127e-05
6.22163e-05
6.74457e-05
6.68404e-05
5.41507e-05
6.35834e-05
4.87968e-05
6.42548e-05
6.49217e-05
6.55778e-05
4.66586e-05
4.55997e-05
4.45558e-05
4.77229e-05
4.35352e-05
4.25601e-05
8.15089e-05
8.27973e-05
4.3441e-05
5.90498e-05
7.69716e-05
7.28456e-05
7.17413e-05
6.96508e-05
6.86231e-05
6.78724e-05
6.87943e-05
6.07416e-05
7.37727e-05
7.72409e-05
7.99177e-05
7.0634e-05
7.41759e-05
7.25428e-05
6.79391e-05
7.62781e-05
7.14633e-05
6.78623e-05
6.77817e-05
7.34323e-05
6.83556e-05
2.55654e-06
6.25106e-05
6.34598e-05
6.3978e-05
5.05109e-05
2.46407e-05
2.47028e-05
2.44417e-05
2.6821e-06
2.71307e-06
2.65786e-06
2.62309e-06
2.63851e-06
2.61045e-06
2.60013e-06
2.59084e-06
2.5737e-06
2.58202e-06
2.56562e-06
2.47757e-06
2.39286e-06
2.5001e-06
2.48896e-06
8.21453e-05
7.44501e-05
7.93647e-05
8.00859e-05
6.44147e-05
7.74278e-05
6.36842e-05
2.27448e-05
4.35231e-05
2.31282e-06
2.34053e-06
2.35393e-06
2.22739e-05
4.29946e-05
2.23988e-05
2.25192e-05
4.28402e-05
6.17907e-05
4.59183e-05
4.71808e-05
5.00772e-05
4.89168e-05
6.07631e-05
5.64336e-05
2.82375e-05
2.85757e-05
3.50394e-05
6.23266e-05
0.000143925
0.000156437
9.66766e-05
8.94659e-05
8.15514e-05
7.33588e-05
5.71626e-05
6.28057e-05
6.41705e-05
6.21983e-05
6.68879e-05
5.10303e-05
5.39823e-05
6.1901e-05
1.54919e-05
4.87996e-05
6.24335e-05
4.41475e-06
2.35984e-06
7.73683e-06
2.99112e-05
5.15689e-05
7.55196e-05
6.57825e-05
8.73483e-05
9.09311e-05
7.04154e-05
9.1284e-05
9.19119e-05
9.01651e-05
9.07833e-05
8.03188e-05
8.47933e-05
7.10232e-05
8.89532e-05
9.09235e-05
6.45963e-05
6.82017e-05
6.75396e-05
6.39926e-05
6.35223e-05
1.78225e-05
1.72355e-05
1.6683e-05
1.66064e-05
1.78764e-05
1.83934e-05
3.67172e-05
2.44368e-05
2.36972e-05
3.42576e-05
2.69251e-05
2.63684e-05
2.88081e-05
3.35089e-05
4.15819e-05
3.55968e-05
3.74324e-05
4.64802e-05
6.31153e-05
3.84878e-05
3.04553e-05
1.88106e-05
6.91375e-06
8.36294e-05
8.31454e-05
6.15476e-05
6.68078e-05
0.000108699
2.17968e-05
2.244e-05
4.16203e-05
2.11829e-05
5.07362e-05
5.18209e-05
3.84651e-05
7.67498e-05
6.32139e-05
6.32268e-05
7.6848e-05
6.31934e-05
6.32288e-05
6.29691e-05
2.2898e-05
2.28041e-05
4.31347e-05
2.29897e-05
4.34816e-05
4.35526e-05
4.36777e-05
4.37327e-05
4.3782e-05
4.38273e-05
4.38703e-05
4.39117e-05
6.23241e-05
4.39901e-05
6.21076e-05
6.19998e-05
6.62202e-05
6.15149e-05
6.29027e-05
6.15955e-05
6.16879e-05
6.17877e-05
6.14729e-05
6.07079e-05
5.99063e-05
6.22009e-05
5.90596e-05
5.81781e-05
6.42066e-05
7.20823e-05
8.6146e-05
7.34654e-05
8.19257e-05
8.02895e-05
7.71559e-05
7.73082e-05
7.69947e-05
7.69115e-05
7.37275e-05
7.67901e-05
6.42543e-05
7.12587e-05
6.70926e-05
7.27611e-05
7.38658e-05
6.93472e-05
6.62963e-05
8.72993e-05
8.70846e-05
8.6889e-05
8.7908e-05
7.75173e-05
7.76691e-05
5.68796e-05
5.43629e-05
5.22263e-05
2.47032e-05
2.87422e-06
2.80498e-06
2.75281e-06
6.41181e-05
6.40371e-05
6.42307e-05
6.43185e-05
4.2687e-05
6.39028e-05
4.16663e-05
2.29802e-06
2.26327e-05
2.23876e-06
2.21493e-05
2.25349e-06
2.26862e-06
2.2023e-05
5.31896e-05
7.0135e-05
4.82059e-05
5.04587e-05
5.8608e-05
6.02968e-05
5.86113e-05
4.47332e-06
2.65115e-05
2.84668e-05
4.90999e-05
7.99496e-05
0.000140596
0.000141601
0.000106795
0.000106372
9.25807e-05
9.29551e-05
7.29722e-05
9.44307e-05
8.00424e-05
5.95763e-05
4.30913e-05
3.43447e-05
4.71199e-05
3.52311e-06
3.8591e-06
3.01983e-05
7.71645e-06
5.30114e-05
6.50517e-05
2.39696e-06
2.20389e-06
1.62118e-05
3.68571e-05
5.65498e-05
6.8283e-05
9.08735e-05
9.01449e-05
6.72368e-05
9.03242e-05
9.05047e-05
7.28172e-05
6.7608e-05
6.88008e-05
7.82601e-05
7.7077e-05
6.31234e-05
7.56057e-05
6.32067e-05
6.30624e-05
6.29076e-05
6.33541e-05
4.14533e-05
3.43377e-05
3.32114e-05
3.22061e-05
3.17064e-05
3.26257e-05
3.55136e-05
4.97482e-05
3.03622e-05
2.36725e-05
4.53025e-05
3.09345e-05
3.42129e-05
3.83293e-05
3.94572e-05
4.06682e-05
4.96274e-05
5.1718e-05
0.000119312
4.13196e-05
3.05999e-05
3.0192e-05
1.99572e-05
8.17091e-05
6.70943e-05
6.61719e-05
8.88477e-05
0.00014252
0.000109883
3.9886e-05
4.07306e-05
5.72465e-05
3.91368e-05
6.20302e-05
6.23197e-05
5.30141e-05
6.31312e-05
4.28102e-05
4.29258e-05
6.31625e-05
4.26937e-05
4.30331e-05
4.3618e-05
2.35457e-06
2.34083e-06
2.27044e-05
2.36801e-06
2.30744e-05
2.31555e-05
2.33042e-05
2.33689e-05
2.34269e-05
2.34812e-05
2.35342e-05
2.35844e-05
4.39517e-05
2.36817e-05
4.4026e-05
4.40614e-05
6.18928e-05
4.42274e-05
6.14495e-05
4.41883e-05
4.41552e-05
4.41235e-05
6.13818e-05
6.1385e-05
6.14179e-05
6.14041e-05
6.14836e-05
6.15837e-05
8.72952e-05
8.19574e-05
8.54838e-05
7.68774e-05
8.03351e-05
7.68944e-05
6.29273e-05
6.30061e-05
6.28408e-05
6.27446e-05
7.76987e-05
6.30798e-05
8.07892e-05
8.69487e-05
7.99679e-05
8.52595e-05
8.91763e-05
8.96112e-05
8.43842e-05
7.72602e-05
8.18339e-05
8.46889e-05
8.49315e-05
8.36605e-05
6.43573e-05
7.00049e-05
2.69908e-05
2.56649e-05
2.49907e-05
2.96182e-06
4.22145e-05
4.20697e-05
4.23793e-05
4.25291e-05
2.18964e-05
4.18921e-05
2.11007e-05
2.28358e-06
2.22351e-06
2.20777e-06
7.21855e-05
5.65367e-05
5.06288e-05
5.70788e-05
6.2448e-05
6.12539e-05
5.66583e-06
3.09079e-05
8.79564e-05
4.38377e-05
0.000131825
0.000122248
0.00015831
0.000145468
0.000101498
7.48973e-05
0.00010275
6.8429e-05
8.02654e-05
7.908e-05
2.94559e-05
3.30297e-06
3.36137e-06
3.34894e-06
3.75638e-05
1.62523e-05
2.20495e-06
5.78972e-05
6.72433e-05
1.87339e-06
1.98711e-05
3.82317e-05
5.88528e-05
6.87992e-05
6.14676e-05
6.08853e-05
6.27536e-05
6.78886e-05
6.81876e-05
6.82547e-05
6.78813e-05
6.88336e-05
6.78732e-05
4.10384e-05
4.08318e-05
4.06216e-05
4.12447e-05
2.09109e-05
4.81422e-05
4.8846e-05
4.71398e-05
4.59661e-05
4.6388e-05
4.87293e-05
6.17787e-05
4.05299e-05
3.07952e-05
5.88181e-05
3.91524e-05
4.1345e-05
3.72642e-05
3.94566e-05
4.97006e-05
5.67297e-05
6.083e-05
0.000135845
8.48663e-05
2.83445e-05
3.07705e-05
7.59179e-05
8.68604e-05
6.011e-05
6.28373e-05
0.000163697
8.12019e-05
5.5222e-05
5.62597e-05
6.17196e-05
5.41472e-05
4.96302e-05
4.83052e-05
6.24571e-05
4.2447e-05
2.23898e-05
2.24993e-05
4.257e-05
2.22786e-05
2.26026e-05
2.32331e-05
2.32657e-06
2.38163e-06
2.39453e-06
2.4201e-06
2.43231e-06
2.44437e-06
2.45671e-06
2.4689e-06
2.48112e-06
2.36345e-05
2.50386e-06
2.37249e-05
2.37601e-05
4.40928e-05
2.37931e-05
4.42732e-05
2.37978e-05
2.38029e-05
2.38e-05
4.44007e-05
4.44856e-05
4.45944e-05
4.43307e-05
4.4736e-05
4.49224e-05
6.48977e-05
7.01888e-05
6.25432e-05
7.22164e-05
7.05374e-05
4.20101e-05
4.21641e-05
4.18537e-05
4.16948e-05
6.26393e-05
4.23136e-05
9.03102e-05
7.84444e-05
8.76346e-05
7.9129e-05
7.77825e-05
8.35937e-05
8.7907e-05
7.94244e-05
7.44451e-05
7.40141e-05
7.16089e-05
7.1594e-05
3.35311e-06
3.20137e-06
3.06825e-06
2.15321e-05
2.13922e-05
2.16546e-05
2.17749e-05
2.19285e-06
2.12391e-05
2.10175e-06
7.36172e-05
5.42791e-05
5.68917e-05
6.1578e-05
7.62249e-06
7.72161e-06
3.29176e-05
0.000103104
7.01246e-05
0.000116582
0.000147171
0.000159575
0.000179471
0.000186385
9.71458e-05
8.65661e-05
0.000110768
0.000118484
8.3065e-05
8.18752e-05
3.41467e-06
3.86854e-05
1.99287e-05
1.8719e-06
6.02615e-05
6.88296e-05
2.19881e-06
1.86043e-05
3.83071e-05
5.97718e-05
6.80591e-05
6.30541e-05
6.89217e-05
4.04183e-05
6.26078e-05
6.24126e-05
6.22013e-05
6.13429e-05
6.1358e-05
2.05563e-05
2.03716e-05
2.01878e-05
2.07321e-05
2.08735e-06
6.03033e-05
6.06761e-05
5.95018e-05
5.85819e-05
5.90713e-05
6.12374e-05
5.13126e-05
5.31064e-05
3.96008e-05
6.72418e-05
4.78406e-05
4.83755e-05
4.24383e-05
4.41486e-05
4.03101e-05
4.31502e-05
0.000154822
0.000125694
8.13765e-05
3.06204e-05
2.43553e-05
3.06423e-05
0.000163905
0.000131611
8.6204e-05
7.95284e-05
6.08192e-05
7.76873e-05
0.000165957
0.000107259
0.000114544
6.20765e-05
6.18866e-05
4.51686e-05
6.22744e-05
2.44225e-05
2.43741e-05
4.72828e-05
2.20382e-05
2.28282e-06
2.29736e-06
2.21607e-05
2.26775e-06
2.31239e-06
2.40755e-06
2.4926e-06
2.5143e-06
2.52443e-06
2.37851e-05
2.57003e-06
2.37817e-05
2.56094e-06
2.552e-06
2.54281e-06
2.37516e-05
2.37275e-05
2.36998e-05
2.37726e-05
2.36828e-05
2.36835e-05
7.34451e-05
6.24211e-05
4.13712e-05
6.22879e-05
6.21659e-05
2.16532e-05
2.1785e-05
2.15245e-05
2.13984e-05
4.15301e-05
2.19136e-05
8.01921e-05
7.31632e-05
7.42033e-05
7.16071e-05
6.48217e-05
7.29515e-05
8.72994e-05
6.88512e-05
6.9861e-05
7.0836e-05
6.19178e-05
2.14512e-06
2.13014e-06
2.16097e-06
2.17639e-06
2.11558e-06
6.9526e-05
5.92096e-05
6.16867e-05
7.83869e-06
4.598e-05
0.000117649
7.66099e-05
0.000140106
0.000153175
0.000162856
0.000181374
0.000122048
9.92797e-05
0.000187197
8.46302e-05
0.000161903
7.85471e-05
8.85657e-05
7.42358e-05
7.61843e-05
8.03957e-05
3.87522e-05
1.86374e-05
2.19637e-06
6.09381e-05
1.95611e-06
1.8596e-05
3.84704e-05
6.00928e-05
6.9179e-05
6.17976e-05
2.00008e-05
4.02169e-05
4.00116e-05
3.97969e-05
3.91347e-05
3.93491e-05
2.05351e-06
2.03596e-06
2.02077e-06
2.07047e-06
5.58284e-05
5.84004e-05
6.08504e-05
6.26286e-05
6.52446e-05
5.33953e-05
2.46943e-05
6.81769e-05
4.97953e-05
5.03591e-05
5.88946e-05
5.72932e-05
4.80304e-05
5.02909e-05
4.45154e-05
5.36862e-05
4.53472e-05
0.000154428
0.0001317
0.000103758
5.7078e-05
2.42901e-05
6.92282e-05
7.7999e-05
7.13834e-05
6.17325e-05
5.39875e-05
6.78535e-05
0.000180314
0.000142518
0.000192905
0.00011958
4.59332e-05
4.54973e-05
2.37115e-05
4.65117e-05
2.97536e-06
2.88746e-06
2.43436e-05
2.23753e-06
2.25242e-06
2.53393e-06
2.57814e-06
2.59549e-06
2.60498e-06
2.61562e-06
2.58654e-06
2.62871e-06
2.64483e-06
6.20478e-05
4.12018e-05
2.11389e-05
4.10143e-05
4.08273e-05
2.19182e-06
2.20664e-06
2.17518e-06
2.1594e-06
2.12733e-05
2.22225e-06
7.29601e-05
7.02e-05
7.06038e-05
6.97692e-05
6.15048e-05
6.16489e-05
6.17855e-05
4.04646e-05
7.21403e-05
6.46108e-05
8.45256e-06
0.000126512
7.90871e-05
0.000113732
0.00015038
0.000168757
0.000186864
0.000193634
0.000149293
0.000175487
9.61599e-05
9.18749e-05
0.000118368
8.98731e-05
7.89591e-05
7.85661e-05
8.36907e-05
3.89178e-05
1.86191e-05
1.95202e-06
1.92792e-06
1.86063e-05
3.86804e-05
6.0403e-05
6.99522e-05
3.95758e-05
2.00352e-06
1.98192e-05
1.96272e-05
1.94224e-05
1.8823e-05
1.90049e-05
2.66442e-05
2.90616e-05
3.38764e-05
4.25244e-05
4.64776e-05
2.53477e-05
3.08138e-06
5.34043e-05
6.21811e-05
3.4838e-06
5.79573e-05
5.95908e-05
5.62617e-05
5.8856e-05
5.04643e-05
4.8778e-05
0.000145261
0.000165727
0.00011885
5.60863e-05
3.23487e-05
8.21872e-05
0.000127937
0.000113891
0.000113972
0.000100018
5.89459e-05
7.27723e-05
0.000192818
0.000177422
0.000118352
0.00014598
0.000112038
2.38965e-05
2.37766e-05
2.66512e-06
2.40805e-05
2.8173e-06
4.06462e-05
2.10005e-05
2.12734e-06
2.0866e-05
2.07207e-05
2.14302e-06
6.12089e-05
6.13637e-05
6.08763e-05
3.99071e-05
4.00945e-05
4.02824e-05
2.04226e-05
6.88035e-05
7.15064e-06
9.39279e-05
0.00013819
0.00014362
0.000154511
0.000164071
0.000177696
0.000194024
0.000178393
0.000150924
9.56858e-05
7.84696e-05
0.000100628
0.000110513
6.56262e-05
8.14987e-05
8.36568e-05
8.69984e-05
1.86273e-05
1.92373e-06
1.90707e-06
1.88e-05
3.88888e-05
6.05938e-05
1.92197e-05
1.98829e-06
1.97176e-06
1.95655e-06
1.91279e-06
1.92496e-06
3.3612e-06
3.41658e-06
3.35386e-06
3.28433e-06
3.3202e-06
3.21292e-06
3.80077e-06
5.59449e-05
5.49745e-06
7.6091e-06
5.97373e-05
6.10474e-05
5.977e-05
4.72579e-05
0.000116063
0.000163066
0.000130116
9.19003e-05
6.64059e-05
8.78595e-05
8.92299e-05
0.000103048
7.65617e-05
8.90191e-05
6.57407e-05
5.52295e-05
6.93403e-05
0.000201977
0.00018689
9.88463e-05
0.000183734
0.000100739
2.72267e-06
2.69045e-06
2.76378e-06
2.0567e-05
2.11181e-06
2.09637e-06
2.08135e-06
3.95211e-05
3.97155e-05
3.93192e-05
1.99445e-05
2.01226e-05
2.02802e-05
2.04986e-06
5.7371e-06
7.41137e-05
0.000132056
0.000121904
0.000148305
0.000166878
0.00017648
0.00018985
0.000183073
0.000137409
0.000144992
9.15708e-05
9.45567e-05
5.14642e-06
6.27173e-05
8.69339e-05
8.92207e-05
1.90306e-06
1.91643e-06
1.89792e-05
3.91067e-05
1.94076e-06
4.38706e-06
7.31792e-06
7.22688e-06
6.05358e-05
5.33381e-05
0.00014782
0.000153777
0.00017037
0.000119229
8.07897e-05
0.000104428
8.78915e-05
7.83341e-05
7.95388e-05
0.000101591
5.71056e-05
6.4696e-05
0.000207485
0.000197503
0.000180609
9.79809e-05
0.000142286
0.000125004
2.06558e-06
1.95838e-05
1.9768e-05
1.93891e-05
2.0029e-06
2.01918e-06
2.03342e-06
0.000125797
0.000133921
0.00014133
0.000147164
0.000158603
0.000182527
0.000166518
0.000160909
0.000184199
0.000171098
0.000165677
0.000156627
9.33676e-05
0.000101795
4.79711e-06
5.9984e-05
9.18767e-05
1.92802e-06
1.91915e-05
7.4704e-06
5.79928e-05
0.000139049
0.000151438
0.000164976
0.000118116
0.000107789
8.27177e-05
7.31345e-05
7.58578e-05
0.000121632
5.97875e-05
6.63348e-05
0.000203279
0.000199211
0.000183245
0.000182818
0.000135959
0.000188563
0.000121821
1.97303e-06
1.9887e-06
1.95839e-06
0.000150499
0.000157999
0.000173879
0.000135512
0.000163633
0.000175608
0.000174973
0.000164105
0.000156347
0.000110167
9.51398e-05
0.000100207
0.000116308
4.56747e-06
5.73478e-05
1.94314e-06
7.30453e-06
0.000103911
0.000156173
0.000142847
0.000166685
8.87644e-05
7.89709e-05
7.5164e-05
7.99435e-05
5.66496e-06
6.64408e-05
0.000193685
0.000200934
0.000189803
0.000173553
0.000146517
0.000136798
0.000179781
0.000108009
0.000142935
0.000150713
0.000170736
0.000151777
0.000155595
0.000170376
0.000165396
0.000155037
0.000161652
0.000150542
5.45939e-05
9.68216e-05
0.000110258
0.000136401
4.4344e-06
0.000138469
0.000152361
0.000157823
8.18394e-05
9.83954e-05
8.29832e-05
6.44619e-05
6.18548e-05
4.8413e-06
0.000186466
0.00019054
0.000181299
0.000169663
0.000174013
0.000142945
0.000173201
0.000147948
0.000156476
0.000148005
0.000150524
0.000154193
0.000160564
0.000157709
0.000148155
0.000150908
5.18302e-05
4.36205e-06
9.52739e-05
0.000119573
0.000135558
0.0001554
8.55172e-05
8.80895e-05
0.000109144
5.90944e-05
4.46717e-06
4.26204e-06
0.000185249
0.000174225
0.000183152
0.000179008
0.000172452
0.000159853
0.000156278
0.000123541
0.000161869
0.000169097
0.000149558
0.000142425
0.000145006
0.000146323
0.000151586
0.000150225
0.000148419
4.33321e-06
4.73881e-05
9.29822e-05
0.000118512
0.000132424
5.61841e-05
8.89667e-05
9.61983e-05
0.000126462
4.15682e-06
0.000173119
0.000167076
0.000167977
0.00016615
0.000161879
0.000154075
0.000150352
0.000151886
0.000157012
0.000140737
0.000138712
0.000139821
0.000139625
0.000143389
0.000144445
0.000141916
4.34185e-06
4.13706e-05
8.78377e-05
0.000115509
0.000128641
4.11289e-06
5.33277e-05
9.17135e-05
0.000106979
0.000136714
0.000161847
0.000153248
0.000161719
0.000160893
0.000158824
0.00015526
0.000132672
0.000147392
0.000133419
0.000134454
0.000135635
0.000124468
0.000132381
0.000134849
0.000139259
0.000143044
0.000141192
4.39817e-06
3.44233e-05
7.62956e-05
0.000100861
0.000140164
9.53289e-05
4.11278e-06
4.91939e-05
9.18767e-05
0.000116754
0.000132856
0.000149225
0.000147448
0.00014845
0.000151157
0.000149584
0.000148544
0.000146051
0.000116622
0.00011423
0.000120549
0.000118545
0.000135631
0.000139814
4.51088e-06
2.65176e-05
5.25201e-05
5.97013e-05
0.000137192
0.000124474
4.45804e-05
4.15156e-06
4.32704e-05
8.80779e-05
0.000116182
0.000131027
0.000142585
0.000142152
0.000143044
0.000145768
0.000145203
0.000140828
0.000140563
0.000103504
9.99257e-05
0.000100228
0.000100827
0.000122838
4.70967e-06
1.81306e-05
2.76566e-05
2.76767e-05
0.000106866
6.54385e-05
1.91281e-05
4.24015e-06
3.62687e-05
7.60346e-05
0.000107055
0.000107038
0.000138531
0.000139406
0.000135741
0.000132995
0.000123467
5.90779e-05
5.0511e-05
6.46072e-05
5.93101e-05
5.07737e-06
1.19541e-05
1.4512e-05
1.47556e-05
5.21171e-05
2.66907e-05
2.34557e-05
4.38603e-06
2.80954e-05
5.74113e-05
6.73727e-05
5.37844e-05
0.000131683
0.000135559
0.000102063
0.000115773
0.000120868
0.000124865
0.000102797
4.3452e-05
5.02216e-05
3.6902e-05
3.93205e-05
5.14572e-05
5.4559e-06
8.0087e-06
9.78621e-06
1.61897e-05
2.17142e-05
2.91389e-05
4.62063e-06
1.93954e-05
3.05067e-05
3.11049e-05
6.83208e-05
0.00012246
9.93816e-05
9.89215e-05
9.23736e-05
9.66958e-05
6.56123e-05
3.3489e-05
3.35501e-05
3.37693e-05
3.73291e-05
5.03998e-06
6.47831e-06
1.06467e-05
2.28611e-05
4.81367e-05
5.03726e-06
1.29158e-05
1.6043e-05
9.15976e-05
7.55911e-05
9.20914e-05
8.45641e-05
6.99431e-05
3.46389e-05
3.36775e-05
3.26542e-05
3.43354e-05
1.79625e-06
7.0445e-06
5.45334e-05
5.49694e-06
8.87937e-06
7.47519e-05
6.14622e-05
5.21514e-05
4.97709e-05
1.1303e-06
5.57088e-06
5.51217e-05
)
;

boundaryField
{
    flap
    {
        type            nutkWallFunction;
        value           uniform 0;
    }
    freestream
    {
        type            fixedValue;
        value           uniform 6.1605e-05;
    }
    main
    {
        type            nutkWallFunction;
        value           nonuniform List<scalar> 0();
    }
    BaseAndTop
    {
        type            empty;
    }
    procBoundary1to0
    {
        type            processor;
        value           nonuniform List<scalar> 
150
(
0.000241772
0.000242045
0.000241441
0.000241772
0.000245764
0.000244712
0.000241237
0.000243194
0.000240498
0.000242754
0.00024032
0.000247226
0.00024001
0.000239824
0.000243535
0.000242602
0.000243535
0.000242602
0.00024036
0.000241839
0.000239886
0.000239727
0.000243354
0.000245781
0.000240012
0.000239747
0.0002427
0.000240208
0.00023984
0.000239771
0.000252034
0.000239552
0.00023972
0.00023972
0.000239906
0.000239343
0.000239906
0.000240021
0.000239315
0.000240032
0.000239428
0.000240121
0.000239351
0.000240178
0.000239416
0.000240384
0.000239547
0.000240512
0.000239625
0.000240781
0.000239775
0.000239998
0.00024121
0.000240157
0.000241979
0.00024061
0.000242794
0.00024061
0.000241422
0.00024498
0.000241422
0.000195672
0.000243498
0.000168446
0.000245615
0.000162087
0.000225959
0.000139076
0.000172351
0.00013654
0.000161054
0.000108405
0.000115302
0.000132755
9.52542e-05
0.00012137
0.00012137
9.10173e-05
0.000104296
8.18189e-05
0.000104296
8.18189e-05
0.000100369
0.000100369
6.68191e-05
8.47344e-05
6.20761e-05
8.32671e-05
4.70538e-05
7.06954e-05
4.70538e-05
4.95571e-05
5.67277e-05
3.25126e-05
4.95006e-05
4.57008e-05
2.13288e-05
1.17731e-05
3.31434e-05
3.36302e-06
1.99447e-05
2.83897e-05
2.83897e-05
8.01476e-06
5.50669e-06
2.60304e-05
8.01476e-06
2.51746e-05
2.51746e-05
2.62708e-05
3.01094e-05
5.23003e-05
2.22866e-05
7.43708e-05
3.2248e-05
5.7224e-05
6.93483e-05
8.07011e-05
8.52791e-05
0.000127393
0.000134129
0.000138839
9.82482e-05
9.59245e-05
0.000124343
0.000135642
0.000142772
0.000142772
0.000131151
0.000143931
0.000141819
0.00014108
0.000146791
0.000147201
0.00013516
0.0001468
0.000127738
0.00012555
0.0001468
0.000138322
0.000138322
0.000129891
7.15454e-05
0.000129891
4.99234e-05
0.000101497
7.74862e-05
3.67336e-05
5.41069e-05
4.68842e-05
)
;
    }
}


// ************************************************************************* //
