/*--------------------------------*- C++ -*----------------------------------*\
| =========                 |                                                 |
| \\      /  F ield         | OpenFOAM: The Open Source CFD Toolbox           |
|  \\    /   O peration     | Version:  v2012                                 |
|   \\  /    A nd           | Website:  www.openfoam.com                      |
|    \\/     M anipulation  |                                                 |
\*---------------------------------------------------------------------------*/
FoamFile
{
    version     2.0;
    format      ascii;
    class       pointVectorField;
    location    "0.9";
    object      pointDisplacement;
}
// * * * * * * * * * * * * * * * * * * * * * * * * * * * * * * * * * * * * * //

dimensions      [0 1 0 0 0 0 0];


internalField   uniform (0 0 0);

boundaryField
{
    airfoil
    {
        type            PIDangularDisplacement;
        axis            (0 0 1);
        origin          (0.25 0 0);
        angle0          0;
        angle           0;
        amplitude       0.261799;
        omega           0;
        omegamin        -0.7;
        p0              nonuniform List<vector> 
342
(
(0 0 0)
(0.000354188 -0.00196839 0)
(0.000354188 -0.00196839 -1)
(0 0 -1)
(0.000724271 -0.00402512 0)
(0.000724271 -0.00402512 -1)
(0.00125364 -0.00612998 0)
(0.00125364 -0.00612998 -1)
(0.00222058 -0.00819266 0)
(0.00222058 -0.00819266 -1)
(0.00347781 -0.0102128 0)
(0.00347781 -0.0102128 -1)
(0.00498208 -0.0121907 0)
(0.00498208 -0.0121907 -1)
(0.00674053 -0.0140982 0)
(0.00674053 -0.0140982 -1)
(0.00871555 -0.0159501 0)
(0.00871555 -0.0159501 -1)
(0.0108969 -0.0177452 0)
(0.0108969 -0.0177452 -1)
(0.0132769 -0.0194828 0)
(0.0132769 -0.0194828 -1)
(0.0158444 -0.0211717 0)
(0.0158444 -0.0211717 -1)
(0.0185961 -0.0228126 0)
(0.0185961 -0.0228126 -1)
(0.0215275 -0.0244118 0)
(0.0215275 -0.0244118 -1)
(0.0246373 -0.0259718 0)
(0.0246373 -0.0259718 -1)
(0.027925 -0.0274963 0)
(0.027925 -0.0274963 -1)
(0.0313922 -0.0289856 0)
(0.0313922 -0.0289856 -1)
(0.0350391 -0.0304447 0)
(0.0350391 -0.0304447 -1)
(0.0388688 -0.0318729 0)
(0.0388688 -0.0318729 -1)
(0.0428833 -0.0332728 0)
(0.0428833 -0.0332728 -1)
(0.0470856 -0.0346449 0)
(0.0470856 -0.0346449 -1)
(0.0514793 -0.0359897 0)
(0.0514793 -0.0359897 -1)
(0.0560674 -0.0373085 0)
(0.0560674 -0.0373085 -1)
(0.0608539 -0.0386002 0)
(0.0608539 -0.0386002 -1)
(0.0658425 -0.0398654 0)
(0.0658425 -0.0398654 -1)
(0.0710369 -0.0411038 0)
(0.0710369 -0.0411038 -1)
(0.0764411 -0.0423143 0)
(0.0764411 -0.0423143 -1)
(0.0820588 -0.0434971 0)
(0.0820588 -0.0434971 -1)
(0.0878939 -0.0446506 0)
(0.0878939 -0.0446506 -1)
(0.0939498 -0.0457741 0)
(0.0939498 -0.0457741 -1)
(0.10023 -0.0468664 0)
(0.10023 -0.0468664 -1)
(0.106738 -0.0479263 0)
(0.106738 -0.0479263 -1)
(0.113477 -0.0489525 0)
(0.113477 -0.0489525 -1)
(0.12045 -0.0499435 0)
(0.12045 -0.0499435 -1)
(0.127659 -0.0508979 0)
(0.127659 -0.0508979 -1)
(0.135106 -0.051814 0)
(0.135106 -0.051814 -1)
(0.142793 -0.0526901 0)
(0.142793 -0.0526901 -1)
(0.150722 -0.0535247 0)
(0.150722 -0.0535247 -1)
(0.158894 -0.0543162 0)
(0.158894 -0.0543162 -1)
(0.167309 -0.0550626 0)
(0.167309 -0.0550626 -1)
(0.175967 -0.0557626 0)
(0.175967 -0.0557626 -1)
(0.184868 -0.0564143 0)
(0.184868 -0.0564143 -1)
(0.19401 -0.0570163 0)
(0.19401 -0.0570163 -1)
(0.203393 -0.0575669 0)
(0.203393 -0.0575669 -1)
(0.213013 -0.0580649 0)
(0.213013 -0.0580649 -1)
(0.222868 -0.0585087 0)
(0.222868 -0.0585087 -1)
(0.232954 -0.0588973 0)
(0.232954 -0.0588973 -1)
(0.243268 -0.0592294 0)
(0.243268 -0.0592294 -1)
(0.253803 -0.0595043 0)
(0.253803 -0.0595043 -1)
(0.264554 -0.0597209 0)
(0.264554 -0.0597209 -1)
(0.275515 -0.0598788 0)
(0.275515 -0.0598788 -1)
(0.286679 -0.0599774 0)
(0.286679 -0.0599774 -1)
(0.298038 -0.0600165 0)
(0.298038 -0.0600165 -1)
(0.309583 -0.059996 0)
(0.309583 -0.059996 -1)
(0.321305 -0.0599161 0)
(0.321305 -0.0599161 -1)
(0.333195 -0.059777 0)
(0.333195 -0.059777 -1)
(0.345242 -0.0595794 0)
(0.345242 -0.0595794 -1)
(0.357434 -0.0593239 0)
(0.357434 -0.0593239 -1)
(0.36976 -0.0590115 0)
(0.36976 -0.0590115 -1)
(0.382207 -0.0586434 0)
(0.382207 -0.0586434 -1)
(0.394764 -0.0582209 0)
(0.394764 -0.0582209 -1)
(0.407416 -0.0577455 0)
(0.407416 -0.0577455 -1)
(0.42015 -0.057219 0)
(0.42015 -0.057219 -1)
(0.432953 -0.0566431 0)
(0.432953 -0.0566431 -1)
(0.445809 -0.0560199 0)
(0.445809 -0.0560199 -1)
(0.458704 -0.0553516 0)
(0.458704 -0.0553516 -1)
(0.471623 -0.0546403 0)
(0.471623 -0.0546403 -1)
(0.484553 -0.0538886 0)
(0.484553 -0.0538886 -1)
(0.497477 -0.0530987 0)
(0.497477 -0.0530987 -1)
(0.510382 -0.0522733 0)
(0.510382 -0.0522733 -1)
(0.523252 -0.051415 0)
(0.523252 -0.051415 -1)
(0.536073 -0.0505263 0)
(0.536073 -0.0505263 -1)
(0.548831 -0.0496098 0)
(0.548831 -0.0496098 -1)
(0.561511 -0.0486683 0)
(0.561511 -0.0486683 -1)
(0.574101 -0.0477043 0)
(0.574101 -0.0477043 -1)
(0.586586 -0.0467205 0)
(0.586586 -0.0467205 -1)
(0.598954 -0.0457195 0)
(0.598954 -0.0457195 -1)
(0.611193 -0.0447038 0)
(0.611193 -0.0447038 -1)
(0.623291 -0.0436758 0)
(0.623291 -0.0436758 -1)
(0.635236 -0.042638 0)
(0.635236 -0.042638 -1)
(0.647019 -0.0415928 0)
(0.647019 -0.0415928 -1)
(0.658629 -0.0405423 0)
(0.658629 -0.0405423 -1)
(0.670057 -0.0394888 0)
(0.670057 -0.0394888 -1)
(0.681294 -0.0384342 0)
(0.681294 -0.0384342 -1)
(0.692334 -0.0373807 0)
(0.692334 -0.0373807 -1)
(0.703168 -0.0363301 0)
(0.703168 -0.0363301 -1)
(0.000354188 0.00196839 0)
(0.000354188 0.00196839 -1)
(0.000724271 0.00402512 0)
(0.000724271 0.00402512 -1)
(0.00125364 0.00612998 0)
(0.00125364 0.00612998 -1)
(0.00222058 0.00819266 0)
(0.00222058 0.00819266 -1)
(0.00347781 0.0102128 0)
(0.00347781 0.0102128 -1)
(0.00498208 0.0121907 0)
(0.00498208 0.0121907 -1)
(0.00674053 0.0140982 0)
(0.00674053 0.0140982 -1)
(0.00871555 0.0159501 0)
(0.00871555 0.0159501 -1)
(0.0108969 0.0177452 0)
(0.0108969 0.0177452 -1)
(0.0132769 0.0194828 0)
(0.0132769 0.0194828 -1)
(0.0158444 0.0211717 0)
(0.0158444 0.0211717 -1)
(0.0185961 0.0228126 0)
(0.0185961 0.0228126 -1)
(0.0215275 0.0244118 0)
(0.0215275 0.0244118 -1)
(0.0246373 0.0259718 0)
(0.0246373 0.0259718 -1)
(0.027925 0.0274963 0)
(0.027925 0.0274963 -1)
(0.0313922 0.0289856 0)
(0.0313922 0.0289856 -1)
(0.0350391 0.0304447 0)
(0.0350391 0.0304447 -1)
(0.0388688 0.0318729 0)
(0.0388688 0.0318729 -1)
(0.0428833 0.0332728 0)
(0.0428833 0.0332728 -1)
(0.0470856 0.0346449 0)
(0.0470856 0.0346449 -1)
(0.0514793 0.0359897 0)
(0.0514793 0.0359897 -1)
(0.0560674 0.0373085 0)
(0.0560674 0.0373085 -1)
(0.0608539 0.0386002 0)
(0.0608539 0.0386002 -1)
(0.0658425 0.0398654 0)
(0.0658425 0.0398654 -1)
(0.0710369 0.0411038 0)
(0.0710369 0.0411038 -1)
(0.0764411 0.0423143 0)
(0.0764411 0.0423143 -1)
(0.0820588 0.0434971 0)
(0.0820588 0.0434971 -1)
(0.0878939 0.0446506 0)
(0.0878939 0.0446506 -1)
(0.0939498 0.0457741 0)
(0.0939498 0.0457741 -1)
(0.10023 0.0468664 0)
(0.10023 0.0468664 -1)
(0.106738 0.0479263 0)
(0.106738 0.0479263 -1)
(0.113477 0.0489525 0)
(0.113477 0.0489525 -1)
(0.12045 0.0499435 0)
(0.12045 0.0499435 -1)
(0.127659 0.0508979 0)
(0.127659 0.0508979 -1)
(0.135106 0.051814 0)
(0.135106 0.051814 -1)
(0.142793 0.0526901 0)
(0.142793 0.0526901 -1)
(0.150722 0.0535247 0)
(0.150722 0.0535247 -1)
(0.158894 0.0543162 0)
(0.158894 0.0543162 -1)
(0.167309 0.0550626 0)
(0.167309 0.0550626 -1)
(0.175967 0.0557626 0)
(0.175967 0.0557626 -1)
(0.184868 0.0564143 0)
(0.184868 0.0564143 -1)
(0.19401 0.0570163 0)
(0.19401 0.0570163 -1)
(0.203393 0.0575669 0)
(0.203393 0.0575669 -1)
(0.213013 0.0580649 0)
(0.213013 0.0580649 -1)
(0.222868 0.0585087 0)
(0.222868 0.0585087 -1)
(0.232954 0.0588973 0)
(0.232954 0.0588973 -1)
(0.243268 0.0592294 0)
(0.243268 0.0592294 -1)
(0.253803 0.0595043 0)
(0.253803 0.0595043 -1)
(0.264554 0.0597209 0)
(0.264554 0.0597209 -1)
(0.275515 0.0598788 0)
(0.275515 0.0598788 -1)
(0.286679 0.0599774 0)
(0.286679 0.0599774 -1)
(0.298038 0.0600165 0)
(0.298038 0.0600165 -1)
(0.309583 0.059996 0)
(0.309583 0.059996 -1)
(0.321305 0.0599161 0)
(0.321305 0.0599161 -1)
(0.333195 0.059777 0)
(0.333195 0.059777 -1)
(0.345242 0.0595794 0)
(0.345242 0.0595794 -1)
(0.357434 0.0593239 0)
(0.357434 0.0593239 -1)
(0.36976 0.0590115 0)
(0.36976 0.0590115 -1)
(0.382207 0.0586434 0)
(0.382207 0.0586434 -1)
(0.394764 0.0582209 0)
(0.394764 0.0582209 -1)
(0.407416 0.0577455 0)
(0.407416 0.0577455 -1)
(0.42015 0.057219 0)
(0.42015 0.057219 -1)
(0.432953 0.0566431 0)
(0.432953 0.0566431 -1)
(0.445809 0.0560199 0)
(0.445809 0.0560199 -1)
(0.458704 0.0553516 0)
(0.458704 0.0553516 -1)
(0.471623 0.0546403 0)
(0.471623 0.0546403 -1)
(0.484553 0.0538886 0)
(0.484553 0.0538886 -1)
(0.497477 0.0530987 0)
(0.497477 0.0530987 -1)
(0.510382 0.0522733 0)
(0.510382 0.0522733 -1)
(0.523252 0.051415 0)
(0.523252 0.051415 -1)
(0.536073 0.0505263 0)
(0.536073 0.0505263 -1)
(0.548831 0.0496098 0)
(0.548831 0.0496098 -1)
(0.561511 0.0486683 0)
(0.561511 0.0486683 -1)
(0.574101 0.0477043 0)
(0.574101 0.0477043 -1)
(0.586586 0.0467205 0)
(0.586586 0.0467205 -1)
(0.598954 0.0457195 0)
(0.598954 0.0457195 -1)
(0.611193 0.0447038 0)
(0.611193 0.0447038 -1)
(0.623291 0.0436758 0)
(0.623291 0.0436758 -1)
(0.635236 0.042638 0)
(0.635236 0.042638 -1)
(0.647019 0.0415928 0)
(0.647019 0.0415928 -1)
(0.658629 0.0405423 0)
(0.658629 0.0405423 -1)
(0.670057 0.0394888 0)
(0.670057 0.0394888 -1)
(0.681294 0.0384342 0)
(0.681294 0.0384342 -1)
(0.692334 0.0373807 0)
(0.692334 0.0373807 -1)
(0.703168 0.0363301 0)
(0.703168 0.0363301 -1)
)
;
        t0              0;
        P               -0.3097;
        I               -0.4533;
        D               0;
        value           uniform (0 0 0);
    }
    freestream
    {
        type            fixedValue;
        value           uniform (0 0 0);
    }
    outlet
    {
        type            fixedValue;
        value           nonuniform List<vector> 0();
    }
    BaseAndTop
    {
        type            empty;
    }
    procBoundary0to1
    {
        type            processor;
    }
}


// ************************************************************************* //
