/*--------------------------------*- C++ -*----------------------------------*\
| =========                 |                                                 |
| \\      /  F ield         | OpenFOAM: The Open Source CFD Toolbox           |
|  \\    /   O peration     | Version:  v2012                                 |
|   \\  /    A nd           | Website:  www.openfoam.com                      |
|    \\/     M anipulation  |                                                 |
\*---------------------------------------------------------------------------*/
FoamFile
{
    version     2.0;
    format      ascii;
    class       labelList;
    note        "nPoints:8004  nCells:6319  nFaces:22959  nInternalFaces:9938";
    location    "constant/polyMesh";
    object      neighbour;
}
// * * * * * * * * * * * * * * * * * * * * * * * * * * * * * * * * * * * * * //


9938
(
1
2
3
4
5
6
6
7
8
9
10
11
12
12
13
14
15
16
17
16
18
19
20
21
17
22
23
24
25
26
20
27
28
22
29
30
31
32
31
33
32
34
27
35
36
37
38
39
33
40
41
42
43
44
45
44
46
37
47
48
49
50
51
50
52
53
54
55
56
52
54
57
55
58
47
59
60
61
62
62
63
64
65
66
67
56
68
69
70
71
58
72
73
72
74
61
75
76
77
78
66
79
80
81
69
82
83
84
83
73
85
85
86
87
88
75
89
90
91
92
78
91
93
82
94
95
95
96
97
98
86
99
100
101
102
103
102
104
103
105
92
105
106
107
108
96
109
110
111
98
112
113
113
114
115
116
114
117
118
119
115
120
121
108
122
122
123
124
112
125
126
127
126
128
129
130
131
132
117
133
134
120
135
121
136
137
138
139
140
141
142
128
143
144
145
146
130
147
148
149
150
151
152
151
153
149
153
154
155
154
156
152
157
140
158
142
159
160
159
161
162
147
163
146
164
164
165
166
167
168
169
170
169
171
172
173
174
175
157
176
158
177
178
179
180
161
181
182
183
184
185
186
187
188
185
189
168
186
190
191
171
192
193
194
195
194
196
195
197
198
199
198
200
199
201
196
202
181
203
184
204
205
205
206
207
208
209
210
188
189
211
212
191
213
214
197
215
216
217
218
219
220
221
222
223
224
225
226
227
225
228
227
229
206
230
231
232
208
233
230
210
234
235
236
237
236
238
239
240
217
241
216
242
243
244
245
246
246
247
228
248
247
249
223
250
251
250
252
253
251
254
255
256
231
257
258
259
259
260
261
238
262
240
263
264
265
266
241
267
268
269
249
270
244
271
272
248
273
274
275
276
277
278
279
280
281
281
282
255
283
284
282
285
286
287
260
261
288
289
290
263
291
292
265
293
294
293
295
296
297
292
296
272
298
271
299
300
301
274
302
303
303
304
285
302
304
305
280
306
306
307
308
309
310
307
311
286
312
313
314
288
315
316
317
318
317
319
295
320
321
322
323
324
325
326
327
327
328
329
330
301
330
331
332
333
334
329
335
336
337
336
338
310
339
340
312
341
342
343
344
342
345
345
346
318
347
348
349
350
351
352
351
353
323
354
355
352
354
356
357
356
358
359
331
360
361
362
363
343
364
334
365
366
366
367
368
368
369
370
371
371
372
373
374
369
375
376
377
374
378
379
347
380
381
350
382
382
383
384
385
386
357
387
388
389
390
391
392
393
360
394
395
396
397
396
398
398
399
365
400
401
402
397
403
404
405
406
407
408
373
409
410
411
412
413
379
414
415
416
411
415
417
418
419
383
420
421
422
423
387
424
425
426
427
389
426
428
393
429
429
430
394
431
432
433
399
434
435
436
437
438
416
439
402
439
440
440
441
405
442
443
442
444
408
445
446
446
447
448
449
449
414
450
443
451
452
453
454
419
455
456
457
458
456
459
423
460
459
460
461
425
462
463
464
430
465
464
466
467
468
469
470
471
472
434
469
473
436
474
475
438
476
477
478
479
475
480
481
482
483
484
483
485
486
448
487
488
489
490
491
490
492
493
494
495
496
495
497
493
498
458
499
500
501
502
502
503
504
505
506
505
503
507
508
471
509
507
510
511
472
512
513
514
515
516
517
518
519
517
520
515
520
479
497
521
521
522
482
523
492
524
523
525
486
526
527
527
528
529
530
529
531
532
494
533
534
535
531
536
537
499
538
539
540
541
542
506
543
544
545
546
544
547
510
548
549
516
550
550
551
552
553
552
554
555
556
557
519
558
559
560
561
562
563
564
526
565
566
567
568
569
530
570
571
572
573
533
574
574
575
576
577
577
578
561
579
540
580
581
582
580
583
584
584
585
586
585
586
583
587
588
553
589
587
589
590
554
591
592
593
594
556
595
596
597
598
598
599
563
600
595
597
601
601
602
603
566
575
567
604
605
606
569
607
570
608
573
609
610
611
578
612
579
613
614
615
616
617
582
618
619
620
621
588
622
623
624
596
625
625
626
593
627
628
627
629
630
631
632
633
600
634
635
616
636
637
635
636
607
638
606
639
640
641
642
643
611
644
643
645
646
647
614
648
649
644
650
651
618
652
653
652
654
654
655
656
657
658
656
659
660
629
661
662
659
663
664
632
665
660
666
667
668
669
668
670
671
672
651
673
640
674
647
675
676
642
677
678
679
680
646
681
682
683
684
685
686
686
687
683
688
657
689
690
658
691
692
693
694
695
696
697
698
663
699
700
699
701
702
703
702
704
669
705
706
707
671
708
709
709
710
711
712
677
713
676
714
715
715
716
716
717
682
687
718
719
720
712
721
722
721
723
724
725
726
727
728
729
691
726
730
729
731
700
697
732
733
701
734
735
705
736
732
737
738
707
739
738
740
741
742
711
743
744
722
745
746
745
746
747
719
748
720
749
750
751
752
753
754
755
725
754
756
757
728
758
731
759
760
734
761
762
737
763
763
764
765
766
741
767
742
768
769
770
770
771
771
772
773
774
775
776
776
777
778
779
777
778
779
780
755
781
772
781
782
783
780
782
758
759
784
785
761
786
787
788
789
790
791
786
792
790
793
793
794
795
796
794
796
797
798
799
800
800
801
801
802
803
804
805
806
807
808
809
810
811
812
812
813
813
814
815
792
816
817
816
818
819
820
821
797
822
823
824
824
825
808
826
827
828
829
830
804
830
831
832
833
807
834
835
836
810
837
838
839
840
841
842
815
843
844
818
845
846
844
847
821
848
849
823
850
851
852
826
853
854
828
855
855
856
857
858
859
859
860
834
861
862
837
863
854
864
865
839
865
866
864
867
847
868
868
869
848
870
869
870
871
872
872
873
874
875
874
876
875
877
877
878
879
880
881
858
882
883
884
885
886
886
887
863
887
888
889
890
867
891
892
893
894
895
896
897
898
876
899
900
901
902
903
879
904
905
882
906
907
884
908
885
909
910
911
912
913
905
914
891
912
915
914
916
896
897
917
898
918
919
920
921
902
922
923
924
924
925
923
904
926
927
928
929
930
908
931
932
933
934
933
935
913
935
936
937
938
939
940
940
941
942
943
942
944
920
945
946
922
947
948
949
950
926
951
952
928
953
954
931
955
956
934
956
957
958
959
939
960
960
961
962
963
964
965
962
966
967
946
967
947
968
969
970
971
971
972
972
973
974
975
974
976
953
976
977
963
977
978
979
980
981
981
982
961
983
984
985
986
987
965
988
966
989
990
991
992
970
993
994
995
975
996
997
998
999
1000
1001
1001
1002
983
1003
1004
1002
1005
1006
1007
1008
1006
1007
1009
1010
1010
1011
1008
1012
1009
1013
992
1014
994
1015
1016
1014
1017
1018
1019
1020
1019
1021
998
1022
1023
1022
1024
1011
1025
1026
1027
1028
1029
1028
1030
1030
1031
1032
1033
1034
1035
1036
1037
1038
1039
1039
1040
1041
1016
1042
1043
1044
1020
1045
1046
1047
1023
1048
1049
1050
1025
1051
1052
1027
1053
1054
1055
1056
1057
1058
1054
1059
1033
1057
1060
1038
1060
1061
1062
1062
1063
1063
1064
1065
1066
1061
1067
1043
1068
1045
1069
1070
1068
1071
1072
1073
1074
1072
1074
1073
1075
1076
1077
1075
1076
1077
1078
1064
1079
1080
1081
1056
1082
1083
1084
1059
1085
1086
1087
1088
1089
1090
1091
1066
1092
1093
1093
1094
1095
1070
1096
1097
1098
1099
1100
1101
1102
1103
1104
1079
1105
1106
1081
1107
1085
1108
1108
1109
1087
1110
1111
1111
1112
1113
1089
1114
1115
1116
1117
1106
1117
1118
1119
1120
1114
1121
1097
1122
1099
1123
1124
1122
1125
1126
1127
1127
1128
1129
1130
1104
1130
1131
1132
1133
1134
1112
1135
1136
1110
1137
1138
1139
1140
1119
1141
1142
1116
1143
1144
1145
1120
1146
1147
1148
1148
1149
1150
1124
1151
1152
1128
1153
1129
1154
1155
1156
1157
1158
1132
1159
1160
1134
1161
1162
1163
1137
1164
1165
1141
1166
1164
1167
1163
1168
1169
1143
1170
1171
1171
1172
1162
1172
1147
1173
1174
1175
1176
1177
1152
1178
1153
1179
1180
1181
1182
1183
1156
1182
1181
1184
1185
1159
1185
1186
1187
1188
1187
1189
1190
1191
1192
1193
1194
1194
1195
1168
1196
1197
1174
1198
1176
1199
1200
1201
1202
1203
1204
1177
1203
1205
1206
1207
1208
1209
1208
1210
1211
1212
1184
1213
1214
1215
1188
1216
1217
1218
1190
1219
1220
1221
1196
1222
1222
1223
1224
1198
1225
1226
1221
1227
1228
1229
1230
1201
1231
1232
1204
1233
1234
1235
1230
1236
1236
1237
1210
1238
1211
1239
1240
1241
1241
1242
1242
1243
1244
1245
1216
1245
1218
1246
1247
1248
1247
1249
1232
1250
1251
1252
1224
1253
1225
1254
1227
1255
1256
1235
1257
1231
1258
1259
1260
1261
1234
1262
1263
1264
1265
1263
1266
1267
1268
1267
1269
1268
1270
1271
1272
1273
1272
1274
1275
1248
1276
1277
1278
1250
1279
1280
1281
1282
1283
1283
1284
1285
1286
1282
1287
1281
1288
1264
1289
1259
1290
1291
1261
1292
1280
1264
1293
1294
1295
1296
1296
1297
1298
1299
1270
1300
1301
1273
1301
1302
1303
1304
1305
1304
1306
1307
1308
1279
1308
1306
1309
1310
1311
1312
1313
1314
1285
1315
1316
1289
1317
1318
1319
1319
1320
1321
1292
1322
1295
1323
1324
1325
1326
1297
1327
1328
1329
1330
1331
1332
1332
1333
1334
1335
1334
1305
1337
1337
1338
1339
1340
1341
1309
1342
1343
1344
1311
1345
1346
1320
1318
1347
1315
1348
1349
1317
1350
1351
1352
1353
1354
1326
1355
1356
1357
1357
1358
1346
1356
1327
1359
1360
1361
1358
1362
1330
1363
1364
1335
1365
1366
1336
1367
1368
1369
1370
1368
1371
1341
1372
1372
1373
1374
1343
1375
1376
1375
1377
1376
1378
1379
1348
1380
1381
1381
1382
1383
1384
1355
1385
1386
1387
1386
1388
1389
1390
1391
1392
1393
1360
1394
1395
1364
1394
1363
1396
1397
1398
1366
1399
1400
1400
1401
1369
1402
1403
1404
1405
1406
1407
1403
1408
1377
1409
1410
1411
1412
1379
1413
1414
1387
1415
1415
1383
1416
1417
1418
1419
1418
1420
1421
1422
1389
1423
1424
1420
1425
1426
1427
1427
1428
1428
1429
1430
1425
1431
1429
1432
1398
1433
1434
1435
1436
1436
1406
1437
1438
1405
1439
1440
1441
1409
1442
1442
1443
1444
1445
1446
1413
1446
1445
1447
1448
1426
1449
1450
1451
1452
1419
1452
1453
1454
1455
1423
1456
1457
1458
1459
1459
1460
1461
1462
1463
1464
1431
1434
1465
1433
1466
1467
1468
1437
1469
1470
1472
1439
1473
1474
1441
1475
1476
1477
1473
1478
1447
1479
1480
1481
1482
1449
1483
1484
1451
1485
1486
1487
1488
1489
1490
1491
1489
1492
1457
1493
1494
1485
1495
1496
1492
1497
1484
1498
1498
1499
1499
1500
1500
1501
1497
1502
1501
1503
1503
1504
1504
1505
1506
1507
1471
1506
1508
1509
1510
1511
1475
1512
1513
1509
1514
1479
1515
1515
1516
1517
1482
1518
1483
1519
1520
1521
1522
1523
1523
1524
1525
1526
1490
1527
1528
1529
1525
1530
1531
1532
1533
1495
1534
1535
1533
1536
1537
1538
1539
1540
1505
1541
1542
1543
1544
1545
1510
1546
1547
1548
1549
1550
1551
1551
1552
1514
1553
1554
1555
1550
1556
1520
1557
1519
1558
1559
1560
1561
1562
1561
1563
1564
1565
1566
1567
1566
1568
1528
1569
1570
1571
1572
1572
1573
1570
1574
1534
1575
1576
1577
1564
1578
1541
1574
1563
1579
1579
1580
1580
1581
1581
1582
1583
1584
1585
1544
1584
1586
1547
1587
1588
1589
1590
1549
1591
1592
1593
1594
1553
1595
1596
1591
1597
1556
1598
1599
1598
1600
1560
1601
1562
1602
1603
1604
1605
1606
1607
1607
1608
1609
1568
1610
1611
1571
1612
1613
1614
1615
1610
1616
1617
1618
1619
1620
1621
1622
1623
1624
1625
1626
1627
1585
1628
1586
1629
1630
1631
1632
1588
1633
1634
1592
1635
1633
1636
1637
1638
1639
1639
1640
1640
1641
1597
1641
1642
1643
1638
1644
1645
1646
1602
1647
1648
1646
1649
1605
1650
1651
1650
1652
1624
1653
1654
1611
1653
1655
1656
1613
1657
1658
1615
1659
1660
1660
1661
1658
1662
1621
1663
1620
1664
1665
1623
1666
1667
1668
1652
1669
1669
1670
1628
1670
1671
1662
1672
1673
1674
1673
1675
1672
1674
1676
1676
1677
1677
1678
1642
1679
1679
1680
1681
1682
1683
1684
1685
1644
1645
1686
1687
1688
1649
1689
1651
1689
1690
1691
1692
1693
1694
1695
1696
1697
1698
1698
1699
1700
1701
1702
1700
1703
1704
1697
1705
1706
1664
1707
1708
1666
1709
1710
1668
1711
1712
1713
1714
1715
1716
1717
1718
1719
1715
1720
1721
1722
1680
1723
1725
1726
1686
1727
1727
1728
1729
1730
1729
1731
1732
1733
1734
1735
1736
1736
1737
1738
1737
1739
1740
1741
1740
1742
1713
1741
1696
1743
1712
1744
1745
1746
1747
1743
1748
1749
1702
1750
1751
1704
1752
1705
1753
1751
1754
1709
1755
1756
1757
1711
1758
1759
1760
1761
1761
1762
1763
1762
1764
1765
1766
1767
1768
1765
1768
1767
1769
1724
1770
1723
1771
1772
1773
1726
1732
1774
1775
1730
1776
1777
1778
1733
1779
1780
1781
1735
1782
1783
1784
1785
1739
1786
1787
1788
1789
1786
1790
1791
1792
1793
1791
1794
1795
1796
1795
1797
1797
1798
1799
1800
1799
1801
1802
1800
1803
1803
1804
1766
1805
1806
1807
1806
1808
1758
1809
1810
1760
1811
1812
1813
1814
1769
1815
1815
1816
1817
1818
1819
1820
1821
1771
1822
1823
1824
1825
1822
1824
1826
1827
1828
1828
1829
1779
1830
1829
1831
1832
1781
1833
1834
1827
1835
1836
1837
1785
1836
1838
1839
1840
1841
1842
1843
1843
1844
1842
1845
1846
1812
1847
1848
1849
1848
1850
1851
1804
1852
1853
1846
1854
1855
1856
1802
1857
1805
1858
1859
1860
1861
1862
1863
1864
1862
1865
1811
1866
1867
1868
1814
1844
1869
1870
1870
1871
1818
1872
1873
1821
1874
1872
1875
1876
1877
1825
1878
1879
1880
1833
1881
1882
1883
1884
1831
1885
1886
1885
1887
1888
1887
1889
1837
1890
1891
1892
1840
1893
1841
1845
1894
1895
1896
1897
1898
1899
1900
1901
1902
1903
1902
1904
1903
1905
1906
1907
1906
1908
1854
1907
1909
1910
1911
1858
1910
1911
1912
1913
1908
1914
1912
1915
1863
1864
1916
1917
1918
1919
1920
1920
1921
1868
1921
1901
1871
1922
1923
1924
1925
1915
1926
1875
1927
1928
1929
1930
1878
1931
1932
1933
1934
1933
1935
1934
1936
1890
1937
1937
1938
1939
1940
1941
1939
1942
1943
1889
1944
1945
1946
1947
1948
1948
1949
1947
1950
1950
1951
1951
1952
1899
1953
1954
1955
1922
1954
1956
1905
1957
1958
1959
1960
1960
1961
1962
1963
1964
1965
1966
1967
1968
1969
1970
1971
1972
1973
1974
1975
1919
1976
1977
1978
1979
1980
1981
1982
1983
1930
1984
1985
1986
1987
1988
1987
1989
1929
1990
1988
1990
1991
1992
1993
1935
1994
1995
1996
1997
1944
1998
1999
1940
2000
2001
2002
1943
2003
2003
2004
2005
2006
2007
2008
1949
2009
2010
2011
2012
2013
2014
1956
2015
1955
2016
2017
2018
2019
1966
2020
2021
2022
2022
2023
2024
2023
2025
2026
2027
1964
2028
2029
2028
2030
2031
2032
2033
1972
2034
2034
2035
2035
2036
1974
2037
2038
2030
2039
2040
1989
2036
1978
2041
1979
2042
2043
2044
2045
2046
2045
2047
2021
2048
1985
2049
1986
2050
2051
2052
2053
2054
2055
2056
1992
2057
2050
1994
2058
2059
2060
2061
2060
2062
2063
2064
2065
2066
2000
2067
2068
2069
2070
2069
2071
2072
2070
2073
2008
2074
2007
2066
2075
2076
2067
2077
2078
2079
2012
2080
2081
2078
2082
2082
2083
2083
2084
2019
2085
2018
2049
2086
2087
2027
2088
2089
2090
2091
2026
2092
2092
2093
2094
2095
2096
2033
2097
2098
2032
2099
2100
2101
2102
2103
2104
2105
2106
2106
2107
2040
2108
2109
2110
2111
2112
2113
2111
2113
2112
2114
2110
2115
2048
2116
2117
2118
2119
2120
2121
2120
2122
2123
2124
2125
2126
2123
2127
2126
2128
2128
2129
2130
2063
2130
2131
2064
2132
2065
2133
2134
2135
2136
2137
2138
2071
2139
2140
2141
2142
2074
2143
2143
2144
2145
2146
2147
2147
2148
2081
2149
2150
2080
2151
2152
2153
2154
2155
2156
2157
2086
2158
2159
2157
2160
2099
2161
2117
2162
2162
2163
2093
2164
2165
2166
2095
2167
2168
2169
2170
2169
2171
2172
2173
2174
2175
2176
2175
2177
2107
2178
2179
2180
2180
2181
2109
2182
2183
2184
2173
2185
2186
2187
2188
2189
2190
2116
2191
2191
2192
2193
2194
2121
2195
2129
2196
2197
2198
2196
2199
2200
2125
2201
2202
2203
2181
2204
2205
2206
2207
2133
2208
2208
2209
2210
2211
2212
2212
2213
2214
2215
2146
2214
2216
2217
2217
2218
2219
2220
2220
2221
2218
2222
2223
2221
2224
2148
2225
2226
2227
2228
2216
2229
2230
2231
2231
2232
2153
2233
2234
2155
2235
2236
2236
2237
2238
2160
2239
2195
2239
2240
2168
2241
2242
2243
2244
2244
2245
2246
2247
2246
2248
2247
2249
2250
2251
2172
2252
2177
2253
2254
2255
2176
2256
2257
2258
2259
2179
2260
2261
2262
2263
2264
2265
2184
2264
2266
2186
2267
2268
2192
2269
2270
2271
2272
2271
2272
2273
2274
2194
2275
2276
2277
2278
2198
2279
2280
2279
2281
2201
2282
2283
2203
2284
2285
2282
2286
2287
2288
2288
2289
2211
2290
2291
2292
2215
2293
2294
2295
2292
2296
2297
2298
2299
2300
2301
2222
2302
2303
2304
2305
2224
2306
2307
2306
2308
2309
2310
2310
2311
2308
2311
2234
2312
2235
2313
2314
2233
2315
2316
2317
2318
2318
2238
2319
2240
2320
2321
2256
2322
2276
2323
2323
2324
2325
2248
2326
2327
2328
2329
2250
2330
2331
2252
2332
2333
2332
2334
2255
2335
2336
2337
2338
2339
2339
2340
2334
2338
2266
2341
2262
2341
2342
2342
2343
2344
2268
2345
2346
2336
2347
2348
2270
2349
2350
2351
2352
2353
2354
2354
2355
2356
2357
2357
2280
2358
2289
2359
2360
2361
2359
2362
2363
2284
2364
2365
2287
2366
2343
2367
2368
2369
2370
2293
2372
2372
2373
2374
2375
2371
2376
2376
2377
2377
2378
2379
2380
2379
2381
2382
2383
2383
2384
2384
2385
2386
2387
2387
2388
2389
2390
2385
2391
2392
2390
2393
2394
2380
2395
2396
2397
2382
2398
2314
2399
2400
2400
2401
2317
2402
2403
2404
2405
2406
2358
2407
2407
2408
2331
2409
2410
2325
2411
2412
2412
2413
2329
2414
2415
2416
2417
2416
2418
2418
2419
2335
2420
2421
2422
2423
2409
2424
2425
2426
2424
2427
2428
2429
2430
2431
2432
2433
2434
2432
2435
2348
2436
2434
2355
2437
2438
2439
2438
2440
2440
2441
2356
2442
2443
2444
2445
2446
2447
2448
2449
2450
2449
2451
2450
2452
2453
2454
2454
2455
2366
2455
2456
2453
2457
2369
2458
2459
2448
2459
2460
2461
2462
2461
2463
2381
2464
2465
2466
2463
2467
2468
2469
2470
2471
2472
2473
2474
2391
2475
2476
2389
2477
2478
2479
2480
2393
2481
2482
2481
2483
2484
2485
2485
2486
2486
2487
2403
2488
2489
2490
2491
2402
2492
2493
2493
2405
2489
2494
2495
2496
2497
2498
2499
2500
2501
2502
2503
2504
2504
2417
2505
2415
2506
2507
2508
2509
2510
2420
2511
2512
2511
2513
2514
2515
2436
2515
2516
2426
2517
2518
2518
2519
2520
2521
2520
2522
2522
2523
2433
2524
2525
2526
2527
2528
2529
2530
2531
2532
2533
2531
2534
2535
2443
2536
2537
2537
2538
2539
2540
2501
2540
2451
2497
2541
2542
2543
2544
2541
2545
2546
2547
2548
2549
2550
2523
2551
2549
2552
2553
2462
2464
2555
2556
2557
2558
2554
2559
2467
2560
2561
2562
2563
2484
2562
2563
2564
2565
2566
2565
2567
2567
2568
2480
2569
2570
2571
2477
2570
2572
2573
2574
2574
2575
2576
2577
2577
2578
2487
2579
2580
2581
2582
2583
2584
2585
2586
2587
2588
2587
2589
2589
2590
2591
2496
2586
2499
2592
2593
2498
2594
2595
2596
2597
2598
2503
2599
2600
2601
2602
2603
2509
2604
2604
2605
2605
2606
2607
2596
2608
2609
2514
2610
2611
2612
2613
2614
2597
2615
2612
2616
2617
2615
2618
2619
2529
2620
2621
2622
2525
2623
2624
2527
2625
2626
2624
2627
2628
2629
2630
2631
2538
2632
2534
2633
2634
2635
2636
2539
2637
2638
2639
2640
2641
2642
2643
2644
2545
2644
2643
2645
2646
2647
2648
2647
2649
2550
2649
2650
2651
2648
2652
2553
2653
2654
2655
2656
2655
2657
2658
2659
2564
2657
2560
2660
2661
2662
2663
2664
2665
2666
2667
2585
2668
2669
2670
2671
2671
2672
2673
2576
2674
2573
2675
2676
2677
2578
2678
2679
2680
2681
2680
2682
2683
2684
2683
2685
2686
2687
2682
2686
2591
2688
2689
2690
2691
2690
2692
2693
2591
2694
2593
2695
2696
2645
2697
2697
2698
2699
2700
2599
2701
2702
2703
2704
2602
2705
2706
2607
2707
2708
2709
2608
2710
2711
2712
2611
2713
2714
2715
2716
2717
2718
2719
2718
2720
2721
2722
2723
2722
2724
2724
2725
2620
2726
2727
2726
2728
2728
2729
2730
2731
2732
2730
2733
2629
2734
2628
2735
2736
2737
2720
2738
2632
2739
2740
2635
2741
2742
2743
2744
2745
2746
2747
2747
2748
2748
2749
2750
2751
2701
2751
2654
2752
2753
2754
2755
2752
2756
2757
2758
2759
2760
2761
2761
2762
2729
2763
2760
2764
2764
2766
2658
2767
2768
2769
2662
2770
2765
2771
2663
2772
2773
2774
2684
2775
2775
2776
2777
2778
2668
2779
2780
2670
2781
2782
2783
2679
2784
2785
2786
2785
2787
2786
2788
2788
2789
2678
2790
2791
2792
2793
2791
2794
2795
2796
2797
2687
2798
2799
2800
2801
2802
2803
2804
2805
2693
2806
2806
2807
2808
2801
2809
2698
2810
2811
2812
2813
2814
2712
2815
2815
2816
2817
2703
2818
2819
2705
2820
2821
2821
2822
2822
2823
2824
2825
2710
2826
2827
2823
2824
2828
2715
2829
2719
2830
2831
2832
2833
2723
2832
2834
2835
2836
2816
2837
2838
2839
2840
2837
2841
2842
2736
2843
2844
2845
2846
2847
2848
2735
2848
2734
2849
2850
2851
2852
2738
2853
2854
2743
2855
2749
2856
2742
2857
2858
2859
2860
2861
2860
2750
2862
2863
2864
2865
2866
2867
2868
2754
2869
2870
2869
2871
2870
2872
2873
2874
2874
2875
2762
2873
2876
2877
2878
2879
2880
2881
2882
2883
2883
2884
2777
2885
2886
2887
2887
2888
2772
2889
2890
2774
2891
2892
2893
2778
2894
2895
2896
2781
2897
2803
2897
2898
2899
2900
2784
2899
2901
2902
2903
2792
2904
2905
2790
2906
2907
2908
2909
2910
2911
2910
2912
2913
2914
2915
2916
2915
2917
2916
2918
2800
2914
2919
2920
2804
2921
2922
2923
2807
2812
2924
2925
2924
2926
2926
2927
2928
2929
2929
2930
2931
2871
2932
2928
2932
2933
2934
2818
2935
2936
2820
2937
2938
2939
2940
2941
2942
2826
2943
2944
2945
2946
2945
2947
2833
2948
2831
2949
2950
2951
2952
2836
2953
2953
2954
2955
2956
2839
2957
2958
2957
2959
2959
2960
2961
2962
2961
2963
2962
2964
2879
2964
2965
2966
2966
2967
2968
2965
2969
2853
2970
2971
2972
2973
2974
2975
2955
2976
2977
2978
2978
2979
2861
2980
2981
2982
2977
2982
2983
2984
2985
2986
2986
2987
2987
2988
2979
2988
2985
2989
2935
2989
2990
2991
2992
2993
2994
2991
2995
2996
2997
2880
2998
2999
3000
2878
3001
3002
3003
3004
2990
3000
2885
3005
3006
2886
3007
3008
3009
3010
2891
3011
3012
3013
2892
3012
3014
3015
2894
3016
3017
3018
3019
3017
3020
3021
2900
3022
3023
3024
2909
3025
3026
3027
2905
3027
3028
3029
3030
3031
3032
2908
3032
3033
3034
3035
2913
3036
3037
3038
3039
3040
3041
3042
3043
3044
2919
3045
3046
3047
3048
3048
3049
3050
3051
3051
3052
3053
3054
3055
3056
3047
3057
3058
3059
2931
3060
3061
3062
2947
3063
3063
3064
3065
2937
3066
3067
2939
3068
3069
3069
3070
3071
3072
2943
3073
3074
2946
3075
3076
3077
3078
2950
3079
3080
3081
3082
2952
3083
3084
3085
3081
3086
3087
2960
3088
3089
3083
3090
3091
3092
3093
3094
2974
3095
3096
3097
3098
2968
3099
2972
2970
3100
3101
2973
3102
3103
3104
3105
3101
3106
3106
3107
3108
3109
3110
3111
3112
3112
3113
3114
2984
3115
3116
3117
3118
3119
3120
3121
3122
3123
3124
3125
3125
3126
3062
3124
3126
3127
2997
3128
3129
3130
3131
3001
3132
3133
3134
3128
3135
3136
3137
3130
3136
3138
3139
3007
3139
3140
3018
3141
3142
3143
3142
3144
3144
3145
3146
3147
3148
3149
3150
3151
3044
3152
3153
3154
3020
3155
3156
3022
3157
3158
3025
3159
3159
3160
3161
3029
3162
3163
3164
3165
3166
3167
3168
3169
3170
3171
3037
3172
3165
3173
3036
3038
3174
3175
3176
3177
3178
3177
3179
3043
3180
3045
3181
3182
3183
3184
3179
3185
3186
3187
3188
3189
3157
3190
3191
3188
3192
3055
3193
3061
3194
3195
3057
3196
3197
3198
3199
3060
3200
3201
3202
3199
3203
3204
3205
3121
3206
3207
3208
3068
3209
3210
3211
3071
3212
3213
3214
3215
3214
3216
3075
3217
3218
3219
3220
3219
3221
3220
3222
3223
3224
3082
3225
3226
3227
3228
3223
3229
3087
3230
3230
3231
3232
3205
3233
3234
3235
3235
3236
3234
3237
3238
3239
3240
3241
3240
3242
3241
3243
3242
3244
3245
3246
3245
3247
3247
3248
3246
3249
3250
3251
3252
3251
3253
3105
3254
3243
3255
3232
3256
3257
3258
3258
3259
3260
3261
3116
3262
3263
3264
3265
3257
3265
3266
3267
3268
3267
3269
3120
3270
3271
3268
3272
3273
3273
3274
3275
3276
3277
3278
3279
3280
3131
3281
3282
3283
3284
3285
3272
3284
3285
3286
3286
3287
3288
3244
3289
3141
3290
3291
3143
3292
3293
3294
3295
3296
3148
3297
3151
3298
3298
3299
3150
3300
3301
3302
3303
3304
3303
3305
3155
3306
3307
3305
3308
3309
3310
3311
3312
3310
3313
3173
3314
3163
3315
3167
3316
3317
3318
3317
3319
3320
3170
3321
3171
3322
3323
3324
3324
3325
3326
3178
3327
3325
3328
3328
3329
3330
3331
3332
3181
3333
3334
3335
3336
3304
3336
3185
3337
3338
3187
3339
3189
3340
3341
3342
3343
3192
3342
3344
3196
3345
3195
3346
3345
3347
3339
3348
3200
3349
3350
3351
3202
3352
3353
3222
3354
3354
3355
3356
3207
3357
3358
3209
3359
3360
3361
3362
3362
3363
3363
3364
3215
3365
3366
3367
3217
3368
3369
3221
3370
3371
3372
3373
3374
3375
3227
3376
3377
3378
3377
3379
3378
3236
3380
3380
3381
3382
3379
3383
3384
3239
3385
3386
3387
3388
3238
3389
3390
3391
3392
3393
3394
3395
3396
3397
3398
3399
3253
3400
3401
3402
3401
3403
3404
3254
3405
3406
3407
3403
3408
3408
3409
3410
3411
3260
3412
3413
3271
3414
3415
3416
3416
3417
3417
3418
3419
3420
3421
3422
3423
3270
3424
3425
3426
3427
3428
3279
3429
3276
3430
3277
3431
3432
3433
3434
3287
3435
3435
3436
3437
3438
3438
3439
3440
3441
3442
3443
3289
3437
3444
3291
3445
3292
3446
3306
3447
3296
3448
3448
3449
3450
3450
3451
3452
3453
3454
3454
3455
3456
3457
3458
3459
3460
3461
3462
3463
3308
3464
3465
3311
3343
3466
3467
3314
3468
3468
3469
3470
3319
3471
3318
3472
3473
3326
3474
3471
3475
3475
3476
3477
3478
3476
3479
3480
3481
3482
3329
3483
3484
3485
3331
3486
3487
3488
3489
3490
3491
3490
3492
3491
3493
3494
3492
3495
3488
3495
3496
3344
3497
3497
3498
3499
3500
3501
3502
3353
3503
3504
3505
3505
3506
3507
3508
3430
3508
3507
3509
3509
3510
3511
3512
3356
3513
3385
3423
3514
3359
3515
3516
3517
3518
3518
3519
3520
3521
3522
3523
3522
3524
3525
3526
3524
3526
3525
3527
3527
3528
3528
3529
3530
3531
3530
3532
3529
3531
3512
3532
3376
3381
3533
3534
3535
3536
3537
3538
3383
3539
3540
3409
3539
3541
3389
3542
3542
3543
3537
3543
3544
3391
3544
3545
3541
3546
3394
3547
3547
3548
3549
3548
3550
3549
3551
3552
3553
3552
3554
3400
3553
3555
3556
3554
3557
3558
3405
3559
3560
3561
3562
3550
3563
3564
3565
3566
3567
3412
3568
3569
3414
3570
3571
3421
3572
3573
3574
3419
3575
3567
3576
3577
3578
3578
3577
3579
3580
3581
3580
3582
3428
3583
3429
3584
3585
3433
3585
3586
3587
3588
3587
3589
3590
3439
3591
3592
3593
3594
3595
3596
3595
3597
3597
3598
3598
3599
3600
3601
3447
3602
3449
3603
3604
3605
3606
3607
3453
3608
3459
3609
3610
3457
3611
3458
3612
3613
3614
3615
3616
3617
3616
3618
3617
3619
3464
3620
3621
3619
3622
3469
3623
3623
3624
3625
3626
3482
3627
3628
3629
3630
3631
3632
3632
3633
3634
3635
3479
3636
3480
3637
3638
3639
3640
3641
3642
3487
3643
3641
3644
3643
3645
3489
3646
3647
3648
3649
3650
3651
3652
3494
3653
3654
3655
3506
3656
3657
3656
3658
3659
3660
3660
3661
3659
3662
3504
3663
3664
3665
3666
3667
3668
3669
3670
3671
3511
3672
3664
3673
3541
3673
3674
3515
3675
3676
3517
3677
3678
3679
3680
3681
3521
3681
3523
3682
3683
3684
3685
3686
3687
3688
3689
3690
3691
3692
3535
3538
3693
3535
3536
3694
3695
3540
3696
3697
3697
3698
3699
3699
3700
3701
3702
3703
3702
3704
3546
3704
3705
3701
3706
3707
3708
3709
3710
3601
3711
3712
3713
3714
3562
3715
3557
3716
3717
3716
3718
3561
3719
3563
3720
3721
3722
3723
3565
3718
3724
3699
3725
3568
3726
3727
3728
3729
3730
3729
3731
3582
3732
3733
3734
3734
3735
3735
3736
3737
3738
3733
3739
3740
3581
3741
3742
3743
3744
3596
3745
3589
3746
3747
3748
3749
3750
3748
3751
3752
3591
3599
3753
3754
3755
3755
3756
3756
3757
3758
3759
3760
3761
3762
3754
3763
3764
3765
3766
3766
3767
3768
3769
3770
3771
3767
3772
3608
3771
3773
3774
3775
3611
3775
3776
3777
3778
3777
3779
3615
3780
3781
3782
3783
3654
3784
3785
3769
3786
3622
3787
3788
3789
3661
3790
3627
3791
3792
3793
3794
3633
3795
3631
3796
3797
3798
3799
3800
3801
3802
3803
3638
3804
3637
3805
3806
3807
3640
3808
3809
3810
3797
3811
3812
3813
3814
3814
3815
3647
3816
3817
3818
3819
3820
3821
3822
3823
3822
3824
3655
3825
3826
3827
3828
3829
3830
3831
3832
3831
3833
3834
3835
3836
3832
3837
3838
3839
3840
3839
3841
3838
3842
3842
3843
3843
3844
3845
3846
3747
3845
3672
3847
3848
3692
3849
3701
3849
3850
3851
3852
3677
3853
3854
3679
3855
3680
3856
3857
3683
3684
3858
3857
3859
3686
3860
3686
3687
3861
3862
3688
3863
3689
3864
3691
3865
3691
3692
3866
3867
3868
3695
3698
3869
3695
3696
3870
3871
3700
3872
3703
3873
3873
3874
3875
3875
3876
3877
3703
3878
3879
3878
3880
3706
3880
3881
3877
3882
3883
3884
3885
3886
3884
3887
3886
3888
3887
3889
3714
3890
3715
3891
3892
3893
3894
3892
3894
3895
3896
3720
3897
3898
3897
3899
3899
3900
3888
3901
3725
3896
3902
3875
3903
3904
3905
3738
3905
3730
3904
3906
3907
3732
3908
3909
3910
3911
3912
3737
3913
3914
3915
3741
3916
3917
3918
3919
3743
3920
3921
3922
3923
3746
3924
3925
3751
3926
3927
3928
3752
3929
3930
3925
3931
3932
3933
3934
3935
3931
3936
3937
3938
3924
3938
3937
3939
3939
3940
3940
3941
3942
3943
3943
3944
3768
3945
3946
3947
3948
3949
3772
3950
3951
3952
3774
3953
3954
3955
3956
3957
3958
3780
3959
3957
3960
3961
3962
3963
3964
3785
3963
3964
3965
3966
3787
3967
3968
3966
3969
3790
3792
3970
3971
3972
3973
3971
3974
3811
3975
3803
3976
3798
3977
3978
3979
3800
3980
3981
3981
3982
3804
3983
3984
3985
3986
3987
3987
3988
3985
3986
3988
3989
3989
3990
3990
3991
3992
3817
3993
3991
3994
3995
3993
3996
3820
3997
3998
3999
4000
3821
4001
4002
4003
4004
3825
4005
3826
4006
4007
4008
3828
4009
4010
4000
4011
3833
4012
4013
4014
4015
3837
4016
4017
4018
4017
4019
4020
4021
4022
3841
4023
4024
4025
4026
4012
4027
4028
3847
4029
4030
4030
4031
3868
4032
3877
4032
4033
3918
4034
3853
4035
4036
4036
4037
3856
4037
4038
3857
4039
4040
3859
3860
4041
4040
4042
3862
4043
3862
3863
4044
4045
3864
4046
3865
4047
3867
4048
3867
3868
4049
4050
4051
3871
3874
4052
3871
3872
4053
4054
3876
4055
3879
4056
4056
4057
4058
4058
4059
4060
3879
4061
4062
4061
4063
3882
4063
4064
4060
4065
3885
4066
4067
4068
4069
4070
4071
3944
4072
3891
4073
4074
4073
4075
3900
4074
3896
4076
4075
4076
4077
4078
4079
3901
4080
4081
4082
4083
3903
4078
4084
4058
4085
4086
4087
4088
4089
4090
4091
4089
4092
3923
4093
4094
4095
3912
4096
4097
4097
4098
4099
4100
4100
4101
3917
4102
4103
4104
4105
4106
3922
4107
4105
4107
4108
4109
4110
4111
4112
4113
3929
4114
4112
4115
4116
4028
4113
4117
3941
4117
4118
4119
3935
4118
4120
4120
4121
4122
4123
4124
4125
4126
4119
4127
4128
4129
3946
4130
4131
4132
4133
4134
4135
4135
4136
3951
4137
4138
4132
4139
4138
4140
4141
4142
3956
4143
4144
4145
4146
4147
4147
4148
4149
4150
3962
4151
4152
4153
4010
4154
4155
4136
4156
3969
4157
4158
4019
4159
4160
3975
4161
4162
4163
4163
4164
4165
3982
4166
3980
4167
3992
4168
4168
4169
4170
4171
4171
4172
3984
4173
4166
4174
4175
4176
4177
4178
4179
4179
4180
4181
3995
4182
4183
4183
4184
3998
4185
4186
4001
4187
4188
4189
4190
4191
4189
4190
4006
4192
4192
4193
4194
4011
4195
4009
4196
4197
4198
4199
4200
4201
4202
4020
4202
4200
4203
4018
4204
4205
4206
4207
4208
4022
4209
4210
4031
4211
4210
4212
4213
4214
4213
4215
4215
4216
4217
4218
4219
4219
4220
4051
4221
4060
4221
4222
4035
4223
4224
4225
4226
4039
4226
4227
4040
4228
4229
4042
4043
4230
4229
4231
4045
4232
4045
4046
4233
4234
4047
4235
4048
4236
4050
4237
4050
4051
4238
4239
4240
4054
4057
4241
4054
4055
4242
4243
4059
4244
4062
4245
4245
4246
4247
4247
4248
4249
4062
4250
4251
4250
4252
4065
4252
4253
4249
4254
4255
4256
4070
4255
4257
4258
4258
4259
4260
4259
4261
4262
4263
4264
4265
4265
4264
4266
4078
4267
4266
4267
4268
4269
4081
4270
4271
4083
4271
4082
4272
4265
4273
4274
4085
4269
4275
4247
4276
4277
4278
4101
4278
4091
4279
4280
4277
4281
4282
4093
4283
4284
4096
4285
4286
4287
4288
4289
4290
4290
4291
4292
4293
4106
4294
4104
4294
4223
4295
4296
4297
4109
4297
4298
4299
4300
4301
4301
4302
4303
4304
4115
4305
4306
4302
4305
4307
4308
4309
4310
4311
4312
4313
4314
4300
4314
4313
4315
4126
4315
4316
4317
4318
4129
4318
4319
4134
4320
4133
4321
4322
4323
4324
4325
4326
4139
4327
4328
4329
4141
4330
4331
4143
4332
4333
4334
4335
4149
4335
4150
4336
4337
4151
4338
4339
4340
4341
4155
4342
4343
4344
4344
4345
4346
4157
4347
4348
4349
4350
4162
4351
4164
4352
4352
4353
4354
4355
4356
4353
4357
4358
4169
4170
4359
4360
4361
4362
4363
4364
4172
4364
4358
4365
4174
4358
4366
4175
4367
4176
4368
4177
4369
4178
4370
4371
4372
4372
4357
4360
4184
4186
4372
4373
4374
4374
4375
4191
4376
4376
4188
4377
4199
4378
4379
4380
4381
4195
4382
4383
4384
4385
4384
4386
4198
4386
4387
4388
4389
4203
4390
4391
4392
4208
4393
4394
4395
4396
4397
4395
4398
4399
4214
4400
4401
4212
4402
4403
4404
4405
4406
4407
4408
4218
4409
4410
4411
4412
4413
4240
4414
4249
4414
4415
4416
4225
4417
4418
4418
4419
4228
4419
4420
4229
4421
4422
4231
4232
4423
4422
4424
4234
4425
4234
4235
4426
4427
4236
4428
4237
4429
4239
4430
4239
4240
4431
4432
4433
4243
4246
4434
4243
4244
4435
4436
4248
4437
4251
4438
4438
4439
4440
4440
4441
4442
4251
4443
4444
4443
4445
4254
4445
4446
4442
4447
4448
4257
4449
4450
4451
4452
4263
4448
4274
4453
4454
4455
4456
4457
4458
4458
4457
4459
4269
4460
4459
4460
4461
4462
4272
4463
4464
4464
4273
4465
4458
4466
4467
4276
4462
4468
4440
4469
4470
4471
4472
4473
4283
4473
4282
4474
4472
4475
4299
4475
4476
4286
4477
4477
4478
4289
4478
4479
4480
4481
4482
4482
4483
4483
4484
4485
4296
4297
4486
4485
4487
4488
4299
4488
4489
4490
4491
4492
4493
4304
4494
4409
4495
4495
4496
4497
4311
4498
4310
4499
4499
4500
4501
4502
4501
4503
4504
4505
4506
4498
4507
4508
4509
4510
4454
4511
4321
4512
4513
4514
4515
4514
4516
4325
4517
4518
4518
4519
4328
4520
4521
4515
4522
4521
4523
4332
4524
4525
4334
4526
4527
4528
4529
4530
4530
4531
4532
4533
4534
4535
4534
4536
4533
4343
4537
4538
4539
4387
4540
4350
4541
4519
4542
4349
4543
4544
4545
4398
4546
4547
4548
4546
4549
4356
4549
4550
4551
4552
4361
4363
4553
4362
4554
4555
4551
4555
4556
4557
4365
4557
4552
4558
4367
4552
4559
4368
4560
4369
4561
4370
4562
4371
4563
4564
4565
4565
4565
4566
4567
4375
4567
4568
4569
4569
4378
4570
4571
4379
4572
4380
4573
4569
4574
4382
4383
4575
4576
4577
4388
4578
4579
4580
4571
4408
4581
4391
4582
4583
4581
4584
4396
4585
4397
4586
4587
4588
4589
4590
4591
4592
4401
4593
4594
4413
4595
4595
4596
4597
4598
4599
4600
4407
4598
4601
4602
4603
4604
4605
4412
4605
4606
4607
4433
4608
4442
4608
4609
4417
4485
4610
4418
4611
4612
4612
4613
4421
4613
4614
4422
4615
4616
4424
4425
4617
4616
4618
4427
4619
4427
4428
4620
4621
4429
4622
4430
4623
4432
4624
4432
4433
4625
4626
4627
4436
4439
4628
4436
4437
4629
4630
4441
4631
4444
4632
4632
4633
4634
4634
4635
4636
4444
4637
4638
4637
4639
4447
4639
4640
4636
4641
4642
4643
4644
4643
4645
4645
4646
4453
4646
4647
4648
4456
4649
4650
4651
4652
4652
4651
4653
4462
4654
4653
4654
4655
4656
4465
4657
4658
4467
4658
4466
4659
4652
4660
4647
4661
4469
4656
4662
4634
4663
4474
4664
4664
4665
4666
4667
4668
4667
4669
4490
4669
4670
4671
4672
4673
4674
4674
4675
4675
4676
4677
4678
4665
4679
4680
4487
4488
4681
4680
4682
4683
4490
4683
4684
4685
4492
4686
4687
4687
4688
4497
4603
4688
4689
4689
4690
4691
4691
4692
4693
4694
4509
4695
4696
4503
4697
4698
4699
4700
4701
4702
4700
4703
4703
4704
4705
4706
4707
4705
4708
4708
4709
4517
4710
4516
4711
4712
4713
4714
4715
4716
4717
4522
4718
4719
4720
4524
4721
4722
4526
4723
4724
4528
4725
4726
4727
4728
4729
4532
4730
4731
4732
4733
4726
4734
4727
4735
4541
4736
4736
4737
4540
4737
4738
4739
4543
4740
4741
4742
4545
4742
4739
4743
4548
4550
4744
4551
4745
4746
4746
4747
4748
4749
4554
4556
4750
4751
4752
4748
4752
4753
4754
4558
4754
4749
4755
4560
4749
4756
4561
4757
4562
4758
4563
4759
4564
4760
4761
4762
4762
4762
4763
4764
4568
4764
4765
4766
4766
4572
4767
4768
4578
4768
4573
4769
4574
4770
4766
4771
4576
4578
4772
4577
4773
4579
4774
4775
4580
4776
4738
4777
4778
4584
4779
4592
4780
4781
4591
4782
4783
4784
4590
4784
4785
4786
4783
4785
4787
4788
4789
4600
4790
4596
4790
4791
4792
4599
4793
4794
4795
4796
4797
4798
4798
4799
4604
4800
4801
4801
4802
4802
4803
4627
4804
4636
4804
4805
4611
4680
4806
4612
4807
4808
4808
4809
4615
4809
4810
4616
4811
4812
4618
4619
4813
4812
4814
4621
4815
4621
4622
4816
4817
4623
4818
4624
4819
4626
4820
4626
4627
4821
4822
4823
4630
4633
4824
4630
4631
4825
4826
4635
4827
4638
4828
4828
4829
4830
4830
4831
4832
4638
4833
4834
4833
4835
4641
4835
4832
4644
4650
4836
4837
4838
4839
4839
4840
4649
4709
4841
4842
4843
4844
4844
4843
4845
4656
4846
4845
4846
4847
4848
4659
4849
4850
4661
4850
4660
4851
4844
4852
4840
4853
4663
4848
4854
4830
4855
4856
4857
4667
4858
4859
4860
4858
4861
4860
4862
4685
4862
4863
4864
4865
4673
4866
4867
4868
4869
4870
4871
4871
4872
4679
4873
4874
4875
4682
4683
4876
4875
4877
4878
4685
4878
4879
4880
4701
4881
4882
4883
4884
4883
4885
4885
4886
4887
4887
4888
4800
4888
4889
4697
4890
4696
4891
4891
4892
4893
4894
4895
4896
4702
4897
4898
4899
4900
4901
4890
4902
4903
4904
4905
4905
4906
4907
4908
4909
4910
4910
4911
4713
4912
4913
4911
4912
4909
4914
4717
4914
4915
4719
4916
4917
4913
4918
4919
4920
4921
4922
4922
4923
4725
4924
4925
4926
4927
4729
4928
4929
4929
4930
4732
4931
4932
4933
4934
4935
4933
4936
4937
4938
4938
4939
4940
4741
4915
4941
4942
4943
4940
4943
4746
4787
4944
4745
4747
4945
4748
4946
4947
4947
4948
4949
4950
4751
4753
4951
4952
4953
4949
4953
4954
4955
4755
4955
4950
4956
4757
4950
4957
4758
4958
4759
4959
4760
4960
4761
4961
4962
4963
4963
4963
4964
4965
4765
4965
4966
4967
4967
4769
4968
4969
4775
4969
4770
4970
4771
4971
4967
4972
4773
4775
4973
4774
4974
4776
4975
4976
4777
4977
4939
4978
4979
4980
4780
4981
4982
4983
4984
4786
4788
4985
4986
4987
4988
4989
4990
4982
4990
4991
4803
4992
4992
4993
4994
4995
4797
4995
4796
4996
4997
4998
4999
4979
5000
5001
5001
5002
5003
4823
5004
4832
5004
4807
4875
5005
4808
5006
5007
5007
5008
4811
5008
5009
4812
5010
5011
4814
4815
5012
5011
5013
4817
5014
4817
4818
5015
5016
4819
5017
4820
5018
4822
5019
4822
4823
5020
5021
5022
4826
4829
4826
4827
4831
4834
5023
5023
5024
5024
4834
5025
5026
5025
4837
4838
5027
4842
5028
4839
5029
5030
5030
5031
4908
5032
5033
5032
5034
5035
5035
5034
5036
4848
5037
5036
5037
5038
4851
5039
5040
4853
5040
4852
5041
5035
5042
5031
5043
4855
5038
5024
4857
4861
5044
5045
5046
4860
5046
5047
5048
5045
5048
5049
4880
5049
5050
4866
5051
5052
5053
5054
4869
5054
5055
5056
5057
5058
4873
5059
5060
5044
5061
5062
4877
4878
5063
5062
5064
5065
4880
5065
5066
5067
4882
5068
4884
5069
5070
5070
5071
5069
5072
5072
5073
5074
5074
5075
5075
5076
5076
5077
5078
5079
5080
4906
5081
4895
5082
4896
5083
5084
5085
4898
5086
5087
4900
5068
5088
5087
5089
5089
5090
4904
4907
5091
5092
5093
5094
5094
5095
5096
5097
5098
5099
5100
5101
5101
5102
5103
5104
4919
5104
5100
5103
5105
5106
4921
5107
5108
5109
5110
5111
5111
5112
4926
5112
5113
5114
5115
5115
5116
5116
4931
5117
5118
4935
5119
5120
5113
5121
5122
5114
5123
4938
4940
5124
5125
5125
5126
5127
4942
5102
5128
5129
5130
5127
5130
4947
4989
5131
4946
4948
5132
4949
5133
5134
5134
5135
5136
5137
4952
4954
5138
5139
5140
5136
5140
5141
5142
4956
5142
5137
5143
4958
5137
5144
4959
5145
4960
5146
4961
5147
4962
5148
5149
5150
5150
5150
5151
5152
4966
5152
5153
5154
5154
4970
5155
5156
4976
5156
4971
5157
4972
5158
5154
5159
4974
4976
5160
4975
5161
4977
5162
5163
4978
5164
5126
5165
5166
4983
5167
4984
5168
5169
5170
5171
4986
4987
5172
4989
5173
4988
5174
5175
5176
5177
5176
4997
5178
5179
5178
5180
4996
5181
5182
5183
5184
5185
5186
5186
5187
5187
5188
5077
5077
5189
5179
5190
5022
5006
5062
5191
5007
5192
5193
5193
5194
5010
5194
5195
5011
5196
5197
5013
5014
5197
5016
5016
5017
5018
5019
5021
5021
5022
5026
5026
5028
5029
5198
5032
5199
5030
5200
5201
5201
5202
5203
5095
5203
5204
5205
5206
5206
5205
5038
5041
5207
5208
5043
5208
5042
5209
5206
5210
5202
5211
5212
5213
5214
5214
5215
5048
5215
5216
5217
5217
5218
5067
5218
5219
5220
5053
5221
5222
5223
5224
5225
5226
5227
5058
5228
5229
5229
5230
5230
5231
5231
5232
5233
5064
5065
5234
5233
5235
5236
5067
5236
5237
5238
5071
5239
5240
5239
5241
5241
5242
5240
5243
5243
5244
5244
5245
5245
5246
5246
5247
5189
5247
5248
5083
5249
5082
5250
5250
5251
5252
5253
5085
5254
5255
5088
5256
5257
5242
5258
5259
5260
5092
5094
5261
5093
5262
5251
5263
5264
5264
5265
5097
5101
5266
5098
5267
5099
5268
5100
5269
5270
5271
5271
5272
5273
5274
5270
5273
5275
5107
5274
5276
5109
5277
5278
5278
5279
5280
5281
5282
5283
5284
5285
5286
5287
5120
5288
5289
5122
5290
5291
5292
5293
5125
5127
5294
5295
5295
5296
5297
5129
5272
5298
5299
5300
5297
5300
5134
5177
5301
5133
5135
5302
5136
5303
5304
5304
5305
5306
5307
5139
5141
5308
5309
5310
5306
5310
5311
5312
5143
5312
5307
5313
5145
5307
5314
5146
5315
5147
5316
5148
5317
5149
5318
5319
5320
5320
5320
5321
5322
5153
5322
5323
5324
5324
5157
5325
5326
5163
5326
5158
5327
5159
5328
5324
5329
5161
5163
5330
5162
5331
5164
5332
5333
5165
5334
5296
5335
5167
5336
5337
5171
5338
5176
5338
5339
5340
5341
5340
5173
5174
5342
5177
5343
5175
5344
5345
5346
5346
5347
5348
5349
5350
5351
5352
5353
5185
5354
5184
5355
5356
5357
5358
5359
5336
5360
5190
5361
5192
5233
5362
5193
5363
5364
5364
5365
5196
5365
5197
5199
5200
5366
5203
5367
5201
5368
5369
5369
5370
5371
5265
5371
5372
5373
5373
5209
5374
5211
5374
5210
5373
5370
5375
5213
5376
5377
5377
5378
5378
5379
5217
5379
5380
5381
5381
5382
5238
5382
5221
5383
5384
5385
5384
5386
5386
5387
5226
5388
5389
5228
5390
5391
5392
5393
5394
5376
5395
5396
5235
5236
5397
5396
5398
5399
5238
5399
5400
5401
5401
5402
5400
5403
5403
5404
5402
5405
5405
5406
5406
5407
5407
5408
5361
5408
5409
5260
5410
5411
5412
5413
5254
5411
5255
5410
5414
5415
5257
5404
5416
5259
5416
5417
5418
5262
5264
5419
5263
5420
5412
5421
5422
5422
5423
5267
5271
5424
5268
5425
5269
5426
5270
5427
5428
5429
5429
5430
5431
5432
5432
5428
5431
5433
5277
5432
5434
5435
5436
5436
5280
5437
5438
5282
5439
5440
5292
5441
5442
5443
5286
5443
5444
5291
5445
5293
5446
5440
5447
5448
5449
5450
5295
5297
5451
5452
5452
5453
5454
5299
5430
5455
5456
5457
5454
5457
5304
5347
5458
5303
5305
5459
5306
5460
5461
5461
5462
5463
5464
5309
5311
5465
5463
5465
5466
5313
5466
5464
5467
5315
5464
5468
5316
5469
5317
5470
5318
5471
5319
5472
5473
5474
5474
5474
5475
5476
5323
5476
5477
5478
5478
5327
5479
5480
5333
5480
5328
5481
5329
5482
5478
5483
5331
5333
5484
5332
5485
5334
5486
5487
5335
5488
5453
5489
5490
5341
5490
5491
5346
5491
5492
5493
5494
5343
5344
5495
5347
5496
5345
5497
5498
5499
5499
5500
5350
5501
5351
5502
5503
5504
5354
5505
5355
5506
5507
5508
5501
5508
5509
5510
5510
5511
5360
5511
5512
5502
5363
5396
5513
5364
5514
5515
5515
5367
5368
5516
5371
5517
5369
5518
5519
5519
5520
5521
5423
5521
5522
5375
5520
5523
5523
5524
5524
5525
5525
5526
5381
5526
5527
5528
5528
5385
5529
5530
5531
5532
5533
5534
5534
5535
5390
5536
5537
5538
5539
5539
5540
5540
5541
5395
5541
5542
5543
5398
5399
5543
5544
5545
5545
5546
5546
5544
5547
5547
5548
5549
5549
5550
5550
5551
5551
5552
5552
5553
5554
5555
5413
5556
5557
5414
5557
5415
5558
5555
5559
5548
5418
5548
5560
5555
5561
5420
5422
5562
5421
5563
5556
5564
5565
5565
5566
5425
5429
5567
5426
5568
5427
5569
5428
5570
5571
5572
5572
5573
5574
5575
5575
5571
5574
5576
5435
5575
5577
5578
5579
5437
5579
5580
5581
5439
5581
5582
5582
5583
5584
5584
5585
5586
5587
5588
5589
5590
5589
5591
5592
5593
5592
5594
5595
5596
5591
5597
5452
5454
5598
5599
5599
5600
5601
5456
5573
5602
5603
5604
5601
5604
5461
5500
5605
5460
5462
5606
5463
5607
5608
5608
5609
5610
5611
5610
5467
5611
5469
5611
5470
5471
5472
5473
5612
5612
5612
5613
5477
5613
5614
5615
5615
5481
5616
5617
5487
5617
5482
5618
5483
5619
5615
5620
5485
5487
5621
5486
5622
5488
5623
5624
5489
5625
5600
5626
5627
5493
5628
5499
5628
5629
5494
5630
5627
5631
5496
5497
5632
5500
5633
5498
5634
5635
5636
5636
5637
5638
5554
5639
5640
5554
5639
5641
5642
5641
5643
5509
5642
5644
5645
5646
5647
5627
5647
5648
5514
5543
5515
5517
5518
5649
5521
5650
5519
5651
5652
5652
5653
5566
5653
5542
5654
5654
5655
5655
5656
5656
5657
5528
5657
5658
5531
5659
5660
5659
5661
5661
5662
5663
5536
5664
5665
5666
5667
5668
5669
5670
5671
5672
5673
5674
5675
5676
5676
5677
5677
5675
5678
5678
5679
5679
5680
5680
5681
5681
5682
5639
5682
5683
5684
5685
5686
5558
5686
5559
5687
5684
5688
5561
5678
5689
5684
5690
5563
5565
5691
5564
5692
5685
5693
5694
5694
5568
5572
5695
5569
5696
5570
5697
5571
5698
5699
5700
5700
5701
5702
5703
5703
5699
5702
5704
5578
5703
5705
5706
5707
5580
5707
5708
5709
5709
5710
5711
5595
5712
5713
5714
5715
5587
5715
5716
5717
5594
5718
5719
5720
5711
5721
5722
5723
5724
5725
5724
5726
5599
5601
5727
5728
5728
5729
5730
5603
5701
5731
5732
5733
5730
5733
5608
5637
5734
5607
5609
5610
5735
5735
5614
5736
5736
5618
5737
5624
5737
5619
5620
5736
5622
5624
5738
5623
5739
5625
5740
5741
5626
5742
5729
5743
5744
5630
5745
5636
5745
5746
5631
5747
5744
5748
5633
5634
5749
5637
5750
5635
5751
5752
5753
5753
5754
5640
5755
5683
5756
5757
5644
5758
5755
5646
5757
5759
5647
5760
5761
5744
5761
5762
5650
5651
5653
5652
5673
5763
5763
5764
5764
5765
5765
5660
5766
5767
5768
5663
5769
5770
5770
5771
5667
5772
5669
5773
5774
5670
5775
5776
5777
5672
5778
5674
5779
5780
5780
5781
5782
5783
5783
5784
5784
5782
5785
5785
5786
5786
5787
5787
5788
5788
5789
5790
5791
5792
5687
5792
5688
5793
5790
5794
5690
5782
5795
5790
5796
5692
5694
5693
5791
5696
5700
5797
5697
5798
5698
5799
5699
5800
5801
5802
5802
5803
5804
5805
5805
5801
5804
5806
5706
5805
5807
5808
5809
5708
5809
5810
5811
5811
5812
5711
5812
5813
5814
5714
5813
5815
5816
5817
5719
5818
5819
5820
5821
5722
5822
5822
5823
5824
5825
5826
5827
5825
5828
5821
5829
5728
5730
5830
5831
5831
5832
5833
5732
5803
5834
5833
5834
5735
5754
5741
5739
5741
5740
5742
5743
5832
5835
5747
5836
5753
5836
5837
5748
5838
5835
5839
5750
5751
5754
5752
5840
5840
5789
5757
5758
5841
5842
5789
5843
5760
5842
5844
5761
5845
5846
5835
5846
5847
5779
5848
5848
5849
5849
5768
5850
5850
5851
5852
5853
5854
5855
5856
5856
5857
5858
5859
5857
5858
5860
5861
5859
5862
5778
5860
5781
5863
5864
5864
5865
5865
5866
5867
5867
5868
5868
5869
5869
5870
5870
5871
5871
5872
5872
5873
5874
5793
5874
5794
5875
5873
5876
5796
5867
5877
5873
5878
5798
5802
5879
5799
5880
5800
5881
5801
5882
5883
5884
5884
5885
5886
5886
5883
5885
5808
5886
5887
5888
5889
5810
5889
5890
5891
5891
5892
5823
5892
5893
5826
5894
5895
5896
5817
5897
5819
5898
5899
5900
5901
5902
5903
5904
5905
5900
5903
5906
5907
5828
5908
5909
5908
5910
5831
5833
5911
5912
5912
5913
5913
5914
5838
5915
5840
5915
5839
5916
5914
5917
5842
5843
5918
5919
5872
5920
5845
5919
5921
5846
5922
5923
5914
5923
5924
5863
5925
5925
5926
5852
5927
5928
5854
5929
5930
5930
5931
5932
5933
5934
5935
5866
5862
5936
5937
5938
5939
5939
5940
5940
5941
5936
5941
5942
5942
5943
5943
5944
5944
5945
5945
5946
5875
5876
5946
5878
5942
5946
5880
5884
5881
5882
5883
5947
5947
5888
5947
5948
5890
5948
5949
5950
5950
5951
5904
5951
5895
5952
5953
5954
5955
5897
5956
5902
5957
5901
5958
5959
5960
5961
5905
5962
5963
5959
5963
5964
5965
5965
5966
5967
5964
5968
5961
5969
5912
5913
5970
5916
5917
5970
5919
5920
5971
5972
5945
5973
5922
5972
5974
5923
5975
5976
5970
5976
5938
5977
5977
5978
5978
5979
5979
5980
5981
5982
5983
5982
5984
5985
5986
5987
5988
5937
5988
5989
5990
5990
5991
5991
5992
5992
5993
5989
5993
5994
5994
5995
5995
5949
5996
5996
5997
5962
5997
5953
5998
5999
5966
6000
5998
6001
6001
5958
6002
6003
5960
6004
6003
6005
6006
6007
6008
6004
6008
6009
6010
6011
6012
6013
6012
6014
6013
6015
5972
5973
6016
6017
5995
6018
5975
6017
5976
6019
6019
6020
6021
6022
6023
5985
6024
6025
5987
6026
6027
6028
6029
6030
6030
6031
6032
6032
6033
6029
6033
6034
6034
6035
6007
6035
6036
6037
6038
6037
6039
6006
6040
6040
6041
6005
6042
6041
6043
6015
6044
6045
6042
6045
6046
6047
6047
6048
6048
6049
6050
6051
6046
6052
6053
6017
6018
6034
6054
6022
6055
6023
6056
6057
6058
6056
6059
6059
6060
6061
6062
6028
6063
6031
6064
6065
6065
6066
6066
6067
6068
6064
6068
6044
6069
6070
6069
6049
6071
6072
6073
6072
6074
6043
6075
6074
6076
6077
6075
6077
6078
6079
6080
6081
6051
6082
6083
6082
6084
6073
6083
6085
6086
6085
6087
6088
6089
6090
6062
6091
6063
6092
6093
6067
6094
6095
6094
6096
6096
6097
6097
6098
6095
6071
6099
6100
6101
6101
6102
6100
6103
6076
6104
6103
6105
6104
6106
6107
6106
6108
6109
6110
6110
6111
6112
6113
6114
6115
6089
6116
6117
6117
6118
6119
6091
6120
6121
6093
6098
6122
6123
6124
6123
6124
6125
6125
6126
6126
6127
6111
6128
6129
6129
6130
6113
6130
6131
6128
6132
6105
6132
6133
6115
6134
6109
6135
6136
6137
6138
6113
6139
6139
6140
6141
6120
6142
6143
6119
6144
6145
6146
6122
6147
6148
6149
6149
6150
6150
6151
6151
6152
6148
6152
6153
6154
6155
6155
6156
6156
6157
6139
6157
6158
6154
6134
6159
6160
6161
6162
6161
6163
6164
6165
6164
6141
6158
6166
6167
6168
6169
6169
6170
6171
6172
6173
6174
6174
6175
6175
6176
6176
6177
6177
6178
6178
6179
6179
6180
6181
6182
6182
6183
6183
6184
6184
6185
6185
6186
6162
6187
6188
6189
6190
6191
6165
6192
6193
6186
6188
6172
6194
6173
6195
6171
6196
6197
6198
6199
6180
6200
6200
6201
6201
6202
6202
6203
6204
6203
6205
6206
6207
6207
6208
6208
6209
6209
6210
6210
6211
6189
6212
6213
6214
6215
6216
6216
6217
6215
6218
6219
6220
6220
6221
6197
6222
6219
6199
6223
6204
6224
6224
6225
6225
6226
6226
6227
6205
6228
6227
6229
6230
6231
6231
6232
6232
6233
6233
6234
6213
6234
6235
6217
6236
6214
6237
6238
6239
6240
6241
6242
6223
6243
6244
6228
6245
6245
6246
6246
6247
6247
6248
6229
6249
6248
6250
6251
6252
6252
6253
6253
6254
6254
6255
6255
6256
6257
6237
6258
6257
6259
6260
6261
6262
6261
6263
6264
6265
6264
6266
6249
6267
6268
6269
6269
6270
6270
6271
6271
6272
6250
6273
6256
6272
6274
6275
6275
6276
6276
6277
6277
6278
6278
6279
6280
6280
6281
6262
6282
6283
6284
6281
6285
6286
6268
6287
6267
6288
6273
6289
6290
6290
6291
6291
6292
6278
6292
6293
6293
6294
6295
6295
6296
6296
6297
6297
6294
6298
6298
6299
6300
6301
6302
6300
6301
6302
6303
6303
6304
6304
6305
6303
6306
6305
6307
6307
6308
6297
6308
6306
6309
6310
6310
6311
6311
6299
6309
6312
6313
6314
6314
6315
6309
6316
6311
6316
6317
6317
6318
6314
6315
6318
6317
)


// ************************************************************************* //
