/*--------------------------------*- C++ -*----------------------------------*\
| =========                 |                                                 |
| \\      /  F ield         | OpenFOAM: The Open Source CFD Toolbox           |
|  \\    /   O peration     | Version:  v2012                                 |
|   \\  /    A nd           | Website:  www.openfoam.com                      |
|    \\/     M anipulation  |                                                 |
\*---------------------------------------------------------------------------*/
FoamFile
{
    version     2.0;
    format      ascii;
    class       labelList;
    location    "constant/polyMesh";
    object      pointProcAddressing;
}
// * * * * * * * * * * * * * * * * * * * * * * * * * * * * * * * * * * * * * //


8004
(
0
1
2
3
4
5
6
7
8
9
10
11
12
13
14
15
47
48
49
50
51
52
53
54
55
56
57
58
59
60
61
62
294
295
296
297
298
299
300
301
302
303
304
305
306
307
308
309
310
311
312
313
314
315
316
317
318
319
320
321
322
323
324
325
326
327
328
329
330
331
332
333
334
335
336
337
338
339
340
341
342
343
344
345
346
347
348
349
350
351
352
353
354
355
356
357
358
359
360
361
362
363
364
365
366
367
368
369
370
371
372
373
374
375
376
377
378
379
380
381
382
383
384
385
386
387
388
389
390
391
392
393
394
395
396
397
398
399
400
401
402
403
404
405
406
407
408
409
410
411
412
413
414
415
416
417
418
419
420
421
422
423
424
425
426
427
428
429
430
431
432
433
434
435
436
437
438
439
440
441
442
443
444
445
446
447
448
449
450
451
452
453
454
455
456
457
458
459
460
461
462
463
464
465
466
467
468
469
470
471
472
473
474
475
476
477
478
479
480
481
482
483
484
485
486
487
488
489
490
491
492
493
494
495
496
497
498
499
500
501
502
503
504
505
506
507
508
509
510
511
512
513
514
515
516
517
518
519
520
521
522
523
524
525
526
527
528
529
530
531
532
533
534
535
536
537
538
539
540
541
542
543
547
548
549
550
551
552
553
554
555
556
557
558
559
560
561
563
568
569
570
576
577
578
589
590
591
592
593
594
595
596
597
598
599
600
601
602
603
604
605
606
607
608
609
610
611
612
613
614
688
695
696
697
698
699
700
707
708
709
724
725
726
727
728
729
737
738
739
740
741
742
743
744
745
746
747
751
752
753
754
755
766
767
768
769
770
771
772
773
774
791
792
793
794
795
796
797
798
799
800
801
802
803
804
805
806
807
811
812
814
815
816
817
823
824
825
833
834
835
839
840
841
842
843
844
845
846
847
848
849
850
851
852
853
854
855
859
877
881
882
883
884
885
892
895
896
897
898
899
900
901
902
903
904
907
908
909
910
911
912
913
914
915
916
917
918
929
930
931
932
933
934
945
946
947
948
949
950
951
952
953
954
958
959
960
961
962
963
965
966
970
971
977
978
979
983
985
986
987
988
989
992
993
995
996
1001
1002
1003
1004
1005
1006
1007
1008
1009
1012
1013
1014
1015
1016
1017
1018
1019
1020
1024
1025
1029
1030
1031
1032
1033
1034
1042
1043
1044
1051
1052
1053
1054
1055
1056
1060
1061
1062
1065
1066
1067
1068
1069
1070
1074
1075
1076
1077
1078
1079
1088
1089
1090
1091
1092
1097
1098
1099
1100
1101
1102
1103
1107
1108
1109
1110
1111
1112
1113
1114
1115
1116
1117
1118
1119
1120
1121
1122
1123
1124
1131
1132
1133
1134
1135
1136
1137
1144
1145
1147
1149
1150
1151
1152
1153
1154
1155
1156
1157
1158
1159
1160
1161
1162
1163
1170
1171
1172
1173
1174
1175
1176
1177
1178
1185
1186
1187
1188
1189
1190
1191
1192
1193
1196
1197
1198
1199
1201
1203
1204
1205
1206
1207
1208
1209
1211
1212
1213
1214
1215
1216
1220
1221
1222
1229
1230
1231
1235
1236
1237
1241
1242
1243
1244
1245
1246
1247
1248
1249
1250
1251
1252
1257
1258
1265
1266
1267
1268
1269
1270
1271
1272
1273
1274
1275
1276
1277
1278
1279
1280
1281
1284
1285
1286
1287
1288
1292
1293
1294
1295
1296
1297
1298
1299
1300
1301
1302
1303
1307
1308
1309
1313
1314
1315
1316
1317
1318
1319
1320
1322
1324
1325
1326
1330
1331
1332
1336
1337
1338
1339
1340
1341
1342
1343
1344
1345
1346
1347
1348
1351
1352
1353
1354
1355
1356
1357
1358
1359
1360
1361
1362
1363
1364
1365
1366
1367
1368
1369
1370
1371
1372
1379
1380
1381
1382
1383
1384
1385
1386
1387
1388
1389
1426
1427
1428
1429
1430
1451
1452
1455
1456
1457
1458
1459
1460
1461
1462
1463
1464
1465
1475
1476
1477
1478
1479
1480
1489
1490
1499
1500
1501
1502
1503
1504
1505
1506
1507
1508
1509
1510
1511
1512
1513
1514
1515
1516
1517
1518
1519
1520
1521
1522
1523
1524
1525
1526
1527
1528
1537
1540
1547
1548
1549
1550
1551
1552
1553
1554
1555
1557
1558
1559
1579
1580
1581
1582
1583
1585
1586
1587
1602
1603
1604
1605
1606
1607
1608
1609
1610
1611
1612
1613
1614
1615
1616
1617
1618
1619
1620
1621
1622
1623
1624
1625
1626
1627
1629
1631
1632
1633
1634
1657
1658
1659
1660
1661
1662
1663
1664
1665
1666
1667
1668
1669
1670
1671
1672
1673
1674
1675
1676
1677
1678
1679
1680
1681
1683
1685
1686
1687
1688
1689
1690
1692
1693
1694
1695
1696
1698
1699
1768
1769
1770
1771
1772
1773
1774
1775
1776
1777
1778
1779
1780
1781
1782
1783
1784
1785
1786
1787
1788
1789
1790
1791
1792
1793
1794
1795
1796
1797
1798
1799
1800
1801
1802
1803
1804
1805
1806
1807
1808
1809
1810
1811
1812
1813
1814
1815
1816
1817
1818
1819
1820
1821
1822
1823
1824
1825
1826
1827
1828
1829
1830
1831
1832
1833
1834
1835
1836
1837
1838
1839
1840
1841
1842
1843
1844
1845
1846
1847
1848
1849
1850
1851
1852
1853
1854
1855
1856
1857
1858
1859
1860
1861
1862
1863
1864
1865
1866
1867
1868
1869
1870
1871
1872
1873
1968
1969
1970
1971
1972
1973
1974
1975
1976
1977
1978
1979
1980
1981
1982
1983
1984
1985
1986
1987
1988
1989
1990
1991
1992
1993
1994
1995
1996
1997
1998
1999
2000
2001
2002
2003
2004
2005
2006
2007
2008
2009
2011
2012
2013
2014
2015
2016
2017
2018
2019
2020
2021
2022
2023
2024
2025
2026
2027
2028
2029
2030
2031
2032
2033
2034
2035
2036
2037
2038
2039
2040
2041
2042
2043
2044
2045
2046
2047
2048
2049
2050
2051
2052
2053
2054
2055
2056
2057
2058
2059
2060
2061
2062
2063
2064
2065
2066
2067
2068
2069
2070
2071
2072
2073
2074
2075
2076
2077
2078
2079
2080
2081
2082
2193
2194
2195
2196
2197
2198
2199
2200
2201
2202
2203
2204
2205
2206
2207
2208
2209
2210
2211
2212
2213
2214
2215
2216
2217
2218
2219
2220
2221
2222
2223
2224
2225
2226
2227
2228
2229
2230
2231
2232
2233
2234
2235
2236
2237
2238
2239
2240
2241
2242
2243
2244
2245
2246
2247
2248
2249
2250
2251
2252
2253
2254
2255
2256
2257
2258
2259
2260
2261
2262
2263
2264
2265
2266
2267
2268
2269
2270
2271
2272
2273
2274
2275
2276
2277
2278
2279
2280
2281
2282
2283
2284
2285
2286
2287
2288
2289
2290
2291
2292
2293
2294
2295
2296
2297
2298
2386
2387
2388
2389
2390
2391
2392
2393
2394
2395
2396
2397
2398
2399
2400
2401
2402
2403
2404
2405
2406
2407
2408
2409
2410
2411
2412
2413
2414
2415
2416
2417
2418
2419
2420
2421
2422
2423
2424
2425
2426
2427
2428
2429
2430
2431
2432
2433
2434
2435
2436
2437
2438
2439
2440
2441
2442
2443
2444
2445
2446
2447
2448
2449
2450
2451
2452
2453
2454
2455
2456
2457
2458
2459
2460
2461
2462
2463
2464
2465
2466
2467
2468
2469
2470
2471
2472
2473
2474
2475
2476
2477
2478
2479
2480
2481
2482
2483
2484
2485
2486
2487
2488
2489
2490
2491
2545
2546
2547
2548
2549
2550
2551
2552
2553
2554
2555
2556
2557
2558
2559
2560
2561
2562
2563
2564
2565
2566
2567
2568
2569
2570
2571
2572
2573
2589
2590
2591
2592
2593
2594
2595
2597
2598
2599
2600
2601
2604
2605
2606
2607
2608
2612
2619
2620
2621
2622
2623
2624
2625
2630
2631
2632
2633
2634
2635
2636
2637
2638
2639
2640
2641
2642
2643
2644
2661
2662
2663
2664
2666
2667
2668
2669
2670
2671
2676
2678
2679
2681
2682
2683
2684
2685
2688
2693
2694
2695
2696
2697
2699
2700
2701
2702
2703
2712
2713
2714
2715
2716
2717
2718
2719
2720
2724
2725
2726
2739
2740
2741
2745
2749
2750
2757
2758
2759
2760
2761
2762
2767
2768
2769
2770
2771
2772
2773
2774
2775
2776
2777
2778
2779
2780
2781
2782
2783
2784
2785
2786
2787
2788
2791
2792
2795
2796
2797
2798
2810
2811
2815
2817
2818
2821
2822
2823
2824
2825
2826
2827
2828
2833
2834
2835
2836
2837
2838
2846
2847
2856
2857
2858
2860
2861
2862
2863
2864
2867
2872
2873
2874
2875
2886
2887
2888
2891
2893
2894
2895
2896
2897
2898
2902
2903
2904
2905
2910
2911
2912
2913
2918
2925
2926
2927
2928
2929
2930
2931
2932
2933
2934
2941
2942
2943
2944
2954
2955
2956
2957
2958
2959
2960
2961
2964
2970
2971
2977
2978
2979
2984
2985
2986
2987
2988
2989
2992
2999
3002
3003
3004
3005
3006
3007
3008
3010
3012
3013
3014
3015
3020
3021
3022
3023
3024
3025
3029
3030
3031
3032
3033
3034
3036
3043
3044
3045
3049
3050
3051
3052
3054
3055
3056
3058
3059
3061
3062
3063
3064
3065
3068
3072
3073
3074
3075
3076
3081
3082
3083
3089
3090
3091
3092
3093
3094
3095
3096
3097
3106
3107
3108
3109
3110
3111
3112
3113
3114
3115
3116
3121
3122
3123
3125
3126
3127
3136
3137
3138
3139
3140
3141
3144
3145
3148
3149
3150
3151
3152
3158
3159
3160
3161
3162
3164
3165
3166
3167
3168
3171
3172
3173
3174
3178
3181
3182
3183
3195
3196
3200
3201
3204
3205
3206
3207
3208
3211
3212
3213
3214
3215
3216
3217
3218
3219
3220
3226
3227
3228
3229
3230
3231
3234
3235
3239
3245
3246
3247
3253
3254
3255
3256
3257
3260
3262
3263
3264
3265
3266
3267
3268
3271
3282
3283
3284
3285
3298
3299
3300
3301
3302
3303
3304
3307
3308
3312
3313
3314
3315
3316
3317
3318
3319
3320
3321
3322
3323
3324
3325
3327
3328
3329
3330
3331
3332
3333
3342
3343
3344
3345
3346
3349
3350
3357
3358
3362
3364
3365
3376
3377
3378
3380
3381
3382
3383
3384
3385
3388
3389
3390
3391
3394
3407
3408
3411
3412
3417
3418
3419
3420
3421
3422
3423
3424
3430
3431
3432
3433
3434
3435
3444
3445
3446
3447
3448
3449
3450
3454
3455
3456
3457
3458
3459
3461
3462
3463
3464
3465
3467
3468
3469
3478
3482
3483
3484
3486
3487
3488
3489
3492
3494
3495
3501
3502
3503
3504
3505
3512
3513
3514
3515
3519
3520
3521
3522
3523
3524
3525
3526
3527
3528
3529
3530
3531
3532
3533
3534
3535
3536
3537
3554
3555
3556
3557
3558
3559
3565
3566
3567
3568
3569
3570
3571
3572
3573
3577
3578
3579
3580
3581
3586
3587
3588
3589
3590
3591
3592
3593
3594
3595
3602
3603
3604
3610
3611
3612
3626
3627
3628
3629
3637
3638
3639
3640
3641
3642
3643
3644
3645
3647
3650
3651
3652
3653
3659
3660
3667
3668
3669
3670
3673
3674
3675
3676
3677
3678
3679
3683
3684
3685
3686
3688
3689
3690
3691
3692
3693
3705
3706
3708
3709
3710
3711
3712
3718
3719
3720
3721
3722
3723
3729
3730
3731
3735
3736
3737
3738
3739
3740
3753
3754
3755
3756
3757
3758
3759
3760
3761
3762
3765
3766
3791
3792
3793
3794
3795
3798
3799
3800
3801
3802
3806
3807
3808
3809
3810
3811
3821
3828
3829
3830
3834
3837
3838
3839
3840
3841
3842
3843
3844
3846
3848
3849
3851
3861
3862
3863
3864
3868
3869
3870
3872
3873
3874
3875
3876
3877
3878
3879
3880
3881
3891
3892
3893
3894
3895
3896
3910
3911
3912
3913
3914
3915
3916
3917
3918
3923
3924
3927
3928
3929
3935
3936
3937
3938
3939
3940
3946
3947
3948
3949
3959
3960
3961
3962
3963
3970
3971
3972
3973
3974
3975
3976
3977
3978
3979
3987
3988
3991
3992
3993
3994
3995
4003
4004
4005
4008
4009
4010
4011
4012
4013
4014
4015
4019
4020
4021
4022
4023
4024
4025
4026
4029
4030
4031
4041
4044
4045
4049
4050
4051
4052
4053
4057
4058
4059
4060
4061
4069
4070
4071
4083
4084
4085
4086
4090
4091
4097
4098
4099
4100
4101
4102
4104
4105
4106
4107
4108
4109
4113
4115
4116
4117
4118
4119
4127
4128
4131
4132
4133
4134
4135
4136
4149
4150
4151
4153
4159
4160
4161
4162
4163
4167
4172
4173
4174
4175
4185
4186
4187
4188
4189
4190
4193
4194
4195
4196
4197
4202
4203
4204
4205
4206
4207
4208
4209
4210
4211
4215
4216
4217
4218
4219
4223
4224
4225
4226
4227
4236
4237
4238
4239
4248
4249
4250
4251
4252
4259
4275
4276
4277
4286
4287
4288
4289
4297
4298
4300
4301
4302
4303
4304
4305
4306
4307
4308
4309
4310
4311
4319
4320
4321
4325
4326
4327
4328
4329
4343
4348
4349
4350
4351
4352
4353
4355
4356
4357
4358
4359
4360
4361
4362
4363
4372
4373
4374
4375
4376
4377
4380
4381
4382
4385
4386
4387
4399
4400
4401
4402
4403
4404
4405
4410
4411
4418
4420
4421
4422
4423
4424
4425
4426
4431
4432
4438
4439
4444
4445
4446
4455
4456
4460
4461
4465
4466
4467
4468
4469
4470
4471
4472
4473
4474
4475
4477
4478
4479
4480
4481
4482
4483
4484
4485
4488
4489
4490
4491
4492
4499
4504
4505
4506
4507
4513
4515
4517
4526
4527
4532
4533
4534
4537
4538
4539
4540
4541
4542
4543
4547
4548
4549
4550
4560
4561
4562
4564
4565
4566
4567
4568
4569
4570
4574
4575
4576
4577
4578
4579
4580
4581
4598
4599
4600
4601
4602
4603
4604
4612
4613
4614
4615
4616
4617
4618
4619
4629
4630
4631
4632
4633
4650
4651
4652
4653
4654
4655
4656
4657
4658
4659
4660
4661
4662
4663
4664
4665
4666
4667
4668
4669
4670
4676
4677
4686
4687
4688
4689
4690
4691
4692
4693
4694
4696
4697
4698
4699
4700
4708
4709
4710
4711
4712
4713
4714
4716
4717
4718
4719
4724
4725
4731
4736
4737
4738
4739
4740
4741
4742
4743
4744
4745
4748
4749
4750
4751
4752
4753
4754
4755
4756
4757
4758
4759
4760
4761
4762
4763
4767
4768
4769
4770
4771
4777
4781
4782
4784
4785
4786
4787
4788
4789
4791
4794
4795
4796
4797
4799
4811
4813
4814
4815
4816
4817
4818
4829
4830
4831
4832
4833
4836
4837
4838
4843
4844
4845
4846
4847
4848
4854
4855
4856
4857
4862
4863
4864
4865
4866
4871
4877
4878
4879
4880
4881
4882
4883
4885
4888
4889
4890
4891
4892
4893
4894
4895
4896
4899
4900
4901
4902
4903
4907
4910
4911
4912
4916
4917
4918
4919
4920
4923
4924
4926
4927
4930
4931
4940
4941
4942
4948
4950
4951
4952
4953
4954
4955
4956
4959
4960
4962
4963
4974
4979
4980
4981
4982
4985
4986
4987
4988
4989
4990
4991
5001
5002
5004
5005
5006
5013
5016
5017
5018
5019
5020
5021
5022
5029
5030
5031
5032
5036
5038
5039
5040
5041
5044
5045
5046
5047
5050
5051
5052
5053
5056
5057
5058
5059
5060
5061
5062
5063
5064
5065
5066
5070
5071
5072
5076
5079
5080
5081
5085
5089
5090
5097
5098
5099
5100
5101
5110
5111
5112
5113
5114
5116
5117
5123
5124
5125
5128
5129
5130
5132
5133
5134
5135
5136
5137
5139
5140
5142
5147
5148
5149
5150
5151
5152
5153
5154
5155
5156
5164
5168
5169
5170
5175
5176
5177
5180
5181
5183
5190
5193
5194
5195
5196
5197
5198
5200
5203
5204
5205
5206
5208
5209
5210
5213
5217
5218
5220
5221
5225
5226
5227
5236
5237
5238
5239
5241
5242
5243
5244
5245
5246
5250
5251
5252
5253
5254
5255
5261
5262
5263
5264
5265
5266
5267
5268
5269
5270
5271
5274
5275
5276
5277
5278
5279
5280
5282
5287
5288
5289
5293
5294
5295
5296
5297
5298
5299
5300
5301
5306
5307
5308
5309
5310
5311
5315
5317
5318
5319
5320
5321
5323
5324
5325
5326
5327
5328
5329
5330
5334
5335
5336
5342
5343
5344
5349
5352
5353
5354
5356
5358
5360
5361
5362
5363
5364
5365
5366
5367
5368
5372
5373
5374
5375
5376
5377
5378
5379
5380
5386
5387
5388
5389
5390
5391
5392
5393
5394
5398
5399
5400
5401
5402
5403
5406
5408
5411
5412
5420
5421
5427
5428
5432
5433
5434
5438
5439
5440
5442
5453
5454
5455
5456
5457
5460
5461
5462
5463
5464
5465
5466
5467
5474
5475
5476
5477
5478
5479
5480
5481
5482
5483
5484
5485
5487
5490
5491
5494
5495
5496
5497
5498
5501
5503
5504
5505
5506
5508
5511
5516
5517
5519
5521
5522
5523
5524
5525
5526
5527
5532
5533
5534
5538
5539
5545
5546
5548
5549
5553
5554
5556
5557
5558
5560
5561
5562
5565
5571
5573
5576
5577
5579
5580
5583
5584
5585
5586
5587
5588
5589
5590
5593
5594
5598
5600
5601
5603
6844
6845
6846
6847
6848
6849
6850
6851
6852
6853
6854
6855
6856
6857
6858
6859
6860
6861
6862
6863
6864
6865
6866
6867
6868
6869
6870
6871
6872
6873
6874
6875
6876
6877
6878
6879
6880
6881
6882
6883
6884
6885
6886
6887
6888
6889
6890
6891
6892
6893
6894
6895
6896
6897
6898
6899
6900
6901
6902
6903
6904
6905
6906
6907
6908
6909
6910
6911
6912
6913
6914
6915
6916
6917
6918
6919
6920
6921
6922
6923
6924
6925
6926
6927
6928
6929
6930
6931
6932
6933
6934
6935
6936
6937
6938
6939
6940
6941
6942
6943
6944
6945
6946
6947
6948
6949
6950
6951
6952
6953
6954
6955
6956
6957
6958
6959
6960
6961
6962
6963
6964
6965
6966
6967
6968
6969
6970
6971
6972
6973
6974
6975
6976
6977
6978
6979
6980
6981
6982
6983
6984
6985
6986
6987
6988
6989
6990
6991
6992
6993
6994
6995
6996
6997
6998
6999
7000
7001
7002
7003
7004
7005
7006
7007
7008
7009
7010
7011
7012
7013
7014
7015
7016
7017
7018
7019
7020
7021
7022
7023
7024
7025
7026
7027
7028
7029
7030
7031
7032
7033
7034
7035
7036
7037
7038
7039
7040
7041
7042
7043
7044
7045
7046
7047
7048
7049
7050
7051
7052
7053
7054
7055
7056
7057
7058
7059
7060
7061
7062
7063
7064
7065
7066
7067
7068
7069
7070
7071
7072
7073
7074
7075
7076
7077
7078
7079
7080
7081
7082
7083
7084
7085
7086
7087
7088
7089
7090
7091
7092
7093
7094
7095
7096
7097
7098
7099
7100
7101
7102
7103
7104
7105
7106
7107
7108
7109
7110
7111
7112
7113
7114
7115
7116
7117
7118
7119
7120
7121
7122
7123
7124
7125
7126
7127
7128
7129
7130
7131
7132
7133
7134
7135
7136
7137
7138
7139
7140
7141
7142
7143
7144
7145
7146
7147
7148
7149
7150
7151
7152
7153
7154
7155
7156
7157
7158
7159
7160
7161
7162
7163
7164
7165
7166
7167
7168
7169
7170
7171
7172
7173
7174
7175
7176
7177
7178
7179
7180
7181
7182
7183
7184
7185
7186
7187
7188
7189
7190
7191
7192
7193
7194
7195
7196
7197
7198
7199
7200
7201
7202
7203
7204
7205
7206
7207
7208
7209
7210
7211
7212
7213
7214
7215
7216
7217
7218
7219
7220
7221
7222
7223
7224
7225
7226
7227
7228
7229
7230
7231
7232
7233
7234
7235
7236
7237
7238
7239
7240
7241
7242
7243
7244
7245
7246
7247
7248
7249
7250
7251
7252
7253
7254
7255
7256
7257
7258
7259
7260
7261
7262
7263
7264
7265
7266
7267
7268
7269
7270
7271
7272
7273
7274
7275
7276
7277
7278
7279
7280
7281
7282
7283
7284
7285
7286
7287
7288
7289
7290
7291
7292
7293
7294
7295
7296
7297
7298
7299
7300
7301
7302
7303
7304
7305
7306
7307
7308
7309
7310
7311
7312
7313
7314
7315
7316
7317
7318
7319
7320
7321
7322
7323
7324
7325
7326
7327
7328
7329
7330
7331
7332
7333
7334
7335
7336
7337
7338
7339
7340
7341
7342
7343
7344
7345
7346
7347
7348
7349
7350
7351
7352
7353
7354
7355
7356
7357
7358
7359
7360
7361
7362
7363
7364
7365
7366
7367
7368
7369
7370
7371
7372
7373
7374
7375
7376
7377
7378
7379
7380
7381
7382
7383
7384
7385
7386
7387
7388
7389
7390
7391
7392
7393
7394
7395
7396
7397
7398
7399
7400
7401
7402
7403
7404
7405
7406
7407
7408
7409
7410
7411
7412
7413
7414
7415
7416
7417
7418
7419
7420
7421
7422
7423
7424
7425
7426
7427
7428
7429
7430
7431
7432
7433
7434
7435
7436
7437
7438
7439
7440
7441
7442
7443
7444
7445
7446
7447
7448
7449
7450
7451
7452
7453
7454
7455
7456
7457
7458
7459
7460
7461
7462
7463
7464
7465
7466
7467
7468
7469
7470
7471
7472
7473
7474
7475
7476
7477
7478
7479
7480
7481
7482
7483
7484
7485
7486
7487
7488
7489
7490
7491
7492
7493
7494
7495
7496
7497
7498
7499
7500
7501
7502
7503
7504
7505
7506
7507
7508
7509
7510
7511
7512
7513
7514
7515
7516
7517
7518
7519
7520
7521
7522
7523
7524
7525
7526
7527
7528
7529
7530
7531
7532
7533
7534
7535
7536
7537
7538
7539
7540
7541
7542
7543
7544
7545
7546
7547
7548
7549
7550
7551
7552
7553
7554
7555
7556
7557
7558
7559
7560
7561
7562
7563
7564
7565
7566
7567
7568
7569
7570
7571
7572
7573
7574
7575
7576
7577
7578
7579
7580
7581
7582
7583
7584
7585
7586
7587
7588
7589
7590
7591
7592
7593
7594
7595
7596
7597
7598
7599
7600
7601
7602
7603
7604
7605
7606
7607
7608
7609
7610
7611
7612
7613
7614
7615
7616
7617
7618
7619
7620
7621
7622
7623
7624
7625
7626
7627
7628
7629
7630
7631
7632
7633
7634
7635
7636
7637
7638
7639
7640
7641
7642
7643
7644
7645
7646
7647
7648
7649
7650
7651
7652
7653
7654
7655
7656
7657
7658
7659
7660
7661
7662
7663
7664
7665
7666
7667
7668
7669
7670
7671
7672
7673
7674
7675
7676
7677
7678
7679
7680
7681
7682
7683
7684
7685
7686
7687
7688
7689
7690
7691
7692
7693
7694
7695
7696
7697
7698
7699
7700
7701
7702
7703
7704
7705
7706
7707
7708
7709
7710
7711
7712
7713
7714
7715
7716
7717
7718
7719
7720
7721
7722
7723
7724
7725
7726
7727
7728
7729
7730
7731
7732
7733
7734
7735
7736
7737
7738
7739
7740
7741
7742
7743
7744
7745
7746
7747
7748
7749
7750
7751
7752
7753
7754
7755
7756
7757
7758
7759
7760
7761
7762
7763
7764
7765
7766
7767
7768
7769
7770
7771
7772
7773
7774
7775
7776
7777
7778
7779
7780
7781
7782
7783
7784
7785
7786
7787
7788
7789
7790
7791
7792
7793
7794
7795
7796
7797
7798
7799
7800
7801
7802
7803
7804
7805
7806
7807
7808
7809
7810
7811
7812
7813
7814
7815
7816
7817
7818
7819
7820
7821
7822
7823
7824
7825
7826
7827
7828
7829
7830
7831
7832
7833
7834
7835
7836
7837
7838
7839
7840
7841
7842
7843
7844
7845
7846
7847
7848
7849
7850
7851
7852
7853
7854
7855
7856
7857
7858
7859
7860
7861
7862
7863
7864
7865
7866
7867
7868
7869
7870
7871
7872
7873
7874
7875
7876
7877
7878
7879
7880
7881
7882
7883
7884
7885
7886
7887
7888
7889
7890
7891
7892
7893
7894
7895
7896
7897
7898
7899
7900
7901
7902
7903
7904
7905
7906
7907
7908
7909
7910
7911
7912
7913
7914
7915
7916
7917
7918
7919
7920
7921
7922
7923
7924
7925
7926
7927
7928
7929
7930
7931
7932
7933
7934
7935
7936
7937
7938
7939
7940
7941
7942
7943
7944
7945
7946
7947
7948
7949
7950
7951
7952
7953
7954
7955
7956
7957
7958
7959
7960
7961
7962
7963
7964
7965
7997
7998
7999
8000
8001
8002
8003
8004
8005
8006
8007
8008
8009
8010
8011
8012
8244
8245
8246
8247
8248
8249
8250
8251
8252
8253
8254
8255
8256
8257
8258
8259
8260
8261
8262
8263
8264
8265
8266
8267
8268
8269
8270
8271
8272
8273
8274
8275
8276
8277
8278
8279
8280
8281
8282
8283
8284
8285
8286
8287
8288
8289
8290
8291
8292
8293
8294
8295
8296
8297
8298
8299
8300
8301
8302
8303
8304
8305
8306
8307
8308
8309
8310
8311
8312
8313
8314
8315
8316
8317
8318
8319
8320
8321
8322
8323
8324
8325
8326
8327
8328
8329
8330
8331
8332
8333
8334
8335
8336
8337
8338
8339
8340
8341
8342
8343
8344
8345
8346
8347
8348
8349
8350
8351
8352
8353
8354
8355
8356
8357
8358
8359
8360
8361
8362
8363
8364
8365
8366
8367
8368
8369
8370
8371
8372
8373
8374
8375
8376
8377
8378
8379
8380
8381
8382
8383
8384
8385
8386
8387
8388
8389
8390
8391
8392
8393
8394
8395
8396
8397
8398
8399
8400
8401
8402
8403
8404
8405
8406
8407
8408
8409
8410
8411
8412
8413
8414
8415
8416
8417
8418
8419
8420
8421
8422
8423
8424
8425
8426
8427
8428
8429
8430
8431
8432
8433
8434
8435
8436
8437
8438
8439
8440
8441
8442
8443
8444
8445
8446
8447
8448
8449
8450
8451
8452
8453
8454
8455
8456
8457
8458
8459
8460
8461
8462
8463
8464
8465
8466
8467
8468
8469
8470
8471
8472
8473
8474
8475
8476
8477
8478
8479
8480
8481
8482
8483
8484
8485
8486
8487
8488
8489
8490
8491
8492
8493
8497
8498
8499
8500
8501
8502
8503
8504
8505
8506
8507
8508
8509
8510
8511
8513
8518
8519
8520
8526
8527
8528
8539
8540
8541
8542
8543
8544
8545
8546
8547
8548
8549
8550
8551
8552
8553
8554
8555
8556
8557
8558
8559
8560
8561
8562
8563
8564
8638
8645
8646
8647
8648
8649
8650
8657
8658
8659
8674
8675
8676
8677
8678
8679
8687
8688
8689
8690
8691
8692
8693
8694
8695
8696
8697
8701
8702
8703
8704
8705
8716
8717
8718
8719
8720
8721
8722
8723
8724
8741
8742
8743
8744
8745
8746
8747
8748
8749
8750
8751
8752
8753
8754
8755
8756
8757
8761
8762
8764
8765
8766
8767
8773
8774
8775
8783
8784
8785
8789
8790
8791
8792
8793
8794
8795
8796
8797
8798
8799
8800
8801
8802
8803
8804
8805
8809
8827
8831
8832
8833
8834
8835
8842
8845
8846
8847
8848
8849
8850
8851
8852
8853
8854
8857
8858
8859
8860
8861
8862
8863
8864
8865
8866
8867
8868
8879
8880
8881
8882
8883
8884
8895
8896
8897
8898
8899
8900
8901
8902
8903
8904
8908
8909
8910
8911
8912
8913
8915
8916
8920
8921
8927
8928
8929
8933
8935
8936
8937
8938
8939
8942
8943
8945
8946
8951
8952
8953
8954
8955
8956
8957
8958
8959
8962
8963
8964
8965
8966
8967
8968
8969
8970
8974
8975
8979
8980
8981
8982
8983
8984
8992
8993
8994
9001
9002
9003
9004
9005
9006
9010
9011
9012
9015
9016
9017
9018
9019
9020
9024
9025
9026
9027
9028
9029
9038
9039
9040
9041
9042
9047
9048
9049
9050
9051
9052
9053
9057
9058
9059
9060
9061
9062
9063
9064
9065
9066
9067
9068
9069
9070
9071
9072
9073
9074
9081
9082
9083
9084
9085
9086
9087
9094
9095
9097
9099
9100
9101
9102
9103
9104
9105
9106
9107
9108
9109
9110
9111
9112
9113
9120
9121
9122
9123
9124
9125
9126
9127
9128
9135
9136
9137
9138
9139
9140
9141
9142
9143
9146
9147
9148
9149
9151
9153
9154
9155
9156
9157
9158
9159
9161
9162
9163
9164
9165
9166
9170
9171
9172
9179
9180
9181
9185
9186
9187
9191
9192
9193
9194
9195
9196
9197
9198
9199
9200
9201
9202
9207
9208
9215
9216
9217
9218
9219
9220
9221
9222
9223
9224
9225
9226
9227
9228
9229
9230
9231
9234
9235
9236
9237
9238
9242
9243
9244
9245
9246
9247
9248
9249
9250
9251
9252
9253
9257
9258
9259
9263
9264
9265
9266
9267
9268
9269
9270
9272
9274
9275
9276
9280
9281
9282
9286
9287
9288
9289
9290
9291
9292
9293
9294
9295
9296
9297
9298
9301
9302
9303
9304
9305
9306
9307
9308
9309
9310
9311
9312
9313
9314
9315
9316
9317
9318
9319
9320
9321
9322
9329
9330
9331
9332
9333
9334
9335
9336
9337
9338
9339
9376
9377
9378
9379
9380
9401
9402
9405
9406
9407
9408
9409
9410
9411
9412
9413
9414
9415
9425
9426
9427
9428
9429
9430
9439
9440
9449
9450
9451
9452
9453
9454
9455
9456
9457
9458
9459
9460
9461
9462
9463
9464
9465
9466
9467
9468
9469
9470
9471
9472
9473
9474
9475
9476
9477
9478
9487
9490
9497
9498
9499
9500
9501
9502
9503
9504
9505
9507
9508
9509
9529
9530
9531
9532
9533
9535
9536
9537
9552
9553
9554
9555
9556
9557
9558
9559
9560
9561
9562
9563
9564
9565
9566
9567
9568
9569
9570
9571
9572
9573
9574
9575
9576
9577
9579
9581
9582
9583
9584
9607
9608
9609
9610
9611
9612
9613
9614
9615
9616
9617
9618
9619
9620
9621
9622
9623
9624
9625
9626
9627
9628
9629
9630
9631
9633
9635
9636
9637
9638
9639
9640
9642
9643
9644
9645
9646
9648
9649
9718
9719
9720
9721
9722
9723
9724
9725
9726
9727
9728
9729
9730
9731
9732
9733
9734
9735
9736
9737
9738
9739
9740
9741
9742
9743
9744
9745
9746
9747
9748
9749
9750
9751
9752
9753
9754
9755
9756
9757
9758
9759
9760
9761
9762
9763
9764
9765
9766
9767
9768
9769
9770
9771
9772
9773
9774
9775
9776
9777
9778
9779
9780
9781
9782
9783
9784
9785
9786
9787
9788
9789
9790
9791
9792
9793
9794
9795
9796
9797
9798
9799
9800
9801
9802
9803
9804
9805
9806
9807
9808
9809
9810
9811
9812
9813
9814
9815
9816
9817
9818
9819
9820
9821
9822
9823
9918
9919
9920
9921
9922
9923
9924
9925
9926
9927
9928
9929
9930
9931
9932
9933
9934
9935
9936
9937
9938
9939
9940
9941
9942
9943
9944
9945
9946
9947
9948
9949
9950
9951
9952
9953
9954
9955
9956
9957
9958
9959
9961
9962
9963
9964
9965
9966
9967
9968
9969
9970
9971
9972
9973
9974
9975
9976
9977
9978
9979
9980
9981
9982
9983
9984
9985
9986
9987
9988
9989
9990
9991
9992
9993
9994
9995
9996
9997
9998
9999
10000
10001
10002
10003
10004
10005
10006
10007
10008
10009
10010
10011
10012
10013
10014
10015
10016
10017
10018
10019
10020
10021
10022
10023
10024
10025
10026
10027
10028
10029
10030
10031
10032
10143
10144
10145
10146
10147
10148
10149
10150
10151
10152
10153
10154
10155
10156
10157
10158
10159
10160
10161
10162
10163
10164
10165
10166
10167
10168
10169
10170
10171
10172
10173
10174
10175
10176
10177
10178
10179
10180
10181
10182
10183
10184
10185
10186
10187
10188
10189
10190
10191
10192
10193
10194
10195
10196
10197
10198
10199
10200
10201
10202
10203
10204
10205
10206
10207
10208
10209
10210
10211
10212
10213
10214
10215
10216
10217
10218
10219
10220
10221
10222
10223
10224
10225
10226
10227
10228
10229
10230
10231
10232
10233
10234
10235
10236
10237
10238
10239
10240
10241
10242
10243
10244
10245
10246
10247
10248
10336
10337
10338
10339
10340
10341
10342
10343
10344
10345
10346
10347
10348
10349
10350
10351
10352
10353
10354
10355
10356
10357
10358
10359
10360
10361
10362
10363
10364
10365
10366
10367
10368
10369
10370
10371
10372
10373
10374
10375
10376
10377
10378
10379
10380
10381
10382
10383
10384
10385
10386
10387
10388
10389
10390
10391
10392
10393
10394
10395
10396
10397
10398
10399
10400
10401
10402
10403
10404
10405
10406
10407
10408
10409
10410
10411
10412
10413
10414
10415
10416
10417
10418
10419
10420
10421
10422
10423
10424
10425
10426
10427
10428
10429
10430
10431
10432
10433
10434
10435
10436
10437
10438
10439
10440
10441
10495
10496
10497
10498
10499
10500
10501
10502
10503
10504
10505
10506
10507
10508
10509
10510
10511
10512
10513
10514
10515
10516
10517
10518
10519
10520
10521
10522
10523
10539
10540
10541
10542
10543
10544
10545
10547
10548
10549
10550
10551
10554
10555
10556
10557
10558
10562
10569
10570
10571
10572
10573
10574
10575
10580
10581
10582
10583
10584
10585
10586
10587
10588
10589
10590
10591
10592
10593
10594
10611
10612
10613
10614
10616
10617
10618
10619
10620
10621
10626
10628
10629
10631
10632
10633
10634
10635
10638
10643
10644
10645
10646
10647
10649
10650
10651
10652
10653
10662
10663
10664
10665
10666
10667
10668
10669
10670
10674
10675
10676
10689
10690
10691
10695
10699
10700
10707
10708
10709
10710
10711
10712
10717
10718
10719
10720
10721
10722
10723
10724
10725
10726
10727
10728
10729
10730
10731
10732
10733
10734
10735
10736
10737
10738
10741
10742
10745
10746
10747
10748
10760
10761
10765
10767
10768
10771
10772
10773
10774
10775
10776
10777
10778
10783
10784
10785
10786
10787
10788
10796
10797
10806
10807
10808
10810
10811
10812
10813
10814
10817
10822
10823
10824
10825
10836
10837
10838
10841
10843
10844
10845
10846
10847
10848
10852
10853
10854
10855
10860
10861
10862
10863
10868
10875
10876
10877
10878
10879
10880
10881
10882
10883
10884
10891
10892
10893
10894
10904
10905
10906
10907
10908
10909
10910
10911
10914
10920
10921
10927
10928
10929
10934
10935
10936
10937
10938
10939
10942
10949
10952
10953
10954
10955
10956
10957
10958
10960
10962
10963
10964
10965
10970
10971
10972
10973
10974
10975
10979
10980
10981
10982
10983
10984
10986
10993
10994
10995
10999
11000
11001
11002
11004
11005
11006
11008
11009
11011
11012
11013
11014
11015
11018
11022
11023
11024
11025
11026
11031
11032
11033
11039
11040
11041
11042
11043
11044
11045
11046
11047
11056
11057
11058
11059
11060
11061
11062
11063
11064
11065
11066
11071
11072
11073
11075
11076
11077
11086
11087
11088
11089
11090
11091
11094
11095
11098
11099
11100
11101
11102
11108
11109
11110
11111
11112
11114
11115
11116
11117
11118
11121
11122
11123
11124
11128
11131
11132
11133
11145
11146
11150
11151
11154
11155
11156
11157
11158
11161
11162
11163
11164
11165
11166
11167
11168
11169
11170
11176
11177
11178
11179
11180
11181
11184
11185
11189
11195
11196
11197
11203
11204
11205
11206
11207
11210
11212
11213
11214
11215
11216
11217
11218
11221
11232
11233
11234
11235
11248
11249
11250
11251
11252
11253
11254
11257
11258
11262
11263
11264
11265
11266
11267
11268
11269
11270
11271
11272
11273
11274
11275
11277
11278
11279
11280
11281
11282
11283
11292
11293
11294
11295
11296
11299
11300
11307
11308
11312
11314
11315
11326
11327
11328
11330
11331
11332
11333
11334
11335
11338
11339
11340
11341
11344
11357
11358
11361
11362
11367
11368
11369
11370
11371
11372
11373
11374
11380
11381
11382
11383
11384
11385
11394
11395
11396
11397
11398
11399
11400
11404
11405
11406
11407
11408
11409
11411
11412
11413
11414
11415
11417
11418
11419
11428
11432
11433
11434
11436
11437
11438
11439
11442
11444
11445
11451
11452
11453
11454
11455
11462
11463
11464
11465
11469
11470
11471
11472
11473
11474
11475
11476
11477
11478
11479
11480
11481
11482
11483
11484
11485
11486
11487
11504
11505
11506
11507
11508
11509
11515
11516
11517
11518
11519
11520
11521
11522
11523
11527
11528
11529
11530
11531
11536
11537
11538
11539
11540
11541
11542
11543
11544
11545
11552
11553
11554
11560
11561
11562
11576
11577
11578
11579
11587
11588
11589
11590
11591
11592
11593
11594
11595
11597
11600
11601
11602
11603
11609
11610
11617
11618
11619
11620
11623
11624
11625
11626
11627
11628
11629
11633
11634
11635
11636
11638
11639
11640
11641
11642
11643
11655
11656
11658
11659
11660
11661
11662
11668
11669
11670
11671
11672
11673
11679
11680
11681
11685
11686
11687
11688
11689
11690
11703
11704
11705
11706
11707
11708
11709
11710
11711
11712
11715
11716
11741
11742
11743
11744
11745
11748
11749
11750
11751
11752
11756
11757
11758
11759
11760
11761
11771
11778
11779
11780
11784
11787
11788
11789
11790
11791
11792
11793
11794
11796
11798
11799
11801
11811
11812
11813
11814
11818
11819
11820
11822
11823
11824
11825
11826
11827
11828
11829
11830
11831
11841
11842
11843
11844
11845
11846
11860
11861
11862
11863
11864
11865
11866
11867
11868
11873
11874
11877
11878
11879
11885
11886
11887
11888
11889
11890
11896
11897
11898
11899
11909
11910
11911
11912
11913
11920
11921
11922
11923
11924
11925
11926
11927
11928
11929
11937
11938
11941
11942
11943
11944
11945
11953
11954
11955
11958
11959
11960
11961
11962
11963
11964
11965
11969
11970
11971
11972
11973
11974
11975
11976
11979
11980
11981
11991
11994
11995
11999
12000
12001
12002
12003
12007
12008
12009
12010
12011
12019
12020
12021
12033
12034
12035
12036
12040
12041
12047
12048
12049
12050
12051
12052
12054
12055
12056
12057
12058
12059
12063
12065
12066
12067
12068
12069
12077
12078
12081
12082
12083
12084
12085
12086
12099
12100
12101
12103
12109
12110
12111
12112
12113
12117
12122
12123
12124
12125
12135
12136
12137
12138
12139
12140
12143
12144
12145
12146
12147
12152
12153
12154
12155
12156
12157
12158
12159
12160
12161
12165
12166
12167
12168
12169
12173
12174
12175
12176
12177
12186
12187
12188
12189
12198
12199
12200
12201
12202
12209
12225
12226
12227
12236
12237
12238
12239
12247
12248
12250
12251
12252
12253
12254
12255
12256
12257
12258
12259
12260
12261
12269
12270
12271
12275
12276
12277
12278
12279
12293
12298
12299
12300
12301
12302
12303
12305
12306
12307
12308
12309
12310
12311
12312
12313
12322
12323
12324
12325
12326
12327
12330
12331
12332
12335
12336
12337
12349
12350
12351
12352
12353
12354
12355
12360
12361
12368
12370
12371
12372
12373
12374
12375
12376
12381
12382
12388
12389
12394
12395
12396
12405
12406
12410
12411
12415
12416
12417
12418
12419
12420
12421
12422
12423
12424
12425
12427
12428
12429
12430
12431
12432
12433
12434
12435
12438
12439
12440
12441
12442
12449
12454
12455
12456
12457
12463
12465
12467
12476
12477
12482
12483
12484
12487
12488
12489
12490
12491
12492
12493
12497
12498
12499
12500
12510
12511
12512
12514
12515
12516
12517
12518
12519
12520
12524
12525
12526
12527
12528
12529
12530
12531
12548
12549
12550
12551
12552
12553
12554
12562
12563
12564
12565
12566
12567
12568
12569
12579
12580
12581
12582
12583
12600
12601
12602
12603
12604
12605
12606
12607
12608
12609
12610
12611
12612
12613
12614
12615
12616
12617
12618
12619
12620
12626
12627
12636
12637
12638
12639
12640
12641
12642
12643
12644
12646
12647
12648
12649
12650
12658
12659
12660
12661
12662
12663
12664
12666
12667
12668
12669
12674
12675
12681
12686
12687
12688
12689
12690
12691
12692
12693
12694
12695
12698
12699
12700
12701
12702
12703
12704
12705
12706
12707
12708
12709
12710
12711
12712
12713
12717
12718
12719
12720
12721
12727
12731
12732
12734
12735
12736
12737
12738
12739
12741
12744
12745
12746
12747
12749
12761
12763
12764
12765
12766
12767
12768
12779
12780
12781
12782
12783
12786
12787
12788
12793
12794
12795
12796
12797
12798
12804
12805
12806
12807
12812
12813
12814
12815
12816
12821
12827
12828
12829
12830
12831
12832
12833
12835
12838
12839
12840
12841
12842
12843
12844
12845
12846
12849
12850
12851
12852
12853
12857
12860
12861
12862
12866
12867
12868
12869
12870
12873
12874
12876
12877
12880
12881
12890
12891
12892
12898
12900
12901
12902
12903
12904
12905
12906
12909
12910
12912
12913
12924
12929
12930
12931
12932
12935
12936
12937
12938
12939
12940
12941
12951
12952
12954
12955
12956
12963
12966
12967
12968
12969
12970
12971
12972
12979
12980
12981
12982
12986
12988
12989
12990
12991
12994
12995
12996
12997
13000
13001
13002
13003
13006
13007
13008
13009
13010
13011
13012
13013
13014
13015
13016
13020
13021
13022
13026
13029
13030
13031
13035
13039
13040
13047
13048
13049
13050
13051
13060
13061
13062
13063
13064
13066
13067
13073
13074
13075
13078
13079
13080
13082
13083
13084
13085
13086
13087
13089
13090
13092
13097
13098
13099
13100
13101
13102
13103
13104
13105
13106
13114
13118
13119
13120
13125
13126
13127
13130
13131
13133
13140
13143
13144
13145
13146
13147
13148
13150
13153
13154
13155
13156
13158
13159
13160
13163
13167
13168
13170
13171
13175
13176
13177
13186
13187
13188
13189
13191
13192
13193
13194
13195
13196
13200
13201
13202
13203
13204
13205
13211
13212
13213
13214
13215
13216
13217
13218
13219
13220
13221
13224
13225
13226
13227
13228
13229
13230
13232
13237
13238
13239
13243
13244
13245
13246
13247
13248
13249
13250
13251
13256
13257
13258
13259
13260
13261
13265
13267
13268
13269
13270
13271
13273
13274
13275
13276
13277
13278
13279
13280
13284
13285
13286
13292
13293
13294
13299
13302
13303
13304
13306
13308
13310
13311
13312
13313
13314
13315
13316
13317
13318
13322
13323
13324
13325
13326
13327
13328
13329
13330
13336
13337
13338
13339
13340
13341
13342
13343
13344
13348
13349
13350
13351
13352
13353
13356
13358
13361
13362
13370
13371
13377
13378
13382
13383
13384
13388
13389
13390
13392
13403
13404
13405
13406
13407
13410
13411
13412
13413
13414
13415
13416
13417
13424
13425
13426
13427
13428
13429
13430
13431
13432
13433
13434
13435
13437
13440
13441
13444
13445
13446
13447
13448
13451
13453
13454
13455
13456
13458
13461
13466
13467
13469
13471
13472
13473
13474
13475
13476
13477
13482
13483
13484
13488
13489
13495
13496
13498
13499
13503
13504
13506
13507
13508
13510
13511
13512
13515
13521
13523
13526
13527
13529
13530
13533
13534
13535
13536
13537
13538
13539
13540
13543
13544
13548
13550
13551
13553
14794
14795
14796
14797
14798
14799
14800
14801
14802
14803
14804
14805
14806
14807
14808
14809
14810
14811
14812
14813
14814
14815
14816
14817
14818
14819
14820
14821
14822
14823
14824
14825
14826
14827
14828
14829
14830
14831
14832
14833
14834
14835
14836
14837
14838
14839
14840
14841
14842
14843
14844
14845
14846
14847
14848
14849
14850
14851
14852
14853
14854
14855
14856
14857
14858
14859
14860
14861
14862
14863
14864
14865
14866
14867
14868
14869
14870
14871
14872
14873
14874
14875
14876
14877
14878
14879
14880
14881
14882
14883
14884
14885
14886
14887
14888
14889
14890
14891
14892
14893
14894
14895
14896
14897
14898
14899
14900
14901
14902
14903
14904
14905
14906
14907
14908
14909
14910
14911
14912
14913
14914
14915
14916
14917
14918
14919
14920
14921
14922
14923
14924
14925
14926
14927
14928
14929
14930
14931
14932
14933
14934
14935
14936
14937
14938
14939
14940
14941
14942
14943
14944
14945
14946
14947
14948
14949
14950
14951
14952
14953
14954
14955
14956
14957
14958
14959
14960
14961
14962
14963
14964
14965
14966
14967
14968
14969
14970
14971
14972
14973
14974
14975
14976
14977
14978
14979
14980
14981
14982
14983
14984
14985
14986
14987
14988
14989
14990
14991
14992
14993
14994
14995
14996
14997
14998
14999
15000
15001
15002
15003
15004
15005
15006
15007
15008
15009
15010
15011
15012
15013
15014
15015
15016
15017
15018
15019
15020
15021
15022
15023
15024
15025
15026
15027
15028
15029
15030
15031
15032
15033
15034
15035
15036
15037
15038
15039
15040
15041
15042
15043
15044
15045
15046
15047
15048
15049
15050
15051
15052
15053
15054
15055
15056
15057
15058
15059
15060
15061
15062
15063
15064
15065
15066
15067
15068
15069
15070
15071
15072
15073
15074
15075
15076
15077
15078
15079
15080
15081
15082
15083
15084
15085
15086
15087
15088
15089
15090
15091
15092
15093
15094
15095
15096
15097
15098
15099
15100
15101
15102
15103
15104
15105
15106
15107
15108
15109
15110
15111
15112
15113
15114
15115
15116
15117
15118
15119
15120
15121
15122
15123
15124
15125
15126
15127
15128
15129
15130
15131
15132
15133
15134
15135
15136
15137
15138
15139
15140
15141
15142
15143
15144
15145
15146
15147
15148
15149
15150
15151
15152
15153
15154
15155
15156
15157
15158
15159
15160
15161
15162
15163
15164
15165
15166
15167
15168
15169
15170
15171
15172
15173
15174
15175
15176
15177
15178
15179
15180
15181
15182
15183
15184
15185
15186
15187
15188
15189
15190
15191
15192
15193
15194
15195
15196
15197
15198
15199
15200
15201
15202
15203
15204
15205
15206
15207
15208
15209
15210
15211
15212
15213
15214
15215
15216
15217
15218
15219
15220
15221
15222
15223
15224
15225
15226
15227
15228
15229
15230
15231
15232
15233
15234
15235
15236
15237
15238
15239
15240
15241
15242
15243
15244
15245
15246
15247
15248
15249
15250
15251
15252
15253
15254
15255
15256
15257
15258
15259
15260
15261
15262
15263
15264
15265
15266
15267
15268
15269
15270
15271
15272
15273
15274
15275
15276
15277
15278
15279
15280
15281
15282
15283
15284
15285
15286
15287
15288
15289
15290
15291
15292
15293
15294
15295
15296
15297
15298
15299
15300
15301
15302
15303
15304
15305
15306
15307
15308
15309
15310
15311
15312
15313
15314
15315
15316
15317
15318
15319
15320
15321
15322
15323
15324
15325
15326
15327
15328
15329
15330
15331
15332
15333
15334
15335
15336
15337
15338
15339
15340
15341
15342
15343
15344
15345
15346
15347
15348
15349
15350
15351
15352
15353
15354
15355
15356
15357
15358
15359
15360
15361
15362
15363
15364
15365
15366
15367
15368
15369
15370
15371
15372
15373
15374
15375
15376
15377
15378
15379
15380
15381
15382
15383
15384
15385
15386
15387
15388
15389
15390
15391
15392
15393
15394
15395
15396
15397
15398
15399
15400
15401
15402
15403
15404
15405
15406
15407
15408
15409
15410
15411
15412
15413
15414
15415
15416
15417
15418
15419
15420
15421
15422
15423
15424
15425
15426
15427
15428
15429
15430
15431
15432
15433
15434
15435
15436
15437
15438
15439
15440
15441
15442
15443
15444
15445
15446
15447
15448
15449
15450
15451
15452
15453
15454
15455
15456
15457
15458
15459
15460
15461
15462
15463
15464
15465
15466
15467
15468
15469
15470
15471
15472
15473
15474
15475
15476
15477
15478
15479
15480
15481
15482
15483
15484
15485
15486
15487
15488
15489
15490
15491
15492
15493
15494
15495
15496
15497
15498
15499
15500
15501
15502
15503
15504
15505
15506
15507
15508
15509
15510
15511
15512
15513
15514
15515
15516
15517
15518
15519
15520
15521
15522
15523
15524
15525
15526
15527
15528
15529
15530
15531
15532
15533
15534
15535
15536
15537
15538
15539
15540
15541
15542
15543
15544
15545
15546
15547
15548
15549
15550
15551
15552
15553
15554
15555
15556
15557
15558
15559
15560
15561
15562
15563
15564
15565
15566
15567
15568
15569
15570
15571
15572
15573
15574
15575
15576
15577
15578
15579
15580
15581
15582
15583
15584
15585
15586
15587
15588
15589
15590
15591
15592
15593
15594
15595
15596
15597
15598
15599
15600
15601
15602
15603
15604
15605
15606
15607
15608
15609
15610
15611
15612
15613
15614
15615
15616
15617
15618
15619
15620
15621
15622
15623
15624
15625
15626
15627
15628
15629
15630
15631
15632
15633
15634
15635
15636
15637
15638
15639
15640
15641
15642
15643
15644
15645
15646
15647
15648
15649
15650
15651
15652
15653
15654
15655
15656
15657
15658
15659
15660
15661
15662
15663
15664
15665
15666
15667
15668
15669
15670
15671
15672
15673
15674
15675
15676
15677
15678
15679
15680
15681
15682
15683
15684
15685
15686
15687
15688
15689
15690
15691
15692
15693
15694
15695
15696
15697
15698
15699
15700
15701
15702
15703
15704
15705
15706
15707
15708
15709
15710
15711
15712
15713
15714
15715
15716
15717
15718
15719
15720
15721
15722
15723
15724
15725
15726
15727
15728
15729
15730
15731
15732
15733
15734
15735
15736
15737
15738
15739
15740
15741
15742
15743
15744
15745
15746
15747
15748
15749
15750
15751
15752
15753
15754
15755
15756
15757
15758
15759
15760
15761
15762
15763
15764
15765
15766
15767
15768
15769
15770
15771
15772
15773
15774
15775
15776
15777
15778
15779
15780
15781
15782
15783
15784
15785
15786
15787
15788
15789
15790
15791
15792
15793
15794
15795
15796
15797
15798
15799
15800
15801
15802
15803
15804
15805
15806
15807
15808
15809
15810
15811
15812
15813
15814
15815
15816
15817
15818
15819
15820
15821
15822
15823
15824
15825
15826
15827
15828
15829
15830
15831
15832
15833
15834
15835
15836
15837
15838
15839
15840
15841
15842
15843
15844
15845
15846
15847
15848
15849
15850
15851
15852
15853
15854
15855
15856
15857
15858
15859
15860
15861
15862
15863
15864
15865
15866
15867
15868
15869
15870
15871
15872
15873
15874
15875
15876
15877
15878
15879
15880
15881
15882
15883
15884
15885
15886
15887
15888
15889
15890
15891
15892
15893
15894
15895
15896
15897
15898
15899
)


// ************************************************************************* //
