# Force coefficients
# dragDir     : (9.284767e-01 3.713907e-01 0.000000e+00)
# sideDir     : (0.000000e+00 0.000000e+00 -1.000000e+00)
# liftDir     : (-3.713907e-01 9.284767e-01 0.000000e+00)
# rollAxis    : (9.284767e-01 3.713907e-01 0.000000e+00)
# pitchAxis   : (0.000000e+00 0.000000e+00 -1.000000e+00)
# yawAxis     : (-3.713907e-01 9.284767e-01 0.000000e+00)
# magUInf     : 1.000000e+00
# lRef        : 1.000000e+00
# Aref        : 1.000000e+00
# CofR        : (2.500000e-01 0.000000e+00 0.000000e+00)
#
# Time        	Cd            	Cs            	Cl            	CmRoll        	CmPitch       	CmYaw         	Cd(f)         	Cd(r)         	Cs(f)         	Cs(r)         	Cl(f)         	Cl(r)         
0.00025641    	3.818020e-02	-8.589565e-21	6.089109e-01	3.044554e-01	-1.565485e-01	-1.909010e-02	3.235455e-01	-2.853653e-01	-1.909010e-02	1.909010e-02	1.479069e-01	4.610040e-01
0.000512821   	4.190344e-02	-5.635273e-23	7.099483e-02	3.549741e-02	-2.020520e-02	-2.095172e-02	5.644913e-02	-1.454569e-02	-2.095172e-02	2.095172e-02	1.529221e-02	5.570261e-02
0.000769231   	2.812173e-02	3.147002e-22	4.384163e-02	2.192081e-02	-1.031974e-02	-1.406086e-02	3.598168e-02	-7.859948e-03	-1.406086e-02	1.406086e-02	1.160108e-02	3.224055e-02
0.00102564    	2.756487e-02	2.420415e-22	4.101834e-02	2.050917e-02	-1.157654e-02	-1.378243e-02	3.429161e-02	-6.726739e-03	-1.378243e-02	1.378243e-02	8.932633e-03	3.208571e-02
0.00128205    	2.549973e-02	2.235272e-22	3.727039e-02	1.863520e-02	-1.110929e-02	-1.274986e-02	3.138506e-02	-5.885334e-03	-1.274986e-02	1.274986e-02	7.525907e-03	2.974449e-02
0.00153846    	2.388043e-02	2.145723e-22	3.459762e-02	1.729881e-02	-1.055881e-02	-1.194021e-02	2.923902e-02	-5.358597e-03	-1.194021e-02	1.194021e-02	6.739994e-03	2.785762e-02
0.00179487    	2.279643e-02	2.058222e-22	3.287708e-02	1.643854e-02	-1.008849e-02	-1.139821e-02	2.783675e-02	-5.040326e-03	-1.139821e-02	1.139821e-02	6.350050e-03	2.652703e-02
0.00205128    	2.212031e-02	1.990697e-22	3.194274e-02	1.597137e-02	-9.855984e-03	-1.106015e-02	2.703152e-02	-4.911216e-03	-1.106015e-02	1.106015e-02	6.115386e-03	2.582735e-02
0.00230769    	2.170386e-02	1.929389e-22	3.148574e-02	1.574287e-02	-9.736313e-03	-1.085193e-02	2.659480e-02	-4.890937e-03	-1.085193e-02	1.085193e-02	6.006556e-03	2.547918e-02
0.0025641     	2.144193e-02	1.862878e-22	3.128780e-02	1.564390e-02	-9.690637e-03	-1.072096e-02	2.636487e-02	-4.922937e-03	-1.072096e-02	1.072096e-02	5.953265e-03	2.533454e-02
0.00282051    	2.127578e-02	1.809031e-22	3.125367e-02	1.562684e-02	-9.666755e-03	-1.063789e-02	2.626473e-02	-4.988947e-03	-1.063789e-02	1.063789e-02	5.960082e-03	2.529359e-02
0.00307692    	2.117563e-02	1.755986e-22	3.132543e-02	1.566271e-02	-9.672728e-03	-1.058781e-02	2.625053e-02	-5.074901e-03	-1.058781e-02	1.058781e-02	5.989987e-03	2.533544e-02
0.00333333    	2.110619e-02	1.704524e-22	3.142508e-02	1.571254e-02	-9.678850e-03	-1.055309e-02	2.626564e-02	-5.159447e-03	-1.055309e-02	1.055309e-02	6.033691e-03	2.539139e-02
0.00358974    	2.106347e-02	1.664652e-22	3.155855e-02	1.577927e-02	-9.721903e-03	-1.053174e-02	2.631101e-02	-5.247539e-03	-1.053174e-02	1.053174e-02	6.057371e-03	2.550118e-02
0.00384615    	2.105839e-02	1.626789e-22	3.178294e-02	1.589147e-02	-9.789698e-03	-1.052920e-02	2.642066e-02	-5.362273e-03	-1.052920e-02	1.052920e-02	6.101771e-03	2.568117e-02
0.00410256    	2.105945e-02	1.588735e-22	3.198453e-02	1.599226e-02	-9.841411e-03	-1.052972e-02	2.652199e-02	-5.462538e-03	-1.052972e-02	1.052972e-02	6.150851e-03	2.583367e-02
0.00435897    	2.104590e-02	1.549676e-22	3.213603e-02	1.606801e-02	-9.861653e-03	-1.052295e-02	2.659096e-02	-5.545065e-03	-1.052295e-02	1.052295e-02	6.206361e-03	2.592967e-02
0.00461538    	2.106032e-02	1.517217e-22	3.231080e-02	1.615540e-02	-9.899436e-03	-1.053016e-02	2.668556e-02	-5.625242e-03	-1.053016e-02	1.053016e-02	6.255966e-03	2.605484e-02
0.00487179    	2.107767e-02	1.483837e-22	3.249234e-02	1.624617e-02	-9.943744e-03	-1.053883e-02	2.678500e-02	-5.707336e-03	-1.053883e-02	1.053883e-02	6.302426e-03	2.618991e-02
0.00512821    	2.109382e-02	1.455310e-22	3.267463e-02	1.633732e-02	-9.994129e-03	-1.054691e-02	2.688422e-02	-5.790408e-03	-1.054691e-02	1.054691e-02	6.343187e-03	2.633145e-02
0.00538462    	2.110300e-02	1.423914e-22	3.281898e-02	1.640949e-02	-1.004000e-02	-1.055150e-02	2.696099e-02	-5.857992e-03	-1.055150e-02	1.055150e-02	6.369490e-03	2.644949e-02
0.00564103    	2.110482e-02	1.396667e-22	3.293416e-02	1.646708e-02	-1.007025e-02	-1.055241e-02	2.701949e-02	-5.914670e-03	-1.055241e-02	1.055241e-02	6.396836e-03	2.653733e-02
0.00589744    	2.111412e-02	1.371908e-22	3.306683e-02	1.653342e-02	-1.010499e-02	-1.055706e-02	2.709047e-02	-5.976357e-03	-1.055706e-02	1.055706e-02	6.428426e-03	2.663841e-02
0.00615385    	2.112451e-02	1.349564e-22	3.318668e-02	1.659334e-02	-1.013116e-02	-1.056226e-02	2.715559e-02	-6.031082e-03	-1.056226e-02	1.056226e-02	6.462181e-03	2.672450e-02
0.00641026    	2.114888e-02	1.325378e-22	3.332886e-02	1.666443e-02	-1.018268e-02	-1.057444e-02	2.723887e-02	-6.089990e-03	-1.057444e-02	1.057444e-02	6.481748e-03	2.684711e-02
0.00666667    	2.116499e-02	1.306653e-22	3.344619e-02	1.672310e-02	-1.021151e-02	-1.058249e-02	2.730559e-02	-6.140603e-03	-1.058249e-02	1.058249e-02	6.511582e-03	2.693461e-02
0.00692308    	2.119317e-02	1.289132e-22	3.357797e-02	1.678898e-02	-1.024799e-02	-1.059659e-02	2.738557e-02	-6.192398e-03	-1.059659e-02	1.059659e-02	6.540997e-03	2.703697e-02
0.00717949    	2.119927e-02	1.269416e-22	3.366175e-02	1.683088e-02	-1.027787e-02	-1.059963e-02	2.743051e-02	-6.231243e-03	-1.059963e-02	1.059963e-02	6.553005e-03	2.710875e-02
0.0074359     	2.118051e-02	1.255124e-22	3.367457e-02	1.683729e-02	-1.027397e-02	-1.059025e-02	2.742754e-02	-6.247033e-03	-1.059025e-02	1.059025e-02	6.563311e-03	2.711126e-02
0.00769231    	2.118715e-02	1.239113e-22	3.375601e-02	1.687801e-02	-1.028864e-02	-1.059358e-02	2.747158e-02	-6.284430e-03	-1.059358e-02	1.059358e-02	6.589366e-03	2.716665e-02
0.00794872    	2.119590e-02	1.223720e-22	3.383280e-02	1.691640e-02	-1.030560e-02	-1.059795e-02	2.751435e-02	-6.318447e-03	-1.059795e-02	1.059795e-02	6.610802e-03	2.722200e-02
0.00820513    	2.119952e-02	1.208298e-22	3.389026e-02	1.694513e-02	-1.031588e-02	-1.059976e-02	2.754489e-02	-6.345369e-03	-1.059976e-02	1.059976e-02	6.629250e-03	2.726101e-02
0.00846154    	2.120160e-02	1.189669e-22	3.394053e-02	1.697026e-02	-1.032948e-02	-1.060080e-02	2.757107e-02	-6.369464e-03	-1.060080e-02	1.060080e-02	6.640785e-03	2.729974e-02
0.00871795    	2.120033e-02	1.172967e-22	3.398887e-02	1.699443e-02	-1.033631e-02	-1.060016e-02	2.759460e-02	-6.394268e-03	-1.060016e-02	1.060016e-02	6.658120e-03	2.733074e-02
0.00897436    	2.118013e-02	1.179695e-22	3.398439e-02	1.699220e-02	-1.034054e-02	-1.059006e-02	2.758226e-02	-6.402132e-03	-1.059006e-02	1.059006e-02	6.651661e-03	2.733273e-02
0.00923077    	2.115206e-02	1.180729e-22	3.395251e-02	1.697626e-02	-1.032453e-02	-1.057603e-02	2.755229e-02	-6.400225e-03	-1.057603e-02	1.057603e-02	6.651732e-03	2.730078e-02
0.00948718    	2.117663e-02	1.167347e-22	3.405970e-02	1.702985e-02	-1.035800e-02	-1.058832e-02	2.761817e-02	-6.441534e-03	-1.058832e-02	1.058832e-02	6.671854e-03	2.738785e-02
0.00974359    	2.120424e-02	1.149013e-22	3.417141e-02	1.708570e-02	-1.038462e-02	-1.060212e-02	2.768783e-02	-6.483580e-03	-1.060212e-02	1.060212e-02	6.701080e-03	2.747033e-02
0.01          	2.112568e-02	1.164156e-22	3.402037e-02	1.701018e-02	-1.033481e-02	-1.056284e-02	2.757303e-02	-6.447341e-03	-1.056284e-02	1.056284e-02	6.675375e-03	2.734499e-02
0.01025       	2.108175e-02	1.162280e-22	3.398836e-02	1.699418e-02	-1.031912e-02	-1.054087e-02	2.753505e-02	-6.453307e-03	-1.054087e-02	1.054087e-02	6.675059e-03	2.731330e-02
0.0105        	2.107334e-02	1.159208e-22	3.397418e-02	1.698709e-02	-1.030396e-02	-1.053667e-02	2.752376e-02	-6.450424e-03	-1.053667e-02	1.053667e-02	6.683136e-03	2.729105e-02
0.01075       	2.106453e-02	1.155169e-22	3.398286e-02	1.699143e-02	-1.028057e-02	-1.053226e-02	2.752369e-02	-6.459164e-03	-1.053226e-02	1.053226e-02	6.710856e-03	2.727200e-02
0.011         	2.106665e-02	1.146950e-22	3.402792e-02	1.701396e-02	-1.028707e-02	-1.053332e-02	2.754728e-02	-6.480636e-03	-1.053332e-02	1.053332e-02	6.726889e-03	2.730103e-02
0.01125       	2.107241e-02	1.138143e-22	3.409759e-02	1.704879e-02	-1.030873e-02	-1.053620e-02	2.758500e-02	-6.512590e-03	-1.053620e-02	1.053620e-02	6.740064e-03	2.735752e-02
0.0115        	2.106172e-02	1.121306e-22	3.407733e-02	1.703866e-02	-1.029716e-02	-1.053086e-02	2.756953e-02	-6.507803e-03	-1.053086e-02	1.053086e-02	6.741501e-03	2.733583e-02
0.01175       	2.105511e-02	1.109975e-22	3.408280e-02	1.704140e-02	-1.031220e-02	-1.052755e-02	2.756896e-02	-6.513847e-03	-1.052755e-02	1.052755e-02	6.729204e-03	2.735360e-02
0.012         	2.103366e-02	1.102702e-22	3.408068e-02	1.704034e-02	-1.031293e-02	-1.051683e-02	2.755717e-02	-6.523509e-03	-1.051683e-02	1.051683e-02	6.727409e-03	2.735327e-02
0.01225       	2.101404e-02	1.098723e-22	3.406430e-02	1.703215e-02	-1.028648e-02	-1.050702e-02	2.753917e-02	-6.525129e-03	-1.050702e-02	1.050702e-02	6.745669e-03	2.731863e-02
0.0125        	2.099624e-02	1.094014e-22	3.405000e-02	1.702500e-02	-1.026290e-02	-1.049812e-02	2.752312e-02	-6.526882e-03	-1.049812e-02	1.049812e-02	6.762102e-03	2.728790e-02
0.01275       	2.097631e-02	1.088340e-22	3.402963e-02	1.701482e-02	-1.024160e-02	-1.048815e-02	2.750297e-02	-6.526664e-03	-1.048815e-02	1.048815e-02	6.773217e-03	2.725642e-02
0.013         	2.095495e-02	1.082607e-22	3.400859e-02	1.700429e-02	-1.022490e-02	-1.047747e-02	2.748177e-02	-6.526818e-03	-1.047747e-02	1.047747e-02	6.779397e-03	2.722919e-02
0.01325       	2.092395e-02	1.076104e-22	3.395799e-02	1.697899e-02	-1.019749e-02	-1.046197e-02	2.744097e-02	-6.517020e-03	-1.046197e-02	1.046197e-02	6.781505e-03	2.717648e-02
0.0135        	2.089795e-02	1.069780e-22	3.394217e-02	1.697109e-02	-1.017962e-02	-1.044898e-02	2.742006e-02	-6.522111e-03	-1.044898e-02	1.044898e-02	6.791466e-03	2.715071e-02
0.01375       	2.089495e-02	1.059834e-22	3.396309e-02	1.698155e-02	-1.018923e-02	-1.044748e-02	2.742902e-02	-6.534069e-03	-1.044748e-02	1.044748e-02	6.792321e-03	2.717077e-02
0.014         	2.088718e-02	1.052616e-22	3.398041e-02	1.699020e-02	-1.020309e-02	-1.044359e-02	2.743379e-02	-6.546614e-03	-1.044359e-02	1.044359e-02	6.787116e-03	2.719329e-02
0.01425       	2.083330e-02	1.044519e-22	3.384368e-02	1.692184e-02	-1.012139e-02	-1.041665e-02	2.733849e-02	-6.505187e-03	-1.041665e-02	1.041665e-02	6.800451e-03	2.704323e-02
0.0145        	2.079376e-02	1.037611e-22	3.377051e-02	1.688525e-02	-1.007380e-02	-1.039688e-02	2.728213e-02	-6.488374e-03	-1.039688e-02	1.039688e-02	6.811458e-03	2.695905e-02
0.01475       	2.079217e-02	1.027069e-22	3.380026e-02	1.690013e-02	-1.008335e-02	-1.039608e-02	2.729622e-02	-6.504048e-03	-1.039608e-02	1.039608e-02	6.816783e-03	2.698348e-02
0.015         	2.080556e-02	1.015520e-22	3.387966e-02	1.693983e-02	-1.012481e-02	-1.040278e-02	2.734261e-02	-6.537049e-03	-1.040278e-02	1.040278e-02	6.815017e-03	2.706464e-02
0.01525       	2.076909e-02	1.019035e-22	3.379056e-02	1.689528e-02	-1.005870e-02	-1.038454e-02	2.727982e-02	-6.510736e-03	-1.038454e-02	1.038454e-02	6.836580e-03	2.695398e-02
0.0155        	2.073801e-02	9.896807e-23	3.371849e-02	1.685925e-02	-9.990603e-03	-1.036900e-02	2.722825e-02	-6.490243e-03	-1.036900e-02	1.036900e-02	6.868644e-03	2.684985e-02
0.01575       	2.067834e-02	9.775695e-23	3.355261e-02	1.677631e-02	-9.887115e-03	-1.033917e-02	2.711547e-02	-6.437137e-03	-1.033917e-02	1.033917e-02	6.889191e-03	2.666342e-02
0.016         	2.061753e-02	9.990140e-23	3.342440e-02	1.671220e-02	-9.843153e-03	-1.030877e-02	2.702097e-02	-6.403436e-03	-1.030877e-02	1.030877e-02	6.869048e-03	2.655535e-02
0.01625       	2.058110e-02	9.977039e-23	3.336132e-02	1.668066e-02	-9.813390e-03	-1.029055e-02	2.697121e-02	-6.390111e-03	-1.029055e-02	1.029055e-02	6.867271e-03	2.649405e-02
0.0165        	2.057830e-02	9.811877e-23	3.335948e-02	1.667974e-02	-9.795487e-03	-1.028915e-02	2.696889e-02	-6.390589e-03	-1.028915e-02	1.028915e-02	6.884251e-03	2.647522e-02
0.01675       	2.055807e-02	9.725203e-23	3.332843e-02	1.666422e-02	-9.766702e-03	-1.027904e-02	2.694325e-02	-6.385180e-03	-1.027904e-02	1.027904e-02	6.897515e-03	2.643092e-02
0.017         	2.052004e-02	9.701090e-23	3.324484e-02	1.662242e-02	-9.711948e-03	-1.026002e-02	2.688244e-02	-6.362401e-03	-1.026002e-02	1.026002e-02	6.910474e-03	2.633437e-02
0.01725       	2.047643e-02	9.599833e-23	3.315647e-02	1.657823e-02	-9.656012e-03	-1.023822e-02	2.681645e-02	-6.340016e-03	-1.023822e-02	1.023822e-02	6.922220e-03	2.623424e-02
0.0175        	2.044281e-02	9.525879e-23	3.308752e-02	1.654376e-02	-9.610004e-03	-1.022141e-02	2.676517e-02	-6.322353e-03	-1.022141e-02	1.022141e-02	6.933756e-03	2.615376e-02
0.01775       	2.041388e-02	9.457297e-23	3.302276e-02	1.651138e-02	-9.570354e-03	-1.020694e-02	2.671832e-02	-6.304441e-03	-1.020694e-02	1.020694e-02	6.941026e-03	2.608173e-02
0.018         	2.038760e-02	9.385202e-23	3.297145e-02	1.648573e-02	-9.536044e-03	-1.019380e-02	2.667952e-02	-6.291927e-03	-1.019380e-02	1.019380e-02	6.949681e-03	2.602177e-02
0.01825       	2.035191e-02	9.324900e-23	3.289917e-02	1.644958e-02	-9.488040e-03	-1.017595e-02	2.662554e-02	-6.273632e-03	-1.017595e-02	1.017595e-02	6.961545e-03	2.593763e-02
0.0185        	2.032445e-02	9.251668e-23	3.284013e-02	1.642006e-02	-9.447628e-03	-1.016222e-02	2.658229e-02	-6.257841e-03	-1.016222e-02	1.016222e-02	6.972437e-03	2.586769e-02
0.01875       	2.028551e-02	9.190797e-23	3.275316e-02	1.637658e-02	-9.394560e-03	-1.014275e-02	2.651933e-02	-6.233829e-03	-1.014275e-02	1.014275e-02	6.982022e-03	2.577114e-02
0.019         	2.023968e-02	9.146842e-23	3.265062e-02	1.632531e-02	-9.334446e-03	-1.011984e-02	2.644515e-02	-6.205470e-03	-1.011984e-02	1.011984e-02	6.990863e-03	2.565976e-02
0.01925       	2.022203e-02	9.079614e-23	3.261036e-02	1.630518e-02	-9.299079e-03	-1.011101e-02	2.641619e-02	-6.194167e-03	-1.011101e-02	1.011101e-02	7.006102e-03	2.560426e-02
0.0195        	2.019241e-02	8.995278e-23	3.253758e-02	1.626879e-02	-9.254344e-03	-1.009621e-02	2.636500e-02	-6.172584e-03	-1.009621e-02	1.009621e-02	7.014447e-03	2.552314e-02
0.01975       	2.015274e-02	8.976881e-23	3.244913e-02	1.622457e-02	-9.202494e-03	-1.007637e-02	2.630094e-02	-6.148194e-03	-1.007637e-02	1.007637e-02	7.022071e-03	2.542706e-02
0.02          	2.012573e-02	8.889623e-23	3.238247e-02	1.619124e-02	-9.156478e-03	-1.006287e-02	2.625410e-02	-6.128371e-03	-1.006287e-02	1.006287e-02	7.034758e-03	2.534771e-02
0.0202381     	2.003411e-02	8.749022e-23	3.225525e-02	1.612762e-02	-9.054142e-03	-1.001705e-02	2.614468e-02	-6.110569e-03	-1.001705e-02	1.001705e-02	7.073481e-03	2.518177e-02
0.0204762     	2.004326e-02	8.651929e-23	3.222397e-02	1.611198e-02	-9.033806e-03	-1.002163e-02	2.613361e-02	-6.090352e-03	-1.002163e-02	1.002163e-02	7.078177e-03	2.514579e-02
0.0207143     	2.002413e-02	8.592764e-23	3.216630e-02	1.608315e-02	-8.996077e-03	-1.001207e-02	2.609522e-02	-6.071085e-03	-1.001207e-02	1.001207e-02	7.087074e-03	2.507923e-02
0.0209524     	2.000735e-02	8.515546e-23	3.212803e-02	1.606402e-02	-8.966563e-03	-1.000367e-02	2.606769e-02	-6.060342e-03	-1.000367e-02	1.000367e-02	7.097454e-03	2.503058e-02
0.0211905     	1.997960e-02	8.453356e-23	3.206046e-02	1.603023e-02	-8.924104e-03	-9.989799e-03	2.602003e-02	-6.040433e-03	-9.989799e-03	9.989799e-03	7.106128e-03	2.495434e-02
0.0214286     	1.991044e-02	8.457018e-23	3.190027e-02	1.595014e-02	-8.834919e-03	-9.955218e-03	2.590535e-02	-5.994918e-03	-9.955218e-03	9.955218e-03	7.115217e-03	2.478506e-02
0.0216667     	1.987735e-02	8.344637e-23	3.181393e-02	1.590696e-02	-8.784913e-03	-9.938673e-03	2.584564e-02	-5.968291e-03	-9.938673e-03	9.938673e-03	7.122051e-03	2.469188e-02
0.0219048     	1.983388e-02	8.231508e-23	3.169934e-02	1.584967e-02	-8.722599e-03	-9.916942e-03	2.576661e-02	-5.932729e-03	-9.916942e-03	9.916942e-03	7.127072e-03	2.457227e-02
0.0221429     	1.985538e-02	8.041724e-23	3.174469e-02	1.587234e-02	-8.732610e-03	-9.927692e-03	2.580004e-02	-5.944652e-03	-9.927692e-03	9.927692e-03	7.139734e-03	2.460495e-02
0.022381      	1.981290e-02	7.939955e-23	3.163724e-02	1.581862e-02	-8.653862e-03	-9.906449e-03	2.572507e-02	-5.912173e-03	-9.906449e-03	9.906449e-03	7.164760e-03	2.447248e-02
0.022619      	1.977912e-02	7.958988e-23	3.157426e-02	1.578713e-02	-8.621682e-03	-9.889562e-03	2.567669e-02	-5.897567e-03	-9.889562e-03	9.889562e-03	7.165447e-03	2.440881e-02
0.0228571     	1.972577e-02	7.856842e-23	3.142378e-02	1.571189e-02	-8.528283e-03	-9.862886e-03	2.557478e-02	-5.849006e-03	-9.862886e-03	9.862886e-03	7.183609e-03	2.424017e-02
0.0230952     	1.972325e-02	7.922822e-23	3.146756e-02	1.573378e-02	-8.566834e-03	-9.861624e-03	2.559540e-02	-5.872154e-03	-9.861624e-03	9.861624e-03	7.166944e-03	2.430061e-02
0.0233333     	1.970919e-02	7.935133e-23	3.146894e-02	1.573447e-02	-8.575845e-03	-9.854593e-03	2.558907e-02	-5.879879e-03	-9.854593e-03	9.854593e-03	7.158627e-03	2.431032e-02
0.0235714     	1.965216e-02	7.894983e-23	3.131633e-02	1.565816e-02	-8.476530e-03	-9.826082e-03	2.548425e-02	-5.832080e-03	-9.826082e-03	9.826082e-03	7.181633e-03	2.413469e-02
0.0238095     	1.958585e-02	7.809122e-23	3.114651e-02	1.557326e-02	-8.382032e-03	-9.792923e-03	2.536618e-02	-5.780333e-03	-9.792923e-03	9.792923e-03	7.191225e-03	2.395529e-02
0.0240476     	1.953570e-02	7.684595e-23	3.103050e-02	1.551525e-02	-8.319441e-03	-9.767852e-03	2.528310e-02	-5.747401e-03	-9.767852e-03	9.767852e-03	7.195812e-03	2.383469e-02
0.0242857     	1.951283e-02	7.593539e-23	3.097752e-02	1.548876e-02	-8.278514e-03	-9.756416e-03	2.524517e-02	-5.732342e-03	-9.756416e-03	9.756416e-03	7.210244e-03	2.376727e-02
0.0245238     	1.946087e-02	7.525379e-23	3.084970e-02	1.542485e-02	-8.203613e-03	-9.730435e-03	2.515528e-02	-5.694413e-03	-9.730435e-03	9.730435e-03	7.221235e-03	2.362846e-02
0.0247619     	1.942502e-02	7.445598e-23	3.074932e-02	1.537466e-02	-8.140878e-03	-9.712510e-03	2.508717e-02	-5.662152e-03	-9.712510e-03	9.712510e-03	7.233784e-03	2.351554e-02
0.025         	1.938367e-02	7.366971e-23	3.064921e-02	1.532460e-02	-8.081370e-03	-9.691837e-03	2.501644e-02	-5.632767e-03	-9.691837e-03	9.691837e-03	7.243235e-03	2.340597e-02
0.0252381     	1.933446e-02	7.272123e-23	3.054084e-02	1.527042e-02	-8.021522e-03	-9.667232e-03	2.493765e-02	-5.603186e-03	-9.667232e-03	9.667232e-03	7.248897e-03	2.329194e-02
0.0254762     	1.928949e-02	7.197906e-23	3.042534e-02	1.521267e-02	-7.952036e-03	-9.644743e-03	2.485741e-02	-5.567928e-03	-9.644743e-03	9.644743e-03	7.260634e-03	2.316471e-02
0.0257143     	1.924220e-02	7.127722e-23	3.030545e-02	1.515273e-02	-7.883371e-03	-9.621099e-03	2.477382e-02	-5.531627e-03	-9.621099e-03	9.621099e-03	7.269355e-03	2.303610e-02
0.0259524     	1.919490e-02	7.049648e-23	3.018962e-02	1.509481e-02	-7.818413e-03	-9.597450e-03	2.469226e-02	-5.497361e-03	-9.597450e-03	9.597450e-03	7.276398e-03	2.291322e-02
0.0261905     	1.914466e-02	6.977341e-23	3.006391e-02	1.503196e-02	-7.747291e-03	-9.572332e-03	2.460429e-02	-5.459623e-03	-9.572332e-03	9.572332e-03	7.284664e-03	2.277925e-02
0.0264286     	1.908615e-02	6.936183e-23	2.991994e-02	1.495997e-02	-7.665419e-03	-9.543073e-03	2.450304e-02	-5.416895e-03	-9.543073e-03	9.543073e-03	7.294549e-03	2.262539e-02
0.0266667     	1.906065e-02	6.788081e-23	2.986199e-02	1.493100e-02	-7.611764e-03	-9.530323e-03	2.446132e-02	-5.400674e-03	-9.530323e-03	9.530323e-03	7.319232e-03	2.254276e-02
0.0269048     	1.902385e-02	6.647007e-23	2.976899e-02	1.488449e-02	-7.553638e-03	-9.511923e-03	2.439642e-02	-5.372572e-03	-9.511923e-03	9.511923e-03	7.330857e-03	2.243813e-02
0.0271429     	1.898612e-02	6.542316e-23	2.968042e-02	1.484021e-02	-7.502440e-03	-9.493058e-03	2.433327e-02	-5.347151e-03	-9.493058e-03	9.493058e-03	7.337769e-03	2.234265e-02
0.027381      	1.892456e-02	6.484162e-23	2.952256e-02	1.476128e-02	-7.423585e-03	-9.462282e-03	2.422356e-02	-5.298996e-03	-9.462282e-03	9.462282e-03	7.337693e-03	2.218486e-02
0.027619      	1.883256e-02	6.426504e-23	2.928451e-02	1.464225e-02	-7.293784e-03	-9.416281e-03	2.405853e-02	-5.225972e-03	-9.416281e-03	9.416281e-03	7.348470e-03	2.193604e-02
0.0278571     	1.875953e-02	6.382641e-23	2.910096e-02	1.455048e-02	-7.206127e-03	-9.379764e-03	2.393024e-02	-5.170716e-03	-9.379764e-03	9.379764e-03	7.344353e-03	2.175661e-02
0.0280952     	1.872653e-02	6.341749e-23	2.903489e-02	1.451745e-02	-7.169902e-03	-9.363265e-03	2.388071e-02	-5.154181e-03	-9.363265e-03	9.363265e-03	7.347544e-03	2.168735e-02
0.0283333     	1.866916e-02	6.249041e-23	2.888981e-02	1.444491e-02	-7.089593e-03	-9.334578e-03	2.377949e-02	-5.110328e-03	-9.334578e-03	9.334578e-03	7.355314e-03	2.153450e-02
0.0285714     	1.860741e-02	6.168952e-23	2.873583e-02	1.436791e-02	-6.999880e-03	-9.303703e-03	2.367162e-02	-5.064210e-03	-9.303703e-03	9.303703e-03	7.368033e-03	2.136779e-02
0.0288095     	1.854477e-02	6.118797e-23	2.858339e-02	1.429170e-02	-6.912510e-03	-9.272384e-03	2.356408e-02	-5.019313e-03	-9.272384e-03	9.272384e-03	7.379188e-03	2.120421e-02
0.0290476     	1.847487e-02	6.054407e-23	2.840434e-02	1.420217e-02	-6.818436e-03	-9.237434e-03	2.343960e-02	-4.964734e-03	-9.237434e-03	9.237434e-03	7.383732e-03	2.102060e-02
0.0292857     	1.843695e-02	5.918903e-23	2.829554e-02	1.414777e-02	-6.755433e-03	-9.218475e-03	2.336625e-02	-4.929296e-03	-9.218475e-03	9.218475e-03	7.392339e-03	2.090320e-02
0.0295238     	1.840309e-02	5.726183e-23	2.819002e-02	1.409501e-02	-6.697814e-03	-9.201546e-03	2.329656e-02	-4.893466e-03	-9.201546e-03	9.201546e-03	7.397198e-03	2.079283e-02
0.0297619     	1.835227e-02	5.583368e-23	2.805120e-02	1.402560e-02	-6.623986e-03	-9.176135e-03	2.320174e-02	-4.849465e-03	-9.176135e-03	9.176135e-03	7.401615e-03	2.064959e-02
0.03          	1.827979e-02	5.506583e-23	2.787080e-02	1.393540e-02	-6.528380e-03	-9.139897e-03	2.307530e-02	-4.795502e-03	-9.139897e-03	9.139897e-03	7.407020e-03	2.046378e-02
0.0302326     	1.819935e-02	5.397512e-23	2.771044e-02	1.385522e-02	-6.436496e-03	-9.099675e-03	2.295490e-02	-4.755545e-03	-9.099675e-03	9.099675e-03	7.418724e-03	2.029172e-02
0.0304651     	1.815772e-02	5.301141e-23	2.757095e-02	1.378548e-02	-6.363997e-03	-9.078860e-03	2.286434e-02	-4.706616e-03	-9.078860e-03	9.078860e-03	7.421479e-03	2.014947e-02
0.0306977     	1.810085e-02	5.203656e-23	2.741972e-02	1.370986e-02	-6.282428e-03	-9.050423e-03	2.276028e-02	-4.659437e-03	-9.050423e-03	9.050423e-03	7.427432e-03	1.999229e-02
0.0309302     	1.804376e-02	5.116720e-23	2.728017e-02	1.364009e-02	-6.205176e-03	-9.021880e-03	2.266197e-02	-4.618207e-03	-9.021880e-03	9.021880e-03	7.434910e-03	1.984526e-02
0.0311628     	1.797372e-02	5.008657e-23	2.709738e-02	1.354869e-02	-6.106008e-03	-8.986860e-03	2.253555e-02	-4.561831e-03	-8.986860e-03	8.986860e-03	7.442683e-03	1.965470e-02
0.0313953     	1.791039e-02	4.895160e-23	2.693602e-02	1.346801e-02	-6.017156e-03	-8.955194e-03	2.242320e-02	-4.512814e-03	-8.955194e-03	8.955194e-03	7.450852e-03	1.948516e-02
0.0316279     	1.785079e-02	4.770929e-23	2.678480e-02	1.339240e-02	-5.934440e-03	-8.925396e-03	2.231779e-02	-4.467003e-03	-8.925396e-03	8.925396e-03	7.457959e-03	1.932684e-02
0.0318605     	1.778673e-02	4.641848e-23	2.662632e-02	1.331316e-02	-5.849355e-03	-8.893365e-03	2.220653e-02	-4.419796e-03	-8.893365e-03	8.893365e-03	7.463806e-03	1.916252e-02
0.032093      	1.773124e-02	4.571171e-23	2.647615e-02	1.323807e-02	-5.755520e-03	-8.865618e-03	2.210369e-02	-4.372455e-03	-8.865618e-03	8.865618e-03	7.482553e-03	1.899359e-02
0.0323256     	1.767572e-02	4.416681e-23	2.633294e-02	1.316647e-02	-5.680770e-03	-8.837862e-03	2.200433e-02	-4.328608e-03	-8.837862e-03	8.837862e-03	7.485700e-03	1.884724e-02
0.0325581     	1.761027e-02	4.282045e-23	2.616243e-02	1.308122e-02	-5.590143e-03	-8.805135e-03	2.188635e-02	-4.276081e-03	-8.805135e-03	8.805135e-03	7.491074e-03	1.867136e-02
0.0327907     	1.755226e-02	4.138972e-23	2.601243e-02	1.300622e-02	-5.508632e-03	-8.776131e-03	2.178235e-02	-4.230084e-03	-8.776131e-03	8.776131e-03	7.497584e-03	1.851485e-02
0.0330233     	1.749529e-02	3.981244e-23	2.586090e-02	1.293045e-02	-5.428416e-03	-8.747645e-03	2.167809e-02	-4.182803e-03	-8.747645e-03	8.747645e-03	7.502032e-03	1.835886e-02
0.0332558     	1.744163e-02	3.856281e-23	2.572918e-02	1.286459e-02	-5.348664e-03	-8.720817e-03	2.158541e-02	-4.143775e-03	-8.720817e-03	8.720817e-03	7.515928e-03	1.821326e-02
0.0334884     	1.739459e-02	3.720457e-23	2.560387e-02	1.280193e-02	-5.277321e-03	-8.697297e-03	2.149923e-02	-4.104635e-03	-8.697297e-03	8.697297e-03	7.524612e-03	1.807925e-02
0.0337209     	1.734504e-02	3.516583e-23	2.547124e-02	1.273562e-02	-5.208068e-03	-8.672521e-03	2.140814e-02	-4.063100e-03	-8.672521e-03	8.672521e-03	7.527553e-03	1.794369e-02
0.0339535     	1.728717e-02	3.269438e-23	2.530569e-02	1.265284e-02	-5.118784e-03	-8.643587e-03	2.129643e-02	-4.009257e-03	-8.643587e-03	8.643587e-03	7.534060e-03	1.777163e-02
0.034186      	1.714962e-02	3.377017e-23	2.499668e-02	1.249834e-02	-4.935358e-03	-8.574808e-03	2.107315e-02	-3.923535e-03	-8.574808e-03	8.574808e-03	7.562984e-03	1.743370e-02
0.0344186     	1.705773e-02	3.313005e-23	2.477545e-02	1.238773e-02	-4.809898e-03	-8.528867e-03	2.091659e-02	-3.858860e-03	-8.528867e-03	8.528867e-03	7.577829e-03	1.719763e-02
0.0346512     	1.699840e-02	3.144270e-23	2.461766e-02	1.230883e-02	-4.723243e-03	-8.499201e-03	2.080803e-02	-3.809629e-03	-8.499201e-03	8.499201e-03	7.585586e-03	1.703207e-02
0.0348837     	1.693920e-02	2.976201e-23	2.446022e-02	1.223011e-02	-4.640840e-03	-8.469599e-03	2.069971e-02	-3.760510e-03	-8.469599e-03	8.469599e-03	7.589269e-03	1.687095e-02
0.0351163     	1.687823e-02	2.828965e-23	2.430691e-02	1.215346e-02	-4.560577e-03	-8.439113e-03	2.059257e-02	-3.714344e-03	-8.439113e-03	8.439113e-03	7.592880e-03	1.671403e-02
0.0353488     	1.680773e-02	2.732924e-23	2.413312e-02	1.206656e-02	-4.471557e-03	-8.403864e-03	2.047042e-02	-3.662694e-03	-8.403864e-03	8.403864e-03	7.595001e-03	1.653812e-02
0.0355814     	1.673860e-02	2.566148e-23	2.394481e-02	1.197240e-02	-4.364143e-03	-8.369299e-03	2.034170e-02	-3.603104e-03	-8.369299e-03	8.369299e-03	7.608259e-03	1.633655e-02
0.035814      	1.664302e-02	2.349179e-23	2.366616e-02	1.183308e-02	-4.201812e-03	-8.321508e-03	2.015459e-02	-3.511573e-03	-8.321508e-03	8.321508e-03	7.631269e-03	1.603489e-02
0.0360465     	1.655029e-02	2.153136e-23	2.340413e-02	1.170207e-02	-4.048050e-03	-8.275147e-03	1.997721e-02	-3.426919e-03	-8.275147e-03	8.275147e-03	7.654017e-03	1.575012e-02
0.0362791     	1.642566e-02	2.110242e-23	2.308413e-02	1.154207e-02	-3.884280e-03	-8.212831e-03	1.975490e-02	-3.329236e-03	-8.212831e-03	8.212831e-03	7.657788e-03	1.542635e-02
0.0365116     	1.641684e-02	1.907186e-23	2.307338e-02	1.153669e-02	-3.876672e-03	-8.208418e-03	1.974511e-02	-3.328273e-03	-8.208418e-03	8.208418e-03	7.660019e-03	1.541336e-02
0.0367442     	1.638350e-02	1.729796e-23	2.299472e-02	1.149736e-02	-3.829189e-03	-8.191749e-03	1.968911e-02	-3.305610e-03	-8.191749e-03	8.191749e-03	7.668170e-03	1.532655e-02
0.0369767     	1.634353e-02	1.540390e-23	2.289781e-02	1.144891e-02	-3.772727e-03	-8.171763e-03	1.962067e-02	-3.277143e-03	-8.171763e-03	8.171763e-03	7.676180e-03	1.522163e-02
0.0372093     	1.625941e-02	1.409109e-23	2.269213e-02	1.134607e-02	-3.656352e-03	-8.129704e-03	1.947577e-02	-3.216362e-03	-8.129704e-03	8.129704e-03	7.689713e-03	1.500242e-02
0.0374419     	1.615235e-02	1.329900e-23	2.243187e-02	1.121594e-02	-3.525396e-03	-8.076173e-03	1.929211e-02	-3.139762e-03	-8.076173e-03	8.076173e-03	7.690539e-03	1.474133e-02
0.0376744     	1.602395e-02	1.141549e-23	2.206603e-02	1.103301e-02	-3.327887e-03	-8.011973e-03	1.904499e-02	-3.021042e-03	-8.011973e-03	8.011973e-03	7.705128e-03	1.436090e-02
0.037907      	1.594553e-02	9.274502e-24	2.183622e-02	1.091811e-02	-3.195229e-03	-7.972764e-03	1.889088e-02	-2.945348e-03	-7.972764e-03	7.972764e-03	7.722883e-03	1.411334e-02
0.0381395     	1.589918e-02	7.564086e-24	2.171559e-02	1.085780e-02	-3.127196e-03	-7.949592e-03	1.880739e-02	-2.908204e-03	-7.949592e-03	7.949592e-03	7.730600e-03	1.398499e-02
0.0383721     	1.582633e-02	6.122978e-24	2.153344e-02	1.076672e-02	-3.028350e-03	-7.913163e-03	1.867988e-02	-2.853560e-03	-7.913163e-03	7.913163e-03	7.738372e-03	1.379507e-02
0.0386047     	1.574457e-02	4.829064e-24	2.132577e-02	1.066289e-02	-2.917972e-03	-7.872284e-03	1.853517e-02	-2.790603e-03	-7.872284e-03	7.872284e-03	7.744915e-03	1.358086e-02
0.0388372     	1.562638e-02	3.924665e-24	2.103367e-02	1.051684e-02	-2.753052e-03	-7.813192e-03	1.833003e-02	-2.703644e-03	-7.813192e-03	7.813192e-03	7.763785e-03	1.326989e-02
0.0390698     	1.555873e-02	2.205592e-24	2.085322e-02	1.042661e-02	-2.661239e-03	-7.779364e-03	1.820597e-02	-2.647246e-03	-7.779364e-03	7.779364e-03	7.765370e-03	1.308785e-02
0.0393023     	1.549264e-02	6.611366e-25	2.068371e-02	1.034185e-02	-2.563148e-03	-7.746318e-03	1.808817e-02	-2.595536e-03	-7.746318e-03	7.746318e-03	7.778706e-03	1.290500e-02
0.0395349     	1.544536e-02	-8.732493e-25	2.056068e-02	1.028034e-02	-2.499866e-03	-7.722682e-03	1.800302e-02	-2.557659e-03	-7.722682e-03	7.722682e-03	7.780475e-03	1.278021e-02
0.0397674     	1.535309e-02	-2.976545e-24	2.030966e-02	1.015483e-02	-2.356461e-03	-7.676543e-03	1.783137e-02	-2.478287e-03	-7.676543e-03	7.676543e-03	7.798370e-03	1.251129e-02
0.04          	1.526372e-02	-4.500198e-24	2.007808e-02	1.003904e-02	-2.230909e-03	-7.631858e-03	1.767090e-02	-2.407181e-03	-7.631858e-03	7.631858e-03	7.808129e-03	1.226995e-02
0.0402326     	1.516200e-02	-5.970345e-24	1.982232e-02	9.911161e-03	-2.089588e-03	-7.581001e-03	1.749216e-02	-2.330160e-03	-7.581001e-03	7.581001e-03	7.821572e-03	1.200075e-02
0.0404651     	1.509198e-02	-7.391196e-24	1.963614e-02	9.818071e-03	-1.987491e-03	-7.545988e-03	1.736406e-02	-2.272083e-03	-7.545988e-03	7.545988e-03	7.830580e-03	1.180556e-02
0.0406977     	1.500567e-02	-8.726439e-24	1.940907e-02	9.704537e-03	-1.861820e-03	-7.502834e-03	1.720737e-02	-2.201703e-03	-7.502834e-03	7.502834e-03	7.842717e-03	1.156636e-02
0.0409302     	1.497082e-02	-1.085990e-23	1.932148e-02	9.660739e-03	-1.807711e-03	-7.485410e-03	1.714615e-02	-2.175328e-03	-7.485410e-03	7.485410e-03	7.853028e-03	1.146845e-02
0.0411628     	1.490352e-02	-1.239716e-23	1.915030e-02	9.575150e-03	-1.709290e-03	-7.451758e-03	1.702691e-02	-2.123392e-03	-7.451758e-03	7.451758e-03	7.865860e-03	1.128444e-02
0.0413953     	1.482064e-02	-1.415561e-23	1.893207e-02	9.466036e-03	-1.593056e-03	-7.410318e-03	1.687635e-02	-2.055718e-03	-7.410318e-03	7.410318e-03	7.872979e-03	1.105909e-02
0.0416279     	1.471165e-02	-1.649657e-23	1.866015e-02	9.330077e-03	-1.469485e-03	-7.355824e-03	1.668590e-02	-1.974253e-03	-7.355824e-03	7.355824e-03	7.860592e-03	1.079956e-02
0.0418605     	1.465189e-02	-1.802360e-23	1.849441e-02	9.247206e-03	-1.374974e-03	-7.325944e-03	1.657315e-02	-1.921263e-03	-7.325944e-03	7.325944e-03	7.872233e-03	1.062218e-02
0.042093      	1.451470e-02	-1.903904e-23	1.812469e-02	9.062346e-03	-1.185359e-03	-7.257348e-03	1.631969e-02	-1.804999e-03	-7.257348e-03	7.257348e-03	7.876988e-03	1.024771e-02
0.0423256     	1.430237e-02	-1.984141e-23	1.760546e-02	8.802731e-03	-9.400930e-04	-7.151185e-03	1.595392e-02	-1.651547e-03	-7.151185e-03	7.151185e-03	7.862638e-03	9.742824e-03
0.0425581     	1.423912e-02	-2.270548e-23	1.745077e-02	8.725387e-03	-8.512944e-04	-7.119562e-03	1.584495e-02	-1.605825e-03	-7.119562e-03	7.119562e-03	7.874093e-03	9.576681e-03
0.0427907     	1.417122e-02	-2.465758e-23	1.727555e-02	8.637776e-03	-7.499360e-04	-7.085611e-03	1.572339e-02	-1.552164e-03	-7.085611e-03	7.085611e-03	7.887840e-03	9.387712e-03
0.0430233     	1.408294e-02	-2.632021e-23	1.704926e-02	8.524631e-03	-6.265128e-04	-7.041472e-03	1.556610e-02	-1.483160e-03	-7.041472e-03	7.041472e-03	7.898119e-03	9.151144e-03
0.0432558     	1.399781e-02	-2.787012e-23	1.683310e-02	8.416548e-03	-5.030012e-04	-6.998907e-03	1.541546e-02	-1.417641e-03	-6.998907e-03	6.998907e-03	7.913547e-03	8.919549e-03
0.0434884     	1.392293e-02	-2.955880e-23	1.664152e-02	8.320762e-03	-4.014593e-04	-6.961466e-03	1.528223e-02	-1.359295e-03	-6.961466e-03	6.961466e-03	7.919302e-03	8.722221e-03
0.0437209     	1.383664e-02	-3.077038e-23	1.641991e-02	8.209954e-03	-2.809648e-04	-6.918322e-03	1.512828e-02	-1.291632e-03	-6.918322e-03	6.918322e-03	7.928989e-03	8.490918e-03
0.0439535     	1.377667e-02	-3.419156e-23	1.625750e-02	8.128748e-03	-1.809320e-04	-6.888335e-03	1.501708e-02	-1.240413e-03	-6.888335e-03	6.888335e-03	7.947816e-03	8.309680e-03
0.044186      	1.371953e-02	-3.847690e-23	1.610675e-02	8.053375e-03	-9.179406e-05	-6.859765e-03	1.491314e-02	-1.193610e-03	-6.859765e-03	6.859765e-03	7.961581e-03	8.145169e-03
0.0444186     	1.363812e-02	-4.064734e-23	1.589161e-02	7.945806e-03	2.652524e-05	-6.819062e-03	1.476487e-02	-1.126743e-03	-6.819062e-03	6.819062e-03	7.972331e-03	7.919280e-03
0.0446512     	1.352669e-02	-4.177857e-23	1.560840e-02	7.804198e-03	1.762548e-04	-6.763344e-03	1.456754e-02	-1.040854e-03	-6.763344e-03	6.763344e-03	7.980453e-03	7.627943e-03
0.0448837     	1.342817e-02	-4.321579e-23	1.535809e-02	7.679043e-03	3.079722e-04	-6.714085e-03	1.439313e-02	-9.649580e-04	-6.714085e-03	6.714085e-03	7.987015e-03	7.371070e-03
0.0451163     	1.333761e-02	-4.493263e-23	1.512167e-02	7.560836e-03	4.347449e-04	-6.668807e-03	1.422964e-02	-8.920281e-04	-6.668807e-03	6.668807e-03	7.995580e-03	7.126091e-03
0.0453488     	1.324192e-02	-4.668990e-23	1.487703e-02	7.438515e-03	5.639552e-04	-6.620961e-03	1.405948e-02	-8.175533e-04	-6.620961e-03	6.620961e-03	8.002470e-03	6.874559e-03
0.0455814     	1.315069e-02	-4.828991e-23	1.463577e-02	7.317886e-03	6.966043e-04	-6.575347e-03	1.389323e-02	-7.425395e-04	-6.575347e-03	6.575347e-03	8.014490e-03	6.621282e-03
0.045814      	1.305659e-02	-4.984537e-23	1.438978e-02	7.194892e-03	8.306121e-04	-6.528293e-03	1.372319e-02	-6.665994e-04	-6.528293e-03	6.528293e-03	8.025504e-03	6.364280e-03
0.0460465     	1.297435e-02	-5.221724e-23	1.420080e-02	7.100401e-03	9.238174e-04	-6.487174e-03	1.358758e-02	-6.132267e-04	-6.487174e-03	6.487174e-03	8.024218e-03	6.176584e-03
0.0462791     	1.288703e-02	-5.450010e-23	1.397803e-02	6.989013e-03	1.055021e-03	-6.443515e-03	1.343253e-02	-5.454985e-04	-6.443515e-03	6.443515e-03	8.044034e-03	5.933992e-03
0.0465116     	1.279957e-02	-5.621038e-23	1.375128e-02	6.875641e-03	1.164333e-03	-6.399786e-03	1.327543e-02	-4.758550e-04	-6.399786e-03	6.399786e-03	8.039975e-03	5.711308e-03
0.0467442     	1.273563e-02	-5.783431e-23	1.357791e-02	6.788954e-03	1.274791e-03	-6.367815e-03	1.315677e-02	-4.211397e-04	-6.367815e-03	6.367815e-03	8.063745e-03	5.514163e-03
0.0469767     	1.261181e-02	-6.045654e-23	1.325231e-02	6.626156e-03	1.419231e-03	-6.305905e-03	1.293206e-02	-3.202508e-04	-6.305905e-03	6.305905e-03	8.045387e-03	5.206925e-03
0.0472093     	1.254651e-02	-6.207714e-23	1.309338e-02	6.546691e-03	1.510792e-03	-6.273255e-03	1.281995e-02	-2.734366e-04	-6.273255e-03	6.273255e-03	8.057483e-03	5.035899e-03
0.0474419     	1.241987e-02	-6.298552e-23	1.277683e-02	6.388414e-03	1.670775e-03	-6.209937e-03	1.259835e-02	-1.784775e-04	-6.209937e-03	6.209937e-03	8.059190e-03	4.717639e-03
0.0476744     	1.231960e-02	-6.397047e-23	1.251928e-02	6.259638e-03	1.798053e-03	-6.159801e-03	1.241944e-02	-9.983681e-05	-6.159801e-03	6.159801e-03	8.057691e-03	4.461585e-03
0.047907      	1.222838e-02	-6.605828e-23	1.228211e-02	6.141055e-03	1.928910e-03	-6.114192e-03	1.225525e-02	-2.686239e-05	-6.114192e-03	6.114192e-03	8.069964e-03	4.212145e-03
0.0481395     	1.213000e-02	-6.787581e-23	1.202601e-02	6.013005e-03	2.066727e-03	-6.065002e-03	1.207801e-02	5.199741e-05	-6.065002e-03	6.065002e-03	8.079731e-03	3.946278e-03
0.0483721     	1.202573e-02	-6.967117e-23	1.175886e-02	5.879430e-03	2.208525e-03	-6.012866e-03	1.189230e-02	1.334361e-04	-6.012866e-03	6.012866e-03	8.087954e-03	3.670905e-03
0.0486047     	1.193011e-02	-7.115868e-23	1.151912e-02	5.759559e-03	2.344806e-03	-5.965054e-03	1.172461e-02	2.054946e-04	-5.965054e-03	5.965054e-03	8.104365e-03	3.414753e-03
0.0488372     	1.183310e-02	-7.304159e-23	1.125645e-02	5.628224e-03	2.475295e-03	-5.916549e-03	1.154477e-02	2.883259e-04	-5.916549e-03	5.916549e-03	8.103518e-03	3.152929e-03
0.0490698     	1.172653e-02	-7.474054e-23	1.098488e-02	5.492440e-03	2.619833e-03	-5.863266e-03	1.135571e-02	3.708264e-04	-5.863266e-03	5.863266e-03	8.112273e-03	2.872607e-03
0.0493023     	1.163421e-02	-7.645400e-23	1.074513e-02	5.372567e-03	2.746665e-03	-5.817107e-03	1.118967e-02	4.445401e-04	-5.817107e-03	5.817107e-03	8.119232e-03	2.625903e-03
0.0495349     	1.156968e-02	-7.869073e-23	1.058135e-02	5.290675e-03	2.837593e-03	-5.784838e-03	1.107551e-02	4.941631e-04	-5.784838e-03	5.784838e-03	8.128267e-03	2.453082e-03
0.0497674     	1.148066e-02	-8.065580e-23	1.035076e-02	5.175382e-03	2.961564e-03	-5.740330e-03	1.091571e-02	5.649484e-04	-5.740330e-03	5.740330e-03	8.136946e-03	2.213818e-03
0.05          	1.137661e-02	-8.210776e-23	1.008662e-02	5.043309e-03	3.103072e-03	-5.688305e-03	1.073161e-02	6.449964e-04	-5.688305e-03	5.688305e-03	8.146381e-03	1.940237e-03
0.0502326     	1.127553e-02	-8.364387e-23	9.817937e-03	4.908968e-03	3.245003e-03	-5.637766e-03	1.054673e-02	7.287975e-04	-5.637766e-03	5.637766e-03	8.153972e-03	1.663965e-03
0.0504651     	1.115349e-02	-8.461430e-23	9.484009e-03	4.742004e-03	3.419373e-03	-5.576747e-03	1.031875e-02	8.347427e-04	-5.576747e-03	5.576747e-03	8.161378e-03	1.322631e-03
0.0506977     	1.107079e-02	-8.697710e-23	9.301162e-03	4.650581e-03	3.489210e-03	-5.535396e-03	1.018598e-02	8.848155e-04	-5.535396e-03	5.535396e-03	8.139791e-03	1.161371e-03
0.0509302     	1.099441e-02	-9.020783e-23	9.110679e-03	4.555339e-03	3.615929e-03	-5.497203e-03	1.005254e-02	9.418631e-04	-5.497203e-03	5.497203e-03	8.171269e-03	9.394102e-04
0.0511628     	1.089123e-02	-9.198011e-23	8.840860e-03	4.420430e-03	3.757491e-03	-5.445614e-03	9.866045e-03	1.025184e-03	-5.445614e-03	5.445614e-03	8.177921e-03	6.629388e-04
0.0513953     	1.079375e-02	-9.382011e-23	8.590003e-03	4.295001e-03	3.890627e-03	-5.396873e-03	9.691874e-03	1.101871e-03	-5.396873e-03	5.396873e-03	8.185628e-03	4.043748e-04
0.0516279     	1.069802e-02	-9.563895e-23	8.337916e-03	4.168958e-03	4.024265e-03	-5.349008e-03	9.517966e-03	1.180050e-03	-5.349008e-03	5.349008e-03	8.193223e-03	1.446932e-04
0.0518605     	1.059756e-02	-9.741117e-23	8.071613e-03	4.035807e-03	4.164213e-03	-5.298779e-03	9.334585e-03	1.262972e-03	-5.298779e-03	5.298779e-03	8.200020e-03	-1.284066e-04
0.052093      	1.050341e-02	-9.920633e-23	7.818436e-03	3.909218e-03	4.295775e-03	-5.251707e-03	9.160924e-03	1.342489e-03	-5.251707e-03	5.251707e-03	8.204992e-03	-3.865569e-04
0.0523326     	1.041410e-02	-9.939265e-23	7.537853e-03	3.768926e-03	4.440397e-03	-5.207050e-03	8.975977e-03	1.438124e-03	-5.207050e-03	5.207050e-03	8.209324e-03	-6.714708e-04
0.0525722     	1.029366e-02	-1.015672e-22	7.271911e-03	3.635955e-03	4.582362e-03	-5.146832e-03	8.782788e-03	1.510877e-03	-5.146832e-03	5.146832e-03	8.218317e-03	-9.464065e-04
0.0528118     	1.023110e-02	-1.043202e-22	7.114051e-03	3.557026e-03	4.672928e-03	-5.115550e-03	8.672575e-03	1.558524e-03	-5.115550e-03	5.115550e-03	8.229953e-03	-1.115902e-03
0.0530514     	1.008353e-02	-1.060141e-22	6.749303e-03	3.374651e-03	4.854712e-03	-5.041763e-03	8.416414e-03	1.667112e-03	-5.041763e-03	5.041763e-03	8.229363e-03	-1.480060e-03
0.0532911     	9.968687e-03	-1.075433e-22	6.442390e-03	3.221195e-03	5.018167e-03	-4.984344e-03	8.205539e-03	1.763149e-03	-4.984344e-03	4.984344e-03	8.239362e-03	-1.796972e-03
0.0535307     	9.834719e-03	-1.079016e-22	6.080269e-03	3.040135e-03	5.213460e-03	-4.917359e-03	7.957494e-03	1.877225e-03	-4.917359e-03	4.917359e-03	8.253595e-03	-2.173326e-03
0.0537703     	9.743333e-03	-1.100209e-22	5.842330e-03	2.921165e-03	5.344548e-03	-4.871666e-03	7.792831e-03	1.950501e-03	-4.871666e-03	4.871666e-03	8.265713e-03	-2.423383e-03
0.0540099     	9.644405e-03	-1.119788e-22	5.590417e-03	2.795209e-03	5.473816e-03	-4.822202e-03	7.617411e-03	2.026994e-03	-4.822202e-03	4.822202e-03	8.269025e-03	-2.678608e-03
0.0542495     	9.540376e-03	-1.134935e-22	5.325055e-03	2.662528e-03	5.606464e-03	-4.770188e-03	7.432716e-03	2.107660e-03	-4.770188e-03	4.770188e-03	8.268991e-03	-2.943936e-03
0.0544891     	9.427691e-03	-1.154117e-22	5.028698e-03	2.514349e-03	5.763676e-03	-4.713845e-03	7.228194e-03	2.199496e-03	-4.713845e-03	4.713845e-03	8.278025e-03	-3.249327e-03
0.0547287     	9.344908e-03	-1.178094e-22	4.833103e-03	2.416551e-03	5.871887e-03	-4.672454e-03	7.089005e-03	2.255903e-03	-4.672454e-03	4.672454e-03	8.288438e-03	-3.455336e-03
0.0549683     	9.245348e-03	-1.197524e-22	4.569563e-03	2.284782e-03	6.013826e-03	-4.622674e-03	6.907455e-03	2.337892e-03	-4.622674e-03	4.622674e-03	8.298608e-03	-3.729044e-03
0.0552079     	9.142481e-03	-1.213374e-22	4.307351e-03	2.153675e-03	6.153660e-03	-4.571241e-03	6.724916e-03	2.417565e-03	-4.571241e-03	4.571241e-03	8.307335e-03	-3.999985e-03
0.0554475     	9.038247e-03	-1.231677e-22	4.050993e-03	2.025497e-03	6.275493e-03	-4.519123e-03	6.544620e-03	2.493627e-03	-4.519123e-03	4.519123e-03	8.300989e-03	-4.249996e-03
0.0556871     	8.920719e-03	-1.231920e-22	3.731653e-03	1.865827e-03	6.441923e-03	-4.460360e-03	6.326186e-03	2.594533e-03	-4.460360e-03	4.460360e-03	8.307749e-03	-4.576096e-03
0.0559267     	8.789402e-03	-1.254901e-22	3.373507e-03	1.686754e-03	6.624611e-03	-4.394701e-03	6.081455e-03	2.707948e-03	-4.394701e-03	4.394701e-03	8.311364e-03	-4.937857e-03
0.0561663     	8.683066e-03	-1.284632e-22	3.106368e-03	1.553184e-03	6.766792e-03	-4.341533e-03	5.894717e-03	2.788349e-03	-4.341533e-03	4.341533e-03	8.319976e-03	-5.213607e-03
0.0564059     	8.545569e-03	-1.287304e-22	2.742076e-03	1.371038e-03	6.946450e-03	-4.272785e-03	5.643823e-03	2.901747e-03	-4.272785e-03	4.272785e-03	8.317488e-03	-5.575412e-03
0.0566455     	8.411615e-03	-1.305027e-22	2.392489e-03	1.196245e-03	7.148296e-03	-4.205808e-03	5.402052e-03	3.009563e-03	-4.205808e-03	4.205808e-03	8.344541e-03	-5.952051e-03
0.0568851     	8.282111e-03	-1.321565e-22	2.057929e-03	1.028964e-03	7.321075e-03	-4.141055e-03	5.170020e-03	3.112091e-03	-4.141055e-03	4.141055e-03	8.350039e-03	-6.292111e-03
0.0571247     	8.228930e-03	-1.347253e-22	1.926642e-03	9.633211e-04	7.399552e-03	-4.114465e-03	5.077786e-03	3.151144e-03	-4.114465e-03	4.114465e-03	8.362873e-03	-6.436231e-03
0.0573643     	8.164894e-03	-1.370559e-22	1.767760e-03	8.838800e-04	7.494674e-03	-4.082447e-03	4.966327e-03	3.198567e-03	-4.082447e-03	4.082447e-03	8.378554e-03	-6.610794e-03
0.0576039     	8.074708e-03	-1.391501e-22	1.533359e-03	7.666796e-04	7.618862e-03	-4.037354e-03	4.804034e-03	3.270674e-03	-4.037354e-03	4.037354e-03	8.385542e-03	-6.852183e-03
0.0578436     	7.956377e-03	-1.408444e-22	1.228463e-03	6.142315e-04	7.776760e-03	-3.978189e-03	4.592420e-03	3.363957e-03	-3.978189e-03	3.978189e-03	8.390992e-03	-7.162529e-03
0.0580832     	7.845369e-03	-1.426421e-22	9.357637e-04	4.678818e-04	7.924972e-03	-3.922685e-03	4.390567e-03	3.454803e-03	-3.922685e-03	3.922685e-03	8.392854e-03	-7.457090e-03
0.0583228     	7.735256e-03	-1.443279e-22	6.568646e-04	3.284323e-04	8.076339e-03	-3.867628e-03	4.196060e-03	3.539196e-03	-3.867628e-03	3.867628e-03	8.404771e-03	-7.747907e-03
0.0585624     	7.609238e-03	-1.460697e-22	3.366737e-04	1.683368e-04	8.240142e-03	-3.804619e-03	3.972956e-03	3.636282e-03	-3.804619e-03	3.804619e-03	8.408479e-03	-8.071805e-03
0.058802      	7.501846e-03	-1.475698e-22	5.106193e-05	2.553096e-05	8.390261e-03	-3.750923e-03	3.776454e-03	3.725392e-03	-3.750923e-03	3.750923e-03	8.415792e-03	-8.364730e-03
0.0590416     	7.383302e-03	-1.492121e-22	-2.432148e-04	-1.216074e-04	8.542677e-03	-3.691651e-03	3.570044e-03	3.813259e-03	-3.691651e-03	3.691651e-03	8.421070e-03	-8.664284e-03
0.0592812     	7.247288e-03	-1.503198e-22	-5.961186e-04	-2.980593e-04	8.721278e-03	-3.623644e-03	3.325585e-03	3.921703e-03	-3.623644e-03	3.623644e-03	8.423218e-03	-9.019337e-03
0.0595208     	7.108748e-03	-1.520751e-22	-9.511591e-04	-4.755796e-04	8.904619e-03	-3.554374e-03	3.078794e-03	4.029953e-03	-3.554374e-03	3.554374e-03	8.429040e-03	-9.380199e-03
0.0597604     	7.027465e-03	-1.560991e-22	-1.159517e-03	-5.797584e-04	9.028024e-03	-3.513733e-03	2.933974e-03	4.093491e-03	-3.513733e-03	3.513733e-03	8.448265e-03	-9.607782e-03
0.06          	6.999147e-03	-1.588705e-22	-1.229034e-03	-6.145168e-04	9.078432e-03	-3.499573e-03	2.885057e-03	4.114090e-03	-3.499573e-03	3.499573e-03	8.463915e-03	-9.692949e-03
0.06025       	6.899054e-03	-1.577980e-22	-1.559195e-03	-7.795974e-04	9.242808e-03	-3.449527e-03	2.669929e-03	4.229124e-03	-3.449527e-03	3.449527e-03	8.463210e-03	-1.002241e-02
0.0605        	6.742775e-03	-1.593964e-22	-1.902560e-03	-9.512799e-04	9.424976e-03	-3.371388e-03	2.420108e-03	4.322667e-03	-3.371388e-03	3.371388e-03	8.473696e-03	-1.037626e-02
0.06075       	6.615089e-03	-1.611892e-22	-2.221071e-03	-1.110535e-03	9.591663e-03	-3.307545e-03	2.197009e-03	4.418080e-03	-3.307545e-03	3.307545e-03	8.481128e-03	-1.070220e-02
0.061         	6.487890e-03	-1.628574e-22	-2.546677e-03	-1.273339e-03	9.763293e-03	-3.243945e-03	1.970607e-03	4.517284e-03	-3.243945e-03	3.243945e-03	8.489955e-03	-1.103663e-02
0.06125       	6.357956e-03	-1.644239e-22	-2.878553e-03	-1.439276e-03	9.935517e-03	-3.178978e-03	1.739701e-03	4.618254e-03	-3.178978e-03	3.178978e-03	8.496240e-03	-1.137479e-02
0.0615        	6.210024e-03	-1.658432e-22	-3.253449e-03	-1.626724e-03	1.012549e-02	-3.105012e-03	1.478288e-03	4.731737e-03	-3.105012e-03	3.105012e-03	8.498761e-03	-1.175221e-02
0.06175       	6.106428e-03	-1.677367e-22	-3.523977e-03	-1.761989e-03	1.026842e-02	-3.053214e-03	1.291225e-03	4.815202e-03	-3.053214e-03	3.053214e-03	8.506431e-03	-1.203041e-02
0.062         	5.996170e-03	-1.695839e-22	-3.814478e-03	-1.907239e-03	1.041808e-02	-2.998085e-03	1.090846e-03	4.905324e-03	-2.998085e-03	2.998085e-03	8.510838e-03	-1.232532e-02
0.06225       	5.867801e-03	-1.712347e-22	-4.142264e-03	-2.071132e-03	1.058874e-02	-2.933901e-03	8.627686e-04	5.005033e-03	-2.933901e-03	2.933901e-03	8.517607e-03	-1.265987e-02
0.0625        	5.742321e-03	-1.730070e-22	-4.454037e-03	-2.227018e-03	1.075108e-02	-2.871161e-03	6.441422e-04	5.098179e-03	-2.871161e-03	2.871161e-03	8.524062e-03	-1.297810e-02
0.06275       	5.617233e-03	-1.745592e-22	-4.777361e-03	-2.388681e-03	1.091918e-02	-2.808616e-03	4.199358e-04	5.197297e-03	-2.808616e-03	2.808616e-03	8.530501e-03	-1.330786e-02
0.063         	5.490420e-03	-1.761044e-22	-5.104190e-03	-2.552095e-03	1.108828e-02	-2.745210e-03	1.931152e-04	5.297305e-03	-2.745210e-03	2.745210e-03	8.536183e-03	-1.364037e-02
0.06325       	5.362871e-03	-1.778888e-22	-5.433804e-03	-2.716902e-03	1.125693e-02	-2.681435e-03	-3.546639e-05	5.398337e-03	-2.681435e-03	2.681435e-03	8.540026e-03	-1.397383e-02
0.0635        	5.235224e-03	-1.798821e-22	-5.761156e-03	-2.880578e-03	1.142530e-02	-2.617612e-03	-2.629663e-04	5.498190e-03	-2.617612e-03	2.617612e-03	8.544726e-03	-1.430588e-02
0.06376       	5.128026e-03	-1.793083e-22	-6.108116e-03	-3.054058e-03	1.159974e-02	-2.564013e-03	-4.900452e-04	5.618071e-03	-2.564013e-03	2.564013e-03	8.545683e-03	-1.465380e-02
0.06402       	4.896530e-03	-1.803732e-22	-6.640295e-03	-3.320148e-03	1.186672e-02	-2.448265e-03	-8.718825e-04	5.768413e-03	-2.448265e-03	2.448265e-03	8.546575e-03	-1.518687e-02
0.06428       	4.905097e-03	-1.822915e-22	-6.613901e-03	-3.306951e-03	1.189030e-02	-2.452549e-03	-8.544021e-04	5.759499e-03	-2.452549e-03	2.452549e-03	8.583351e-03	-1.519725e-02
0.06454       	4.847819e-03	-1.855026e-22	-6.766101e-03	-3.383051e-03	1.198456e-02	-2.423910e-03	-9.591411e-04	5.806960e-03	-2.423910e-03	2.423910e-03	8.601507e-03	-1.536761e-02
0.0648        	4.761097e-03	-1.849184e-22	-6.976025e-03	-3.488013e-03	1.211999e-02	-2.380549e-03	-1.107464e-03	5.868561e-03	-2.380549e-03	2.380549e-03	8.631977e-03	-1.560800e-02
0.06506       	4.623150e-03	-1.873593e-22	-7.335329e-03	-3.667665e-03	1.230122e-02	-2.311575e-03	-1.356090e-03	5.979240e-03	-2.311575e-03	2.311575e-03	8.633551e-03	-1.596888e-02
0.06532       	4.456673e-03	-1.891740e-22	-7.756511e-03	-3.878256e-03	1.251439e-02	-2.228337e-03	-1.649919e-03	6.106592e-03	-2.228337e-03	2.228337e-03	8.636135e-03	-1.639265e-02
0.06558       	4.321967e-03	-1.908940e-22	-8.100696e-03	-4.050348e-03	1.269375e-02	-2.160983e-03	-1.889365e-03	6.211331e-03	-2.160983e-03	2.160983e-03	8.643399e-03	-1.674410e-02
0.06584       	4.176304e-03	-1.922108e-22	-8.466634e-03	-4.233317e-03	1.288626e-02	-2.088152e-03	-2.145165e-03	6.321469e-03	-2.088152e-03	2.088152e-03	8.652939e-03	-1.711957e-02
0.0661        	4.025326e-03	-1.934029e-22	-8.848900e-03	-4.424450e-03	1.308657e-02	-2.012663e-03	-2.411787e-03	6.437113e-03	-2.012663e-03	2.012663e-03	8.662123e-03	-1.751102e-02
0.06636       	3.883566e-03	-1.950941e-22	-9.210369e-03	-4.605185e-03	1.327426e-02	-1.941783e-03	-2.663402e-03	6.546968e-03	-1.941783e-03	1.941783e-03	8.669072e-03	-1.787944e-02
0.06662       	3.830278e-03	-1.985517e-22	-9.374762e-03	-4.687381e-03	1.335496e-02	-1.915139e-03	-2.772242e-03	6.602520e-03	-1.915139e-03	1.915139e-03	8.667580e-03	-1.804234e-02
0.06688       	3.714727e-03	-2.005092e-22	-9.666361e-03	-4.833180e-03	1.350897e-02	-1.857364e-03	-2.975817e-03	6.690544e-03	-1.857364e-03	1.857364e-03	8.675789e-03	-1.834215e-02
0.06714       	3.569157e-03	-2.019066e-22	-1.004412e-02	-5.022058e-03	1.370924e-02	-1.784578e-03	-3.237480e-03	6.806637e-03	-1.784578e-03	1.784578e-03	8.687179e-03	-1.873130e-02
0.0674        	3.431782e-03	-2.038714e-22	-1.040095e-02	-5.200473e-03	1.390075e-02	-1.715891e-03	-3.484582e-03	6.916364e-03	-1.715891e-03	1.715891e-03	8.700276e-03	-1.910122e-02
0.06766       	3.291238e-03	-2.054007e-22	-1.076388e-02	-5.381938e-03	1.409089e-02	-1.645619e-03	-3.736319e-03	7.027557e-03	-1.645619e-03	1.645619e-03	8.708951e-03	-1.947283e-02
0.06792       	3.212623e-03	-2.066154e-22	-1.093869e-02	-5.469344e-03	1.417201e-02	-1.606312e-03	-3.863033e-03	7.075656e-03	-1.606312e-03	1.606312e-03	8.702662e-03	-1.964135e-02
0.06818       	3.076540e-03	-2.078464e-22	-1.128334e-02	-5.641668e-03	1.435340e-02	-1.538270e-03	-4.103398e-03	7.179938e-03	-1.538270e-03	1.538270e-03	8.711731e-03	-1.999507e-02
0.06844       	2.931128e-03	-2.092951e-22	-1.165677e-02	-5.828384e-03	1.454991e-02	-1.465564e-03	-4.362820e-03	7.293948e-03	-1.465564e-03	1.465564e-03	8.721525e-03	-2.037829e-02
0.0687        	2.785399e-03	-2.108675e-22	-1.202000e-02	-6.009999e-03	1.473788e-02	-1.392699e-03	-4.617300e-03	7.402699e-03	-1.392699e-03	1.392699e-03	8.727879e-03	-2.074788e-02
0.06896       	2.624329e-03	-2.121793e-22	-1.242715e-02	-6.213575e-03	1.495097e-02	-1.312165e-03	-4.901410e-03	7.525740e-03	-1.312165e-03	1.312165e-03	8.737397e-03	-2.116455e-02
0.06922       	2.572548e-03	-2.145761e-22	-1.256956e-02	-6.284781e-03	1.502831e-02	-1.286274e-03	-4.998507e-03	7.571055e-03	-1.286274e-03	1.286274e-03	8.743532e-03	-2.131309e-02
0.06948       	2.491803e-03	-2.166850e-22	-1.278062e-02	-6.390310e-03	1.513881e-02	-1.245902e-03	-5.144409e-03	7.636212e-03	-1.245902e-03	1.245902e-03	8.748501e-03	-2.152912e-02
0.06974       	2.346312e-03	-2.181664e-22	-1.315558e-02	-6.577792e-03	1.533671e-02	-1.173156e-03	-5.404636e-03	7.750948e-03	-1.173156e-03	1.173156e-03	8.758918e-03	-2.191450e-02
0.07          	2.182123e-03	-2.192434e-22	-1.357064e-02	-6.785318e-03	1.555046e-02	-1.091061e-03	-5.694256e-03	7.876379e-03	-1.091061e-03	1.091061e-03	8.765139e-03	-2.233577e-02
0.0702632     	2.051440e-03	-2.199477e-22	-1.392274e-02	-6.961370e-03	1.573422e-02	-1.025720e-03	-5.935649e-03	7.987090e-03	-1.025720e-03	1.025720e-03	8.772855e-03	-2.269559e-02
0.0705263     	1.943180e-03	-2.216579e-22	-1.417067e-02	-7.085335e-03	1.587506e-02	-9.715900e-04	-6.113745e-03	8.056925e-03	-9.715900e-04	9.715900e-04	8.789726e-03	-2.296040e-02
0.0707895     	1.853758e-03	-2.246022e-22	-1.440742e-02	-7.203709e-03	1.600030e-02	-9.268790e-04	-6.276830e-03	8.130588e-03	-9.268790e-04	9.268790e-04	8.796590e-03	-2.320401e-02
0.0710526     	1.750262e-03	-2.272449e-22	-1.468404e-02	-7.342018e-03	1.614227e-02	-8.751308e-04	-6.466887e-03	8.217149e-03	-8.751308e-04	8.751308e-04	8.800248e-03	-2.348428e-02
0.0713158     	1.623969e-03	-2.296995e-22	-1.502005e-02	-7.510025e-03	1.631113e-02	-8.119846e-04	-6.698040e-03	8.322010e-03	-8.119846e-04	8.119846e-04	8.801105e-03	-2.382115e-02
0.0715789     	1.451921e-03	-2.293846e-22	-1.541265e-02	-7.706323e-03	1.651038e-02	-7.259605e-04	-6.980362e-03	8.432283e-03	-7.259605e-04	7.259605e-04	8.804053e-03	-2.421670e-02
0.0718421     	1.328191e-03	-2.304788e-22	-1.570499e-02	-7.852493e-03	1.665880e-02	-6.640956e-04	-7.188397e-03	8.516588e-03	-6.640956e-04	6.640956e-04	8.806304e-03	-2.451129e-02
0.0721053     	1.204816e-03	-2.321189e-22	-1.601772e-02	-8.008860e-03	1.682586e-02	-6.024081e-04	-7.406452e-03	8.611268e-03	-6.024081e-04	6.024081e-04	8.817002e-03	-2.483472e-02
0.0723684     	1.019925e-03	-2.332292e-22	-1.647551e-02	-8.237754e-03	1.706514e-02	-5.099625e-04	-7.727792e-03	8.747717e-03	-5.099625e-04	5.099625e-04	8.827388e-03	-2.530290e-02
0.0726316     	8.523095e-04	-2.345363e-22	-1.689522e-02	-8.447612e-03	1.728548e-02	-4.261548e-04	-8.021457e-03	8.873767e-03	-4.261548e-04	4.261548e-04	8.837872e-03	-2.573310e-02
0.0728947     	7.504003e-04	-2.365463e-22	-1.715878e-02	-8.579392e-03	1.742500e-02	-3.752002e-04	-8.204192e-03	8.954592e-03	-3.752002e-04	3.752002e-04	8.845606e-03	-2.600439e-02
0.0731579     	6.343774e-04	-2.386318e-22	-1.745195e-02	-8.725977e-03	1.757508e-02	-3.171887e-04	-8.408788e-03	9.043166e-03	-3.171887e-04	3.171887e-04	8.849104e-03	-2.630106e-02
0.0734211     	5.302851e-04	-2.411231e-22	-1.772317e-02	-8.861583e-03	1.772537e-02	-2.651426e-04	-8.596440e-03	9.126725e-03	-2.651426e-04	2.651426e-04	8.863783e-03	-2.658695e-02
0.0736842     	3.679845e-04	-2.405891e-22	-1.812542e-02	-9.062711e-03	1.791950e-02	-1.839922e-04	-8.878719e-03	9.246703e-03	-1.839922e-04	1.839922e-04	8.856787e-03	-2.698221e-02
0.0739474     	2.138139e-04	-2.397280e-22	-1.850666e-02	-9.253332e-03	1.809992e-02	-1.069069e-04	-9.146425e-03	9.360239e-03	-1.069069e-04	1.069069e-04	8.846585e-03	-2.735325e-02
0.0742105     	2.759566e-05	-2.403404e-22	-1.897399e-02	-9.486996e-03	1.833875e-02	-1.379783e-05	-9.473198e-03	9.500794e-03	-1.379783e-05	1.379783e-05	8.851755e-03	-2.782575e-02
0.0744737     	-1.304575e-04	-2.416635e-22	-1.937639e-02	-9.688193e-03	1.854743e-02	6.522874e-05	-9.753421e-03	9.622964e-03	6.522874e-05	-6.522874e-05	8.859240e-03	-2.823563e-02
0.0747368     	-1.590128e-04	-2.446060e-22	-1.941203e-02	-9.706015e-03	1.858142e-02	7.950642e-05	-9.785521e-03	9.626508e-03	7.950642e-05	-7.950642e-05	8.875407e-03	-2.828744e-02
0.075         	-2.591960e-04	-2.463679e-22	-1.965949e-02	-9.829747e-03	1.871387e-02	1.295980e-04	-9.959345e-03	9.700149e-03	1.295980e-04	-1.295980e-04	8.884123e-03	-2.854362e-02
0.0752632     	-3.967972e-04	-2.476444e-22	-1.999675e-02	-9.998373e-03	1.888221e-02	1.983986e-04	-1.019677e-02	9.799974e-03	1.983986e-04	-1.983986e-04	8.883841e-03	-2.888059e-02
0.0755263     	-5.263853e-04	-2.488356e-22	-2.031664e-02	-1.015832e-02	1.905103e-02	2.631926e-04	-1.042151e-02	9.895129e-03	2.631926e-04	-2.631926e-04	8.892707e-03	-2.920935e-02
0.0757895     	-7.218708e-04	-2.492851e-22	-2.085169e-02	-1.042585e-02	1.935145e-02	3.609354e-04	-1.078678e-02	1.006491e-02	3.609354e-04	-3.609354e-04	8.925601e-03	-2.977729e-02
0.0760526     	-8.203835e-04	-2.519288e-22	-2.112596e-02	-1.056298e-02	1.948951e-02	4.101917e-04	-1.097317e-02	1.015279e-02	4.101917e-04	-4.101917e-04	8.926525e-03	-3.005249e-02
0.0763158     	-9.478306e-04	-2.532434e-22	-2.144122e-02	-1.072061e-02	1.965121e-02	4.739153e-04	-1.119453e-02	1.024669e-02	4.739153e-04	-4.739153e-04	8.930600e-03	-3.037182e-02
0.0765789     	-1.086919e-03	-2.542436e-22	-2.178163e-02	-1.089082e-02	1.983122e-02	5.434596e-04	-1.143428e-02	1.034736e-02	5.434596e-04	-5.434596e-04	8.940403e-03	-3.072203e-02
0.0768421     	-1.288778e-03	-2.543877e-22	-2.227527e-02	-1.113764e-02	2.008569e-02	6.443889e-04	-1.178203e-02	1.049325e-02	6.443889e-04	-6.443889e-04	8.948054e-03	-3.122333e-02
0.0771053     	-1.402581e-03	-2.573176e-22	-2.258091e-02	-1.129046e-02	2.023872e-02	7.012903e-04	-1.199175e-02	1.058917e-02	7.012903e-04	-7.012903e-04	8.948265e-03	-3.152918e-02
0.0773684     	-1.516037e-03	-2.600279e-22	-2.288117e-02	-1.144058e-02	2.039182e-02	7.580187e-04	-1.219860e-02	1.068256e-02	7.580187e-04	-7.580187e-04	8.951234e-03	-3.183240e-02
0.0776316     	-1.644249e-03	-2.614605e-22	-2.320755e-02	-1.160377e-02	2.057121e-02	8.221245e-04	-1.242590e-02	1.078165e-02	8.221245e-04	-8.221245e-04	8.967433e-03	-3.217498e-02
0.0778947     	-1.788188e-03	-2.634266e-22	-2.359218e-02	-1.179609e-02	2.077945e-02	8.940939e-04	-1.269018e-02	1.090200e-02	8.940939e-04	-8.940939e-04	8.983356e-03	-3.257554e-02
0.0781579     	-1.876775e-03	-2.640370e-22	-2.377204e-02	-1.188602e-02	2.085481e-02	9.383875e-04	-1.282441e-02	1.094763e-02	9.383875e-04	-9.383875e-04	8.968793e-03	-3.274083e-02
0.0784211     	-1.996021e-03	-2.636702e-22	-2.406458e-02	-1.203229e-02	2.097425e-02	9.980107e-04	-1.303030e-02	1.103428e-02	9.980107e-04	-9.980107e-04	8.941962e-03	-3.300654e-02
0.0786842     	-2.217500e-03	-2.617962e-22	-2.460096e-02	-1.230048e-02	2.126648e-02	1.108750e-03	-1.340923e-02	1.119173e-02	1.108750e-03	-1.108750e-03	8.966000e-03	-3.356696e-02
0.0789474     	-2.374472e-03	-2.629018e-22	-2.497863e-02	-1.248931e-02	2.148272e-02	1.187236e-03	-1.367655e-02	1.130208e-02	1.187236e-03	-1.187236e-03	8.993405e-03	-3.397203e-02
0.0792105     	-2.545808e-03	-2.604126e-22	-2.540387e-02	-1.270194e-02	2.167382e-02	1.272904e-03	-1.397484e-02	1.142903e-02	1.272904e-03	-1.272904e-03	8.971886e-03	-3.437576e-02
0.0794737     	-2.663745e-03	-2.620154e-22	-2.570878e-02	-1.285439e-02	2.182971e-02	1.331872e-03	-1.418626e-02	1.152252e-02	1.331872e-03	-1.331872e-03	8.975316e-03	-3.468410e-02
0.0797368     	-2.819815e-03	-2.643342e-22	-2.614226e-02	-1.307113e-02	2.206812e-02	1.409908e-03	-1.448104e-02	1.166122e-02	1.409908e-03	-1.409908e-03	8.996990e-03	-3.513925e-02
0.08          	-2.885515e-03	-2.672243e-22	-2.631468e-02	-1.315734e-02	2.216232e-02	1.442758e-03	-1.460010e-02	1.171458e-02	1.442758e-03	-1.442758e-03	9.004986e-03	-3.531966e-02
0.0802564     	-3.037667e-03	-2.689351e-22	-2.663937e-02	-1.331968e-02	2.234129e-02	1.518834e-03	-1.483852e-02	1.180085e-02	1.518834e-03	-1.518834e-03	9.021608e-03	-3.566097e-02
0.0805128     	-3.186841e-03	-2.677293e-22	-2.702379e-02	-1.351189e-02	2.254516e-02	1.593421e-03	-1.510531e-02	1.191847e-02	1.593421e-03	-1.593421e-03	9.033262e-03	-3.605705e-02
0.0807692     	-3.317004e-03	-2.686984e-22	-2.735682e-02	-1.367841e-02	2.272038e-02	1.658502e-03	-1.533691e-02	1.201991e-02	1.658502e-03	-1.658502e-03	9.041964e-03	-3.639879e-02
0.0810256     	-3.423329e-03	-2.702869e-22	-2.763320e-02	-1.381660e-02	2.286257e-02	1.711665e-03	-1.552826e-02	1.210493e-02	1.711665e-03	-1.711665e-03	9.045972e-03	-3.667917e-02
0.0812821     	-3.537412e-03	-2.718032e-22	-2.792586e-02	-1.396293e-02	2.301591e-02	1.768706e-03	-1.573164e-02	1.219423e-02	1.768706e-03	-1.768706e-03	9.052981e-03	-3.697885e-02
0.0815385     	-3.662429e-03	-2.727463e-22	-2.823849e-02	-1.411925e-02	2.317776e-02	1.831214e-03	-1.595046e-02	1.228803e-02	1.831214e-03	-1.831214e-03	9.058514e-03	-3.729701e-02
0.0817949     	-3.794887e-03	-2.737012e-22	-2.857003e-02	-1.428501e-02	2.334936e-02	1.897444e-03	-1.618246e-02	1.238757e-02	1.897444e-03	-1.897444e-03	9.064344e-03	-3.763437e-02
0.0820513     	-3.914432e-03	-2.748246e-22	-2.885936e-02	-1.442968e-02	2.349960e-02	1.957216e-03	-1.638690e-02	1.247247e-02	1.957216e-03	-1.957216e-03	9.069917e-03	-3.792928e-02
0.0823077     	-4.023302e-03	-2.757015e-22	-2.912966e-02	-1.456483e-02	2.363328e-02	2.011651e-03	-1.657648e-02	1.255318e-02	2.011651e-03	-2.011651e-03	9.068451e-03	-3.819811e-02
0.0825558     	-4.184077e-03	-2.789166e-22	-2.948837e-02	-1.474418e-02	2.382397e-02	2.092038e-03	-1.683622e-02	1.265215e-02	2.092038e-03	-2.092038e-03	9.079789e-03	-3.856816e-02
0.082804      	-4.286734e-03	-2.794862e-22	-2.978923e-02	-1.489461e-02	2.397429e-02	2.143367e-03	-1.703798e-02	1.275125e-02	2.143367e-03	-2.143367e-03	9.079678e-03	-3.886891e-02
0.0830521     	-4.394067e-03	-2.803135e-22	-3.005910e-02	-1.502955e-02	2.411172e-02	2.197033e-03	-1.722658e-02	1.283252e-02	2.197033e-03	-2.197033e-03	9.082174e-03	-3.914127e-02
0.0833002     	-4.494786e-03	-2.812458e-22	-3.030202e-02	-1.515101e-02	2.423468e-02	2.247393e-03	-1.739840e-02	1.290362e-02	2.247393e-03	-2.247393e-03	9.083673e-03	-3.938569e-02
0.0835484     	-4.616658e-03	-2.814947e-22	-3.058503e-02	-1.529251e-02	2.437682e-02	2.308329e-03	-1.760084e-02	1.298418e-02	2.308329e-03	-2.308329e-03	9.084306e-03	-3.966933e-02
0.0837965     	-4.835416e-03	-2.818481e-22	-3.116177e-02	-1.558088e-02	2.468202e-02	2.417708e-03	-1.799859e-02	1.316318e-02	2.417708e-03	-2.417708e-03	9.101136e-03	-4.026291e-02
0.0840447     	-4.986748e-03	-2.832942e-22	-3.157309e-02	-1.578655e-02	2.490280e-02	2.493374e-03	-1.827992e-02	1.329317e-02	2.493374e-03	-2.493374e-03	9.116249e-03	-4.068934e-02
0.0842928     	-5.133277e-03	-2.829392e-22	-3.194246e-02	-1.597123e-02	2.508200e-02	2.566639e-03	-1.853787e-02	1.340459e-02	2.566639e-03	-2.566639e-03	9.110777e-03	-4.105323e-02
0.0845409     	-5.203917e-03	-2.847859e-22	-3.210957e-02	-1.605479e-02	2.517607e-02	2.601958e-03	-1.865674e-02	1.345283e-02	2.601958e-03	-2.601958e-03	9.121281e-03	-4.123085e-02
0.0847891     	-5.190185e-03	-2.872433e-22	-3.206937e-02	-1.603468e-02	2.518001e-02	2.595093e-03	-1.862978e-02	1.343959e-02	2.595093e-03	-2.595093e-03	9.145326e-03	-4.121470e-02
0.0850372     	-5.256236e-03	-2.886609e-22	-3.222836e-02	-1.611418e-02	2.527155e-02	2.628118e-03	-1.874230e-02	1.348606e-02	2.628118e-03	-2.628118e-03	9.157376e-03	-4.138573e-02
0.0852854     	-5.445774e-03	-2.883945e-22	-3.270951e-02	-1.635476e-02	2.551132e-02	2.722887e-03	-1.907764e-02	1.363187e-02	2.722887e-03	-2.722887e-03	9.156568e-03	-4.186608e-02
0.0855335     	-5.585758e-03	-2.888158e-22	-3.305961e-02	-1.652980e-02	2.568812e-02	2.792879e-03	-1.932268e-02	1.373692e-02	2.792879e-03	-2.792879e-03	9.158317e-03	-4.221792e-02
0.0857816     	-5.699916e-03	-2.896317e-22	-3.334096e-02	-1.667048e-02	2.583321e-02	2.849958e-03	-1.952044e-02	1.382052e-02	2.849958e-03	-2.849958e-03	9.162727e-03	-4.250369e-02
0.0860298     	-5.820251e-03	-2.903222e-22	-3.364032e-02	-1.682016e-02	2.598569e-02	2.910126e-03	-1.973028e-02	1.391003e-02	2.910126e-03	-2.910126e-03	9.165528e-03	-4.280584e-02
0.0862779     	-5.921750e-03	-2.912738e-22	-3.389032e-02	-1.694516e-02	2.611800e-02	2.960875e-03	-1.990604e-02	1.398429e-02	2.960875e-03	-2.960875e-03	9.172837e-03	-4.306316e-02
0.0865261     	-6.026896e-03	-2.921702e-22	-3.415407e-02	-1.707704e-02	2.625564e-02	3.013448e-03	-2.009048e-02	1.406359e-02	3.013448e-03	-3.013448e-03	9.178606e-03	-4.333268e-02
0.0867742     	-6.136740e-03	-2.929703e-22	-3.443131e-02	-1.721565e-02	2.640021e-02	3.068370e-03	-2.028402e-02	1.414728e-02	3.068370e-03	-3.068370e-03	9.184553e-03	-4.361586e-02
0.0870223     	-6.260818e-03	-2.936568e-22	-3.473215e-02	-1.736608e-02	2.654453e-02	3.130409e-03	-2.049649e-02	1.423567e-02	3.130409e-03	-3.130409e-03	9.178454e-03	-4.391061e-02
0.0872705     	-6.371496e-03	-2.944157e-22	-3.501120e-02	-1.750560e-02	2.669369e-02	3.185748e-03	-2.069135e-02	1.431985e-02	3.185748e-03	-3.185748e-03	9.188089e-03	-4.419929e-02
0.0875186     	-6.486872e-03	-2.952242e-22	-3.529612e-02	-1.764806e-02	2.683857e-02	3.243436e-03	-2.089150e-02	1.440462e-02	3.243436e-03	-3.243436e-03	9.190510e-03	-4.448663e-02
0.0877667     	-6.596638e-03	-2.960549e-22	-3.556853e-02	-1.778427e-02	2.697992e-02	3.298319e-03	-2.108259e-02	1.448595e-02	3.298319e-03	-3.298319e-03	9.195652e-03	-4.476419e-02
0.0880149     	-6.701249e-03	-2.968371e-22	-3.583148e-02	-1.791574e-02	2.711312e-02	3.350624e-03	-2.126637e-02	1.456512e-02	3.350624e-03	-3.350624e-03	9.197383e-03	-4.502887e-02
0.088263      	-6.806536e-03	-2.976361e-22	-3.609372e-02	-1.804686e-02	2.724892e-02	3.403268e-03	-2.145013e-02	1.464359e-02	3.403268e-03	-3.403268e-03	9.202060e-03	-4.529578e-02
0.0885112     	-6.927705e-03	-2.982771e-22	-3.639016e-02	-1.819508e-02	2.739525e-02	3.463852e-03	-2.165893e-02	1.473123e-02	3.463852e-03	-3.463852e-03	9.200173e-03	-4.559033e-02
0.0887593     	-7.038519e-03	-2.989578e-22	-3.666598e-02	-1.833299e-02	2.753936e-02	3.519259e-03	-2.185225e-02	1.481373e-02	3.519259e-03	-3.519259e-03	9.206368e-03	-4.587235e-02
0.0890074     	-7.143053e-03	-2.997248e-22	-3.693108e-02	-1.846554e-02	2.767906e-02	3.571527e-03	-2.203707e-02	1.489401e-02	3.571527e-03	-3.571527e-03	9.213518e-03	-4.614460e-02
0.0892556     	-7.250466e-03	-3.005236e-22	-3.720096e-02	-1.860048e-02	2.782058e-02	3.625233e-03	-2.222571e-02	1.497525e-02	3.625233e-03	-3.625233e-03	9.220100e-03	-4.642106e-02
0.0895037     	-7.353125e-03	-3.006957e-22	-3.742700e-02	-1.871350e-02	2.792934e-02	3.676562e-03	-2.239006e-02	1.503694e-02	3.676562e-03	-3.676562e-03	9.215839e-03	-4.664284e-02
0.0897519     	-7.449772e-03	-3.013492e-22	-3.765798e-02	-1.882899e-02	2.804738e-02	3.724886e-03	-2.255387e-02	1.510410e-02	3.724886e-03	-3.724886e-03	9.218387e-03	-4.687636e-02
0.09          	-7.553017e-03	-3.016806e-22	-3.789806e-02	-1.894903e-02	2.816740e-02	3.776509e-03	-2.272554e-02	1.517252e-02	3.776509e-03	-3.776509e-03	9.218371e-03	-4.711643e-02
0.09025       	-7.608178e-03	-3.026080e-22	-3.805856e-02	-1.902928e-02	2.825589e-02	3.804089e-03	-2.283337e-02	1.522519e-02	3.804089e-03	-3.804089e-03	9.226613e-03	-4.728517e-02
0.0905        	-7.668330e-03	-3.040825e-22	-3.820612e-02	-1.910306e-02	2.834212e-02	3.834165e-03	-2.293722e-02	1.526889e-02	3.834165e-03	-3.834165e-03	9.239057e-03	-4.744518e-02
0.09075       	-7.848670e-03	-3.038738e-22	-3.864968e-02	-1.932484e-02	2.855468e-02	3.924335e-03	-2.324917e-02	1.540051e-02	3.924335e-03	-3.924335e-03	9.229837e-03	-4.787952e-02
0.091         	-8.062544e-03	-3.030741e-22	-3.917703e-02	-1.958851e-02	2.880853e-02	4.031272e-03	-2.361979e-02	1.555724e-02	4.031272e-03	-4.031272e-03	9.220013e-03	-4.839704e-02
0.09125       	-8.154895e-03	-3.037907e-22	-3.940628e-02	-1.970314e-02	2.893035e-02	4.077448e-03	-2.378059e-02	1.562569e-02	4.077448e-03	-4.077448e-03	9.227207e-03	-4.863349e-02
0.0915        	-8.251336e-03	-3.045457e-22	-3.964550e-02	-1.982275e-02	2.905389e-02	4.125668e-03	-2.394842e-02	1.569708e-02	4.125668e-03	-4.125668e-03	9.231138e-03	-4.887664e-02
0.09175       	-8.345940e-03	-3.053390e-22	-3.987865e-02	-1.993933e-02	2.917662e-02	4.172970e-03	-2.411230e-02	1.576636e-02	4.172970e-03	-4.172970e-03	9.237293e-03	-4.911595e-02
0.092         	-8.415709e-03	-3.064360e-22	-4.005635e-02	-2.002818e-02	2.927229e-02	4.207854e-03	-2.423603e-02	1.582032e-02	4.207854e-03	-4.207854e-03	9.244116e-03	-4.930047e-02
0.09225       	-8.510161e-03	-3.072252e-22	-4.029043e-02	-2.014521e-02	2.939519e-02	4.255080e-03	-2.440029e-02	1.589013e-02	4.255080e-03	-4.255080e-03	9.249975e-03	-4.954040e-02
0.0925        	-8.615218e-03	-3.078951e-22	-4.054691e-02	-2.027345e-02	2.952515e-02	4.307609e-03	-2.458106e-02	1.596584e-02	4.307609e-03	-4.307609e-03	9.251693e-03	-4.979860e-02
0.09275       	-8.694401e-03	-3.088686e-22	-4.074521e-02	-2.037261e-02	2.963563e-02	4.347200e-03	-2.471981e-02	1.602541e-02	4.347200e-03	-4.347200e-03	9.263024e-03	-5.000824e-02
0.093         	-8.781159e-03	-3.097609e-22	-4.095881e-02	-2.047941e-02	2.974706e-02	4.390580e-03	-2.486999e-02	1.608883e-02	4.390580e-03	-4.390580e-03	9.267658e-03	-5.022647e-02
0.09325       	-8.869471e-03	-3.106455e-22	-4.117671e-02	-2.058836e-02	2.986116e-02	4.434736e-03	-2.502309e-02	1.615362e-02	4.434736e-03	-4.434736e-03	9.272808e-03	-5.044952e-02
0.0935        	-8.977431e-03	-3.113119e-22	-4.144299e-02	-2.072149e-02	2.999889e-02	4.488715e-03	-2.521021e-02	1.623278e-02	4.488715e-03	-4.488715e-03	9.277395e-03	-5.072038e-02
0.09375       	-9.063375e-03	-3.122174e-22	-4.164980e-02	-2.082490e-02	3.011061e-02	4.531687e-03	-2.535659e-02	1.629321e-02	4.531687e-03	-4.531687e-03	9.285709e-03	-5.093550e-02
0.094         	-9.102947e-03	-3.135967e-22	-4.174986e-02	-2.087493e-02	3.016697e-02	4.551474e-03	-2.542640e-02	1.632346e-02	4.551474e-03	-4.551474e-03	9.292040e-03	-5.104190e-02
0.09425       	-9.299121e-03	-3.130600e-22	-4.223755e-02	-2.111877e-02	3.039885e-02	4.649560e-03	-2.576833e-02	1.646921e-02	4.649560e-03	-4.649560e-03	9.280078e-03	-5.151763e-02
0.0945        	-9.388385e-03	-3.139168e-22	-4.246616e-02	-2.123308e-02	3.051960e-02	4.694193e-03	-2.592727e-02	1.653889e-02	4.694193e-03	-4.694193e-03	9.286515e-03	-5.175268e-02
0.09475       	-9.469725e-03	-3.148233e-22	-4.266503e-02	-2.133251e-02	3.062335e-02	4.734863e-03	-2.606738e-02	1.659765e-02	4.734863e-03	-4.734863e-03	9.290836e-03	-5.195587e-02
0.095         	-9.558242e-03	-3.153692e-22	-4.287684e-02	-2.143842e-02	3.072976e-02	4.779121e-03	-2.621754e-02	1.665930e-02	4.779121e-03	-4.779121e-03	9.291342e-03	-5.216818e-02
0.09525       	-9.640390e-03	-3.161069e-22	-4.306973e-02	-2.153486e-02	3.082697e-02	4.820195e-03	-2.635506e-02	1.671467e-02	4.820195e-03	-4.820195e-03	9.292111e-03	-5.236184e-02
0.0955        	-9.718829e-03	-3.168557e-22	-4.325087e-02	-2.162544e-02	3.090937e-02	4.859415e-03	-2.648485e-02	1.676602e-02	4.859415e-03	-4.859415e-03	9.283932e-03	-5.253481e-02
0.09575       	-9.818387e-03	-3.194532e-22	-4.352972e-02	-2.176486e-02	3.106086e-02	4.909193e-03	-2.667406e-02	1.685567e-02	4.909193e-03	-4.909193e-03	9.295999e-03	-5.282572e-02
0.096         	-9.878254e-03	-3.176884e-22	-4.368822e-02	-2.184411e-02	3.117358e-02	4.939127e-03	-2.678323e-02	1.690498e-02	4.939127e-03	-4.939127e-03	9.329472e-03	-5.301769e-02
0.09625       	-1.002341e-02	-3.182445e-22	-4.407344e-02	-2.203672e-02	3.139236e-02	5.011706e-03	-2.704843e-02	1.702502e-02	5.011706e-03	-5.011706e-03	9.355642e-03	-5.342909e-02
0.0965        	-1.009642e-02	-3.190679e-22	-4.423891e-02	-2.211945e-02	3.147382e-02	5.048212e-03	-2.716767e-02	1.707124e-02	5.048212e-03	-5.048212e-03	9.354365e-03	-5.359327e-02
0.09675       	-1.018380e-02	-3.195864e-22	-4.444380e-02	-2.222190e-02	3.156836e-02	5.091899e-03	-2.731380e-02	1.713000e-02	5.091899e-03	-5.091899e-03	9.346455e-03	-5.379026e-02
0.097         	-1.024811e-02	-3.206100e-22	-4.460054e-02	-2.230027e-02	3.165105e-02	5.124053e-03	-2.742432e-02	1.717622e-02	5.124053e-03	-5.124053e-03	9.350777e-03	-5.395132e-02
0.09725       	-1.033533e-02	-3.212031e-22	-4.481575e-02	-2.240788e-02	3.175814e-02	5.167665e-03	-2.757554e-02	1.724021e-02	5.167665e-03	-5.167665e-03	9.350261e-03	-5.416601e-02
0.0975        	-1.039337e-02	-3.224224e-22	-4.495395e-02	-2.247697e-02	3.183315e-02	5.196683e-03	-2.767366e-02	1.728029e-02	5.196683e-03	-5.196683e-03	9.356178e-03	-5.431013e-02
0.09775       	-1.048907e-02	-3.230660e-22	-4.519136e-02	-2.259568e-02	3.195515e-02	5.244533e-03	-2.784021e-02	1.735115e-02	5.244533e-03	-5.244533e-03	9.359472e-03	-5.455083e-02
0.098         	-1.059575e-02	-3.234220e-22	-4.544765e-02	-2.272383e-02	3.208700e-02	5.297876e-03	-2.802170e-02	1.742595e-02	5.297876e-03	-5.297876e-03	9.363176e-03	-5.481083e-02
0.09825       	-1.067785e-02	-3.241852e-22	-4.564731e-02	-2.282365e-02	3.219200e-02	5.338924e-03	-2.816258e-02	1.748473e-02	5.338924e-03	-5.338924e-03	9.368343e-03	-5.501565e-02
0.0985        	-1.077868e-02	-3.248171e-22	-4.589157e-02	-2.294579e-02	3.231849e-02	5.389340e-03	-2.833513e-02	1.755645e-02	5.389340e-03	-5.389340e-03	9.372701e-03	-5.526427e-02
0.09875       	-1.081998e-02	-3.264211e-22	-4.599681e-02	-2.299841e-02	3.236590e-02	5.409988e-03	-2.840839e-02	1.758842e-02	5.409988e-03	-5.409988e-03	9.367493e-03	-5.536431e-02
0.099         	-1.081150e-02	-3.282826e-22	-4.598148e-02	-2.299074e-02	3.235495e-02	5.405752e-03	-2.839649e-02	1.758499e-02	5.405752e-03	-5.405752e-03	9.364208e-03	-5.534569e-02
0.09925       	-1.084373e-02	-3.298685e-22	-4.606754e-02	-2.303377e-02	3.239860e-02	5.421864e-03	-2.845563e-02	1.761190e-02	5.421864e-03	-5.421864e-03	9.364832e-03	-5.543237e-02
0.0995        	-1.090350e-02	-3.309586e-22	-4.620979e-02	-2.310490e-02	3.248274e-02	5.451749e-03	-2.855664e-02	1.765315e-02	5.451749e-03	-5.451749e-03	9.377844e-03	-5.558763e-02
0.09975       	-1.114743e-02	-3.300488e-22	-4.681719e-02	-2.340859e-02	3.278112e-02	5.573716e-03	-2.898231e-02	1.783488e-02	5.573716e-03	-5.573716e-03	9.372525e-03	-5.618971e-02
0.1           	-1.124365e-02	-3.304220e-22	-4.705002e-02	-2.352501e-02	3.289677e-02	5.621825e-03	-2.914684e-02	1.790319e-02	5.621825e-03	-5.621825e-03	9.371755e-03	-5.642178e-02
0.10025       	-1.118561e-02	-3.308126e-22	-4.684655e-02	-2.342327e-02	3.278356e-02	5.592803e-03	-2.901608e-02	1.783047e-02	5.592803e-03	-5.592803e-03	9.360282e-03	-5.620683e-02
0.1005        	-1.119630e-02	-3.313181e-22	-4.683791e-02	-2.341895e-02	3.277427e-02	5.598152e-03	-2.901711e-02	1.782080e-02	5.598152e-03	-5.598152e-03	9.355315e-03	-5.619322e-02
0.10075       	-1.129177e-02	-3.324083e-22	-4.708364e-02	-2.354182e-02	3.290455e-02	5.645885e-03	-2.918771e-02	1.789594e-02	5.645885e-03	-5.645885e-03	9.362730e-03	-5.644637e-02
0.101         	-1.138266e-02	-3.328381e-22	-4.733324e-02	-2.366662e-02	3.303117e-02	5.691328e-03	-2.935795e-02	1.797529e-02	5.691328e-03	-5.691328e-03	9.364550e-03	-5.669779e-02
0.10125       	-1.147317e-02	-3.319329e-22	-4.755670e-02	-2.377835e-02	3.312201e-02	5.736583e-03	-2.951494e-02	1.804177e-02	5.736583e-03	-5.736583e-03	9.343661e-03	-5.690037e-02
0.1015        	-1.153133e-02	-3.322660e-22	-4.768762e-02	-2.384381e-02	3.318260e-02	5.765664e-03	-2.960947e-02	1.807815e-02	5.765664e-03	-5.765664e-03	9.338787e-03	-5.702641e-02
0.10175       	-1.161790e-02	-3.332366e-22	-4.791234e-02	-2.395617e-02	3.330186e-02	5.808952e-03	-2.976512e-02	1.814722e-02	5.808952e-03	-5.808952e-03	9.345686e-03	-5.725803e-02
0.102         	-1.170598e-02	-3.347676e-22	-4.815623e-02	-2.407811e-02	3.343482e-02	5.852992e-03	-2.993111e-02	1.822512e-02	5.852992e-03	-5.852992e-03	9.356705e-03	-5.751293e-02
0.10225       	-1.177351e-02	-3.349511e-22	-4.831316e-02	-2.415658e-02	3.351113e-02	5.886757e-03	-3.004334e-02	1.826982e-02	5.886757e-03	-5.886757e-03	9.354552e-03	-5.766771e-02
0.1025        	-1.187813e-02	-3.364543e-22	-4.860296e-02	-2.430148e-02	3.367097e-02	5.939067e-03	-3.024055e-02	1.836242e-02	5.939067e-03	-5.939067e-03	9.369484e-03	-5.797245e-02
0.10275       	-1.193121e-02	-3.365919e-22	-4.872049e-02	-2.436025e-02	3.372840e-02	5.965605e-03	-3.032585e-02	1.839464e-02	5.965605e-03	-5.965605e-03	9.368158e-03	-5.808865e-02
0.103         	-1.200144e-02	-3.378562e-22	-4.890072e-02	-2.445036e-02	3.382717e-02	6.000722e-03	-3.045108e-02	1.844964e-02	6.000722e-03	-6.000722e-03	9.376814e-03	-5.827753e-02
0.10325       	-1.205228e-02	-3.377097e-22	-4.901318e-02	-2.450659e-02	3.387892e-02	6.026138e-03	-3.053273e-02	1.848045e-02	6.026138e-03	-6.026138e-03	9.372334e-03	-5.838551e-02
0.1035        	-1.208532e-02	-3.363399e-22	-4.905759e-02	-2.452880e-02	3.388293e-02	6.042658e-03	-3.057145e-02	1.848614e-02	6.042658e-03	-6.042658e-03	9.354138e-03	-5.841173e-02
0.10375       	-1.216062e-02	-3.385689e-22	-4.926772e-02	-2.463386e-02	3.399972e-02	6.080308e-03	-3.071417e-02	1.855355e-02	6.080308e-03	-6.080308e-03	9.365866e-03	-5.863358e-02
0.104         	-1.219188e-02	-3.379090e-22	-4.930618e-02	-2.465309e-02	3.399755e-02	6.095938e-03	-3.074903e-02	1.855715e-02	6.095938e-03	-6.095938e-03	9.344455e-03	-5.865064e-02
0.10425       	-1.222459e-02	-3.362424e-22	-4.937711e-02	-2.468855e-02	3.404531e-02	6.112294e-03	-3.080085e-02	1.857626e-02	6.112294e-03	-6.112294e-03	9.356760e-03	-5.873387e-02
0.1045        	-1.226135e-02	-3.370140e-22	-4.946327e-02	-2.473163e-02	3.408993e-02	6.130673e-03	-3.086231e-02	1.860096e-02	6.130673e-03	-6.130673e-03	9.358300e-03	-5.882157e-02
0.10475       	-1.235633e-02	-3.384126e-22	-4.971936e-02	-2.485968e-02	3.423223e-02	6.178166e-03	-3.103784e-02	1.868151e-02	6.178166e-03	-6.178166e-03	9.372552e-03	-5.909191e-02
0.105         	-1.241590e-02	-3.385563e-22	-4.985917e-02	-2.492958e-02	3.430151e-02	6.207952e-03	-3.113754e-02	1.872163e-02	6.207952e-03	-6.207952e-03	9.371922e-03	-5.923109e-02
0.10525       	-1.245299e-02	-3.382176e-22	-4.992866e-02	-2.496433e-02	3.432534e-02	6.226494e-03	-3.119082e-02	1.873784e-02	6.226494e-03	-6.226494e-03	9.361014e-03	-5.928968e-02
0.1055        	-1.252363e-02	-3.410122e-22	-5.014606e-02	-2.507303e-02	3.445481e-02	6.261817e-03	-3.133485e-02	1.881121e-02	6.261817e-03	-6.261817e-03	9.381779e-03	-5.952784e-02
0.10575       	-1.256593e-02	-3.413179e-22	-5.024215e-02	-2.512108e-02	3.450157e-02	6.282964e-03	-3.140404e-02	1.883811e-02	6.282964e-03	-6.282964e-03	9.380491e-03	-5.962264e-02
0.106         	-1.260331e-02	-3.416098e-22	-5.032279e-02	-2.516140e-02	3.453883e-02	6.301657e-03	-3.146305e-02	1.885974e-02	6.301657e-03	-6.301657e-03	9.377435e-03	-5.970023e-02
0.10625       	-1.263416e-02	-3.423815e-22	-5.038691e-02	-2.519345e-02	3.456904e-02	6.317078e-03	-3.151053e-02	1.887638e-02	6.317078e-03	-6.317078e-03	9.375586e-03	-5.976249e-02
0.1065        	-1.266548e-02	-3.416643e-22	-5.045248e-02	-2.522624e-02	3.459481e-02	6.332738e-03	-3.155898e-02	1.889350e-02	6.332738e-03	-6.332738e-03	9.368577e-03	-5.982105e-02
0.10675       	-1.271149e-02	-3.394887e-22	-5.055429e-02	-2.527714e-02	3.464173e-02	6.355746e-03	-3.163289e-02	1.892140e-02	6.355746e-03	-6.355746e-03	9.364584e-03	-5.991887e-02
0.107         	-1.280916e-02	-3.353634e-22	-5.078842e-02	-2.539421e-02	3.472878e-02	6.404582e-03	-3.179879e-02	1.898963e-02	6.404582e-03	-6.404582e-03	9.334575e-03	-6.012299e-02
0.10725       	-1.288989e-02	-3.360389e-22	-5.098761e-02	-2.549380e-02	3.481191e-02	6.444943e-03	-3.193875e-02	1.904886e-02	6.444943e-03	-6.444943e-03	9.318104e-03	-6.030571e-02
0.1075        	-1.297664e-02	-3.366892e-22	-5.120864e-02	-2.560432e-02	3.492951e-02	6.488321e-03	-3.209264e-02	1.911600e-02	6.488321e-03	-6.488321e-03	9.325196e-03	-6.053383e-02
0.10775       	-1.302168e-02	-3.368026e-22	-5.131437e-02	-2.565719e-02	3.498309e-02	6.510841e-03	-3.216803e-02	1.914635e-02	6.510841e-03	-6.510841e-03	9.325902e-03	-6.064028e-02
0.108         	-1.304860e-02	-3.369967e-22	-5.137286e-02	-2.568643e-02	3.501098e-02	6.524298e-03	-3.221073e-02	1.916213e-02	6.524298e-03	-6.524298e-03	9.324556e-03	-6.069741e-02
0.10825       	-1.306985e-02	-3.379500e-22	-5.140938e-02	-2.570469e-02	3.502518e-02	6.534927e-03	-3.223962e-02	1.916976e-02	6.534927e-03	-6.534927e-03	9.320490e-03	-6.072987e-02
0.1085        	-1.309945e-02	-3.381923e-22	-5.147025e-02	-2.573513e-02	3.504952e-02	6.549727e-03	-3.228485e-02	1.918540e-02	6.549727e-03	-6.549727e-03	9.314396e-03	-6.078465e-02
0.10875       	-1.312376e-02	-3.384468e-22	-5.151781e-02	-2.575890e-02	3.507061e-02	6.561882e-03	-3.232079e-02	1.919702e-02	6.561882e-03	-6.561882e-03	9.311701e-03	-6.082951e-02
0.109         	-1.315244e-02	-3.386054e-22	-5.158181e-02	-2.579091e-02	3.510019e-02	6.576220e-03	-3.236713e-02	1.921469e-02	6.576220e-03	-6.576220e-03	9.309286e-03	-6.089110e-02
0.10925       	-1.318451e-02	-3.387957e-22	-5.165851e-02	-2.582926e-02	3.513794e-02	6.592254e-03	-3.242151e-02	1.923700e-02	6.592254e-03	-6.592254e-03	9.308684e-03	-6.096720e-02
0.1095        	-1.321489e-02	-3.389082e-22	-5.172912e-02	-2.586456e-02	3.517003e-02	6.607445e-03	-3.247201e-02	1.925712e-02	6.607445e-03	-6.607445e-03	9.305467e-03	-6.103459e-02
0.10975       	-1.324839e-02	-3.389267e-22	-5.180333e-02	-2.590167e-02	3.520412e-02	6.624197e-03	-3.252586e-02	1.927747e-02	6.624197e-03	-6.624197e-03	9.302449e-03	-6.110578e-02
0.11          	-1.329036e-02	-3.388013e-22	-5.190143e-02	-2.595072e-02	3.524986e-02	6.645180e-03	-3.259590e-02	1.930554e-02	6.645180e-03	-6.645180e-03	9.299147e-03	-6.120058e-02
0.11025       	-1.331221e-02	-3.388718e-22	-5.194687e-02	-2.597344e-02	3.527071e-02	6.656103e-03	-3.262954e-02	1.931733e-02	6.656103e-03	-6.656103e-03	9.297279e-03	-6.124415e-02
0.1105        	-1.332484e-02	-3.390042e-22	-5.196936e-02	-2.598468e-02	3.528077e-02	6.662422e-03	-3.264710e-02	1.932226e-02	6.662422e-03	-6.662422e-03	9.296086e-03	-6.126545e-02
0.11075       	-1.333906e-02	-3.391712e-22	-5.199878e-02	-2.599939e-02	3.529402e-02	6.669531e-03	-3.266892e-02	1.932986e-02	6.669531e-03	-6.669531e-03	9.294632e-03	-6.129342e-02
0.111         	-1.336776e-02	-3.388717e-22	-5.205802e-02	-2.602901e-02	3.532199e-02	6.683882e-03	-3.271289e-02	1.934513e-02	6.683882e-03	-6.683882e-03	9.292979e-03	-6.135100e-02
0.11125       	-1.332901e-02	-3.394711e-22	-5.194881e-02	-2.597440e-02	3.527215e-02	6.664507e-03	-3.263891e-02	1.930990e-02	6.664507e-03	-6.664507e-03	9.297745e-03	-6.124655e-02
0.1115        	-1.347688e-02	-3.378936e-22	-5.231113e-02	-2.615557e-02	3.543540e-02	6.738438e-03	-3.289400e-02	1.941713e-02	6.738438e-03	-6.738438e-03	9.279834e-03	-6.159097e-02
