/*--------------------------------*- C++ -*----------------------------------*\
| =========                 |                                                 |
| \\      /  F ield         | OpenFOAM: The Open Source CFD Toolbox           |
|  \\    /   O peration     | Version:  v2012                                 |
|   \\  /    A nd           | Website:  www.openfoam.com                      |
|    \\/     M anipulation  |                                                 |
\*---------------------------------------------------------------------------*/
FoamFile
{
    version     2.0;
    format      ascii;
    class       volScalarField;
    location    "0";
    object      omega;
}
// * * * * * * * * * * * * * * * * * * * * * * * * * * * * * * * * * * * * * //

dimensions      [0 0 -1 0 0 0 0];


internalField   nonuniform List<scalar> 
6319
(
0.302081
0.301473
0.326808
0.312007
0.300153
0.345706
0.332419
0.31368
0.311305
0.372674
0.350254
0.326
0.315533
0.314271
0.347767
0.37592
0.345463
0.387755
0.329888
0.3256
0.324741
0.339755
0.357708
0.370784
0.400455
0.341155
0.334642
0.333445
0.330454
0.298025
0.359728
0.408854
0.367394
0.386954
0.344389
0.345918
0.34377
0.341206
0.324579
0.304165
0.33446
0.427417
0.38984
0.383453
0.347522
0.353008
0.355863
0.353838
0.348909
0.340388
0.313583
0.303802
0.348284
0.437087
0.398337
0.365571
0.441297
0.357762
0.357364
0.36694
0.362531
0.359438
0.347371
0.34207
0.309491
0.297384
0.311309
0.342486
0.435901
0.377383
0.382998
0.460337
0.368613
0.369573
0.375704
0.372525
0.367687
0.357629
0.35641
0.320719
0.316589
0.326511
0.318049
0.384043
0.44187
0.411865
0.522412
0.381406
0.377054
0.385521
0.379946
0.367987
0.38055
0.367358
0.340781
0.323556
0.334994
0.330976
0.333691
0.360087
0.433127
0.511699
0.387013
0.390957
0.383326
0.39024
0.380914
0.394824
0.381744
0.349109
0.327439
0.336514
0.353051
0.350045
0.395657
0.381742
0.507996
0.547217
0.399124
0.404146
0.398571
0.4
0.39342
0.408227
0.395841
0.352635
0.336846
0.325203
0.347204
0.363351
0.369195
0.378591
0.409212
0.51791
0.554455
0.409528
0.415266
0.405116
0.411274
0.405522
0.412353
0.423018
0.410292
0.362367
0.34536
0.340008
0.353172
0.365632
0.379942
0.417467
0.385728
0.45488
0.394026
0.614339
0.416729
0.419781
0.430619
0.420666
0.427804
0.421061
0.431331
0.436373
0.426394
0.369827
0.345231
0.343892
0.363765
0.377583
0.385299
0.387336
0.411759
0.399228
0.490281
0.405313
0.621255
0.432115
0.431504
0.444939
0.428937
0.443293
0.435382
0.443313
0.451509
0.433666
0.43748
0.372733
0.380477
0.355293
0.356545
0.364457
0.396925
0.401904
0.439842
0.403761
0.371796
0.674358
0.431269
0.562043
0.43405
0.443251
0.441174
0.458367
0.436778
0.462684
0.452968
0.461808
0.461777
0.456726
0.455492
0.384479
0.391897
0.365211
0.376429
0.406622
0.412046
0.393304
0.408352
0.412103
0.413586
0.675193
0.433824
0.609487
0.448515
0.455365
0.450742
0.44398
0.469298
0.46575
0.441025
0.484882
0.467788
0.4792
0.486996
0.474607
0.39171
0.403824
0.375814
0.36705
0.388796
0.422022
0.410506
0.423841
0.417
0.423008
0.423161
0.394356
0.478071
0.872136
0.433375
0.419429
0.455398
0.468707
0.459814
0.454611
0.483805
0.484547
0.450056
0.508675
0.488161
0.499402
0.503373
0.496352
0.408896
0.414933
0.387899
0.384942
0.402173
0.435329
0.429782
0.43517
0.433373
0.428641
0.430777
0.404862
0.524136
0.85102
0.437858
0.535444
0.466098
0.47985
0.469847
0.462064
0.456754
0.496659
0.500154
0.452817
0.514163
0.531779
0.526445
0.532589
0.521698
0.420377
0.43068
0.399983
0.394711
0.416261
0.441722
0.448856
0.445217
0.437944
0.434445
0.439111
0.418793
0.655856
0.960704
0.385692
0.474303
0.496334
0.480806
0.471488
0.465905
0.512914
0.515707
0.459316
0.538182
0.562042
0.555392
0.529927
0.557546
0.562821
0.43948
0.447426
0.412271
0.411802
0.427815
0.459662
0.461997
0.450651
0.45155
0.436116
0.441694
0.449077
0.424165
0.709494
0.958935
0.502723
0.486464
0.506715
0.488091
0.479738
0.469937
0.528164
0.539541
0.459712
0.465092
0.558642
0.601255
0.593713
0.567844
0.597232
0.600878
0.451593
0.444131
0.465346
0.427384
0.42686
0.46918
0.470846
0.474389
0.463209
0.461485
0.448071
0.45006
0.456034
0.417712
0.65994
0.965175
0.425147
0.499175
0.520569
0.498679
0.485441
0.484653
0.48011
0.466292
0.543752
0.561526
0.451776
0.471912
0.582535
0.635827
0.628092
0.59803
0.63064
0.670231
0.472781
0.463922
0.483836
0.442142
0.442731
0.485228
0.49327
0.477556
0.488655
0.471846
0.468425
0.450874
0.447874
0.459061
0.4637
0.492096
0.887902
1.06118
0.535573
0.509695
0.526812
0.507638
0.501223
0.495199
0.493588
0.484348
0.475119
0.557718
0.549904
0.57339
0.477743
0.401364
0.612543
0.68204
0.62723
0.677413
0.64403
0.681873
0.706892
0.49244
0.483112
0.457527
0.502872
0.457676
0.500143
0.506926
0.490479
0.50339
0.478919
0.478779
0.458619
0.457036
0.467438
0.470542
0.789175
1.0398
0.461114
0.512206
0.538891
0.518582
0.50931
0.498265
0.497301
0.492592
0.481262
0.575462
0.56305
0.602032
0.470404
0.479878
0.63641
0.697717
0.710456
0.677959
0.725659
0.702944
0.812095
0.521973
0.498606
0.467175
0.521959
0.480603
0.518744
0.530493
0.488797
0.500829
0.519732
0.505678
0.486217
0.465189
0.460619
0.472613
0.477895
0.905737
1.16499
0.598679
0.530153
0.540719
0.515328
0.528745
0.511898
0.506823
0.505021
0.496148
0.486331
0.576878
0.592597
0.557831
0.62886
0.603971
0.412113
0.4886
0.782003
0.74924
0.762729
0.700204
0.788821
0.834835
0.538304
0.530149
0.4866
0.521987
0.543591
0.51418
0.535189
0.542216
0.496853
0.51097
0.535527
0.522967
0.484024
0.495556
0.473749
0.467432
0.463973
0.48074
1.14051
0.563675
0.535569
0.523398
0.534587
0.51929
0.509024
0.508302
0.492876
0.504718
0.487907
0.590605
0.607718
0.568068
0.436923
0.487581
0.953913
0.798441
0.862835
0.814175
0.927816
0.577187
0.559802
0.498413
0.549326
0.572123
0.577316
0.553958
0.566181
0.506748
0.523149
0.532672
0.555177
0.529846
0.493809
0.50242
0.48309
0.476468
0.453005
0.487367
1.32826
0.992583
0.291037
0.547718
0.531146
0.544285
0.536903
0.52261
0.516464
0.516355
0.497874
0.50918
0.495227
0.587544
0.562207
0.441148
0.469589
0.49692
0.874771
0.988835
0.997623
0.92413
0.599887
0.580519
0.577072
0.541944
0.58922
0.602542
0.574174
0.513634
0.530882
0.551422
0.569264
0.545535
0.495337
0.511052
0.48756
0.486301
0.482428
0.527898
1.33597
0.978375
0.364311
0.53461
0.552321
0.546318
0.530113
0.522305
0.503291
0.515926
0.508037
0.575666
0.550926
0.473052
0.501035
1.49906
1.20267
1.26099
0.646683
0.615413
0.619166
0.620557
0.676427
0.597302
0.523678
0.543933
0.556457
0.587556
0.551984
0.502157
0.517741
0.495603
0.492741
0.488809
0.5037
0.335451
1.54044
0.543384
0.561778
0.549819
0.533627
0.529387
0.521439
0.503328
0.517541
0.512766
0.571251
0.707746
0.478987
0.505287
1.49127
0.649166
0.676468
0.634816
0.696202
0.624803
0.653605
0.729611
0.60008
0.528217
0.550058
0.576683
0.596327
0.56715
0.50876
0.519072
0.49763
0.494333
0.496462
0.492338
0.50438
0.418572
1.52295
0.545584
0.566229
0.559299
0.540789
0.534068
0.528156
0.508381
0.522416
0.51305
1.43832
0.77865
0.445954
0.518585
0.506365
0.701459
0.727595
0.707046
0.778552
0.655248
0.695699
0.860164
0.624856
0.536934
0.545859
0.562078
0.580668
0.619791
0.571182
0.515308
0.509408
0.529052
0.504744
0.500264
0.501791
0.498979
0.508022
0.461259
1.34288
1.80063
0.552159
0.562314
0.541981
0.534207
0.528925
0.520951
0.526884
0.517245
0.474652
1.6454
0.464028
0.515603
0.512579
0.751732
0.765197
0.766324
0.749764
0.941658
0.9232
0.536162
0.554131
0.565189
0.521447
0.516004
0.529073
0.506747
0.50391
0.501441
0.502186
0.508071
0.348145
1.58267
0.558446
0.547807
0.540667
0.534467
0.525044
0.530409
0.518547
0.677882
1.81646
0.516583
0.462148
0.516657
0.853966
0.894153
1.01562
0.543845
0.551576
0.57476
0.520702
0.517976
0.535225
0.511959
0.508658
0.506598
0.50721
0.497099
0.484133
2.51459
0.562816
0.551557
0.546569
0.538082
0.534947
0.529523
0.523583
0.519629
1.16352
0.518301
0.494067
1.03167
1.1876
0.54317
0.558382
0.576196
0.52695
0.517041
0.523999
0.53229
0.511206
0.511038
0.507448
0.508423
0.498462
0.611727
2.36624
0.559225
0.550574
0.549901
0.541685
0.538625
0.533369
0.526356
0.524171
1.58476
0.523414
0.529881
0.472057
1.25411
0.549414
0.564752
0.572071
0.527682
0.52109
0.525572
0.537733
0.515948
0.514761
0.510726
0.512543
0.513603
0.897826
2.57846
0.563228
0.557844
0.555393
0.546325
0.540819
0.537235
0.532046
0.529926
0.526241
1.64944
0.523257
0.526635
0.528768
0.513818
1.47489
0.549455
0.563255
0.533433
0.521777
0.529871
0.543914
0.519623
0.517888
0.512974
0.515524
0.527894
0.741705
2.96775
0.559541
0.557279
0.548288
0.545388
0.539599
0.538747
0.535462
0.5315
0.530435
1.16947
0.527532
0.527162
0.562995
0.557698
0.535022
0.527534
0.546764
0.522508
0.518658
0.517592
0.513171
0.517445
0.576707
1.16081
2.81979
0.563747
0.556928
0.552848
0.546522
0.543269
0.542724
0.538563
0.535024
0.533289
1.97255
0.530268
0.526471
0.697507
0.559234
0.540303
0.530405
0.553621
0.544695
0.526569
0.522864
0.520595
0.521488
0.520759
0.642039
0.96262
3.36698
0.561448
0.552503
0.549742
0.545736
0.542124
0.537534
0.5338
0.536839
1.56817
0.531959
0.568562
0.541452
0.535217
0.554697
0.549646
0.527836
0.525827
0.523041
0.522222
0.528308
0.565444
1.34418
3.33026
0.5653
0.559868
0.556255
0.550968
0.545503
0.549572
0.540964
0.535556
0.539208
2.18771
0.52677
0.549786
0.655966
0.53903
0.546125
0.535157
0.559686
0.550266
0.531924
0.528342
0.526878
0.524369
0.538542
0.635386
0.688108
3.51801
0.562863
0.555088
0.548438
0.552371
0.543088
0.539428
0.541816
0.858747
4.70911
0.534772
0.556864
0.592793
0.542288
0.538578
0.56071
0.555182
0.532032
0.529251
0.528718
0.513669
0.531161
0.60171
1.44016
0.563148
0.557579
0.548104
0.55144
0.555789
0.545829
0.541665
0.543188
1.59331
4.64941
0.53796
0.556997
0.544752
0.537802
0.541765
0.553525
0.535119
0.533048
0.532436
0.523843
0.532587
0.600752
1.69134
0.560966
0.557492
0.550391
0.553682
0.55724
0.545478
0.543365
0.543252
0.160459
4.59839
4.19584
0.536168
0.666872
0.549256
0.540678
0.543283
0.557398
0.535927
0.533806
0.535264
0.534022
0.524946
0.534292
0.630829
0.0546873
0.562688
0.560657
0.552458
0.550959
0.556224
0.559991
0.547205
0.545625
0.546508
0.703799
4.91238
4.18893
0.553675
0.524101
0.663327
0.549315
0.541216
0.546348
0.555571
0.539319
0.536939
0.537928
0.537058
0.537852
0.537391
0.640088
0.20272
0.565659
0.561899
0.554041
0.552994
0.54939
0.557513
0.559851
0.546628
0.235342
2.60028
7.60371
1.22665
0.551763
0.552262
0.657308
0.552608
0.544313
0.546688
0.557855
0.54027
0.538289
0.538631
0.53885
0.540515
0.543176
0.612095
0.0573056
0.567068
0.564858
0.55606
0.553952
0.550202
0.557695
0.561598
0.549502
0.0842315
3.07675
7.13633
1.97651
0.554868
0.562521
0.65048
0.552198
0.545057
0.549741
0.558158
0.542857
0.541062
0.541331
0.542125
0.544148
0.550851
0.614867
0.0887919
0.56497
0.556025
0.55401
0.552838
0.559793
0.563494
0.551543
0.0996047
5.15774
8.97115
3.81115
0.562739
0.552858
0.57195
0.624183
0.55528
0.547977
0.550418
0.543557
0.543286
0.541834
0.542911
0.543806
0.544873
0.553789
0.561374
0.652117
0.241664
0.56742
0.557544
0.55613
0.554171
0.56015
0.564342
0.554128
0.310255
4.42493
9.3906
3.84078
0.565727
0.558788
0.585516
0.668023
0.555568
0.548156
0.553251
0.546305
0.546022
0.544223
0.544918
0.547466
0.5492
0.553652
0.584158
0.594049
0.258044
0.56649
0.559202
0.556914
0.556849
0.562287
0.563788
0.557223
0.607413
9.743
7.68796
0.572295
0.560635
0.593012
0.738367
0.622778
0.558491
0.550795
0.554236
0.54675
0.545944
0.548677
0.549887
0.550407
0.558654
0.613572
0.565226
0.610701
0.656582
0.567479
0.560315
0.559399
0.557311
0.559862
0.562159
0.565323
0.561091
0.6923
9.54394
7.67613
0.57159
0.583062
0.567016
0.615625
0.655749
0.558994
0.55302
0.550649
0.557289
0.548773
0.548478
0.550867
0.553907
0.556332
0.5596
0.622164
0.572582
0.611675
1.23542
0.566959
0.560395
0.561504
0.560305
0.562668
0.563542
0.565072
0.567612
3.9672
0.0158088
9.95309
6.63105
0.57997
0.592679
0.568552
0.757901
0.631209
0.554729
0.552714
0.558213
0.54921
0.550355
0.553211
0.556622
0.55856
0.603629
0.683645
0.580267
0.525505
0.653997
0.568119
0.56287
0.563904
0.566934
0.563912
0.566358
0.571811
5.59526
1.06357
15.3038
8.68002
0.581598
0.608758
0.571441
0.74761
0.659149
0.554671
0.557108
0.552721
0.551613
0.55278
0.555477
0.554632
0.561311
0.564634
0.629493
0.660918
0.582187
0.61128
2.24373
0.567267
0.564355
0.564172
0.568318
0.569944
0.57204
0.566511
0.567305
0.574535
9.32591
0.957282
14.7119
0.590131
0.617711
0.904687
0.687394
0.647589
0.556526
0.558549
0.555052
0.553293
0.560156
0.557437
0.564725
0.563915
0.574216
0.624768
0.669312
0.603665
0.909784
2.82407
0.568154
0.566956
0.56781
0.570853
0.578667
0.579298
0.568305
0.567683
0.5688
0.584985
10.2421
1.55045
17.4472
0.602393
0.589736
0.615419
0.905064
0.711865
0.67214
0.557692
0.558028
0.56051
0.555169
0.556918
0.56139
0.561285
0.558597
0.573035
0.570115
0.582297
0.659947
0.684838
0.617952
0.853899
5.50614
0.569128
0.569678
0.574609
0.584452
0.585184
0.571278
0.570033
0.570226
0.590199
19.3259
5.9634
0.811208
0.614162
0.608721
0.638575
0.911128
0.75489
0.66793
0.559511
0.559464
0.561755
0.556799
0.558515
0.565627
0.561639
0.576882
0.574161
0.595618
0.660428
0.729164
0.613817
1.19531
3.05918
0.573794
0.574729
0.581388
0.584339
0.59433
0.595065
0.572397
0.575313
0.571458
0.571226
0.602545
19.8526
9.5835
1.28953
0.636816
0.620303
0.966589
0.747791
0.700087
0.560986
0.561139
0.563333
0.561228
0.570816
0.566693
0.564803
0.562461
0.588418
0.58462
0.601363
0.688182
0.771568
0.638152
0.899948
5.48079
0.577193
0.590752
0.595224
0.599241
0.602143
0.607232
0.575299
0.580873
0.574408
0.573842
0.617125
15.8463
21.5767
2.90396
0.859052
0.654897
0.648818
0.952946
0.807908
0.694658
0.562669
0.56238
0.563109
0.576905
0.574386
0.568344
0.566535
0.594067
0.591643
0.621524
0.675548
0.736226
0.638722
0.952128
0.531216
0.583704
0.591966
0.600155
0.614838
0.618266
0.621389
0.580603
0.582967
0.586599
0.576114
0.637869
16.363
22.4623
6.46462
0.979088
0.666479
1.02099
0.820526
0.724387
0.565984
0.564352
0.565423
0.566141
0.586737
0.577885
0.573645
0.569478
0.612126
0.604257
0.629114
0.701496
0.79757
0.670301
0.95546
4.61964
0.588215
0.600585
0.613172
0.627583
0.625541
0.629709
0.630628
0.638612
0.586168
0.592838
0.59375
0.579527
0.657081
24.5914
19.505
0.990991
0.956184
0.694054
0.990133
0.768975
0.719125
0.566426
0.568366
0.568013
0.568893
0.568761
0.596944
0.586644
0.577945
0.575478
0.61828
0.615347
0.658926
0.745963
0.787894
0.685429
0.948118
4.42428
0.598021
0.614477
0.628687
0.622656
0.648826
0.645117
0.650039
0.652716
0.659601
0.593518
0.585293
0.597501
0.601766
0.682961
23.7994
22.5413
4.51289
0.968122
0.710721
1.047
0.808169
0.776996
0.568747
0.571904
0.569082
0.573934
0.574114
0.612714
0.597067
0.59104
0.585007
0.580183
0.636292
0.634695
0.671036
0.762603
0.8898
0.73297
0.303543
1.2211
11.819
0.604871
0.629062
0.623056
0.649524
0.648533
0.669316
0.662166
0.670671
0.658599
0.671832
0.685627
0.601695
0.59068
0.608167
0.614351
32.6037
16.1253
1.12248
0.962751
0.746335
0.854027
1.34048
0.788428
0.570248
0.572467
0.576867
0.572046
0.578711
0.577808
0.628803
0.614438
0.602119
0.591906
0.589766
0.652337
0.649475
0.705107
0.813046
0.90401
0.755668
1.5215
1.36526
12.7022
0.623149
0.652117
0.652152
0.671824
0.66302
0.688806
0.68444
0.690536
0.684065
0.695361
0.712867
0.614481
0.603288
0.597859
0.617047
0.618483
0.620368
0.630217
32.4236
22.1351
3.94027
0.692573
0.769172
0.92728
1.28233
0.834646
0.572986
0.577428
0.581792
0.586424
0.583968
0.647826
0.631261
0.617734
0.605836
0.594374
0.676107
0.672359
0.708623
0.741214
0.853439
1.02548
0.809253
2.92778
1.30922
25.0894
0.661795
0.675778
0.698596
0.688925
0.715598
0.711231
0.70979
0.699528
0.723133
0.757479
0.626383
0.62179
0.636088
0.635949
0.641182
0.643742
36.6693
14.9068
1.75794
0.828451
1.01523
0.884583
1.598
0.578123
0.5815
0.590001
0.588857
0.591179
0.671686
0.656641
0.636199
0.618048
0.604114
0.688519
0.740034
0.779912
0.998523
0.856743
6.15013
1.34129
26.2946
0.679121
0.682418
0.694351
0.729018
0.706434
0.710821
0.729581
0.748768
0.743898
0.733041
0.723912
0.743967
0.792709
0.649415
0.631853
0.651507
0.653876
0.65578
0.662983
37.3741
21.8926
1.09437
4.27314
0.86965
1.18505
0.9465
1.5239
0.581676
0.589277
0.595706
0.581536
0.600501
0.604024
0.677856
0.666641
0.635824
0.656254
0.622919
0.608531
0.620066
0.720723
0.747363
0.774036
0.827167
1.07679
0.957745
0.385856
21.0356
1.40466
0.706604
0.718089
0.737508
0.763682
0.743117
0.743058
0.778928
0.796789
0.779098
0.777132
0.806398
0.844451
0.666213
0.652472
0.679787
0.676768
0.677882
0.684467
38.0998
18.4078
1.05176
6.10486
0.924873
0.872936
1.59898
1.05753
1.27703
0.588282
0.593007
0.608063
0.58905
0.616198
0.708417
0.69999
0.649337
0.684201
0.642969
0.627927
0.635593
0.742951
0.794176
0.820648
0.864955
1.32843
1.07791
3.50546
25.3452
1.34527
0.744982
0.726769
0.75189
0.754512
0.772759
0.805369
0.763708
0.780529
0.807572
0.79782
0.833305
0.827071
0.816265
0.83419
0.867795
0.662792
0.697348
0.67034
0.705764
0.699448
0.698691
0.709107
42.2293
38.0537
0.183576
11.837
0.980563
0.951969
1.59658
1.19113
1.23234
0.593904
0.605664
0.619267
0.615732
0.634416
0.735104
0.720488
0.712941
0.672964
0.691923
0.661699
0.638778
0.658824
0.783021
0.832221
0.808475
0.931244
1.37099
1.03843
1.34078
0.198889
13.0406
42.7833
1.39736
0.779849
0.762832
0.753272
0.792057
0.779203
0.828754
0.867553
0.829917
0.850641
0.855652
0.839383
0.877837
0.858909
0.896916
0.907295
0.692315
0.712029
0.715932
0.69946
0.73921
0.73697
0.729582
0.733329
39.1491
3.09869
29.6066
1.09813
0.990892
1.58837
1.46355
0.962202
0.603635
0.612663
0.640562
0.636859
0.656869
0.783967
0.765039
0.748653
0.684254
0.730807
0.667889
0.662687
0.674718
0.807139
0.885751
0.851207
0.997103
1.18946
1.47442
0.477012
19.4121
43.9517
1.22463
0.818734
0.772673
0.797252
0.797069
0.828935
0.82623
0.872059
0.854331
0.905874
0.907976
0.871429
0.888243
0.91757
0.915742
0.922861
0.956834
0.765197
0.749941
0.726712
0.774874
0.75294
0.754063
50.7178
3.68931
36.2466
1.25085
1.10375
1.64816
1.55828
1.08794
0.527323
0.611825
0.630128
0.650634
0.660212
0.645395
0.676601
0.795456
0.792819
0.762153
0.78914
0.70271
0.750896
0.701202
0.68032
0.70412
0.851251
0.987142
0.896427
0.870384
1.16408
1.37451
1.7383
1.76322
37.808
11.5492
1.11871
0.901472
0.809034
0.850319
0.831486
0.878026
0.930446
0.930511
0.928321
0.947239
0.913727
0.958215
0.924443
0.942786
0.973802
0.946845
0.942396
0.966763
0.944871
1.05217
0.791611
0.766646
0.778613
0.753364
0.825768
0.798562
0.792302
52.2397
9.10993
52.2409
26.5466
1.25074
1.52766
1.17904
1.55749
0.488447
1.81601
0.628323
0.637514
0.6802
0.684477
0.666146
0.707228
0.841139
0.847527
0.814593
0.845984
0.732853
0.802807
0.723792
0.70782
0.72206
0.725738
0.888694
1.12494
0.948612
0.929593
1.30976
1.51024
1.56251
3.01194
40.207
25.6265
0.249514
0.959903
0.817025
0.863466
0.894802
0.934683
0.974081
0.945978
0.951614
0.958003
0.969572
0.981951
0.97583
0.988624
0.967274
0.966445
1.00361
1.08045
1.02503
0.983293
1.03473
1.00956
0.860243
0.813054
0.836861
0.793162
0.835049
0.874757
0.833475
0.827775
52.4853
5.63016
55.0629
38.7751
1.46462
1.68214
1.37876
1.45424
0.918274
0.643088
0.654068
0.689995
0.699307
0.707367
0.672295
0.697319
0.719402
0.726745
0.886363
0.885719
0.857128
0.833483
0.885794
0.769529
0.828726
0.76649
0.759255
0.768261
0.965125
1.30586
1.16378
1.07158
0.983621
1.46896
1.5933
1.4386
8.50744
24.2498
1.20718
0.997449
0.861732
0.919704
1.00936
0.995686
1.03895
0.980883
0.974483
0.994599
1.01385
1.03897
1.01131
1.01201
0.998432
1.03684
1.1032
1.21544
1.12029
1.05694
1.08567
1.13065
1.10809
0.887094
0.891346
0.835318
0.854946
0.909481
0.938869
0.900061
0.875375
53.6702
8.35254
53.7387
57.8491
33.9327
1.47729
1.66009
1.64257
1.50235
1.46449
0.753911
1.75554
0.661349
0.72216
0.739733
0.73213
0.698207
0.732545
0.758506
0.764909
0.960359
0.947289
0.913286
0.890921
0.959818
0.811077
0.881163
0.801081
0.786967
0.786003
0.799522
1.05719
1.47083
1.37527
1.18476
1.12903
1.63428
1.57692
1.25457
0.393315
11.0948
36.5512
4.06685
1.03181
0.920618
1.00992
1.04437
1.00887
1.0174
1.02342
1.02935
1.04456
1.10729
1.09203
1.1279
1.17095
1.07891
1.07647
1.10294
1.11636
1.17069
1.18085
1.23545
1.41487
1.36654
1.27734
1.2573
1.28823
1.26483
0.986649
0.966406
0.888075
0.923543
0.960314
1.00542
0.948148
0.925872
50.833
20.3254
60.0665
60.4611
48.2285
1.67662
1.72865
1.54688
1.30131
1.6884
0.707768
4.93536
0.682881
0.743719
0.78278
0.76695
0.703732
0.729938
0.775726
0.787762
0.785632
1.07155
1.00111
1.0142
0.98354
0.934627
0.914857
1.00827
0.862063
0.902707
0.851606
0.847088
0.847658
0.862607
1.24248
1.58111
1.4617
1.43358
1.35657
1.25524
1.57005
1.37899
1.14944
0.635089
25.8935
6.76346
1.08452
1.00599
1.09807
1.04672
1.0419
1.03567
1.0573
1.03196
1.11629
1.09978
1.22987
1.25682
1.30012
1.39547
1.37673
1.14771
1.293
1.38768
1.39418
1.42614
1.40095
1.41171
1.61078
1.41443
1.54401
1.47016
1.49644
1.47142
1.06218
1.06434
0.991575
0.943392
1.0613
1.11273
1.06018
1.01361
54.2408
22.2574
59.9468
62.2889
44.8896
1.67812
1.57045
1.39994
0.594428
1.68888
0.895407
1.79
13.3774
0.784671
0.821373
0.80066
0.798094
0.729975
0.770708
0.821016
0.847614
0.846394
1.23274
1.14956
1.17205
1.09401
1.02205
0.972082
1.13155
0.873427
0.95528
0.888815
0.883294
0.873885
0.880662
1.43187
1.57488
1.60798
1.56785
1.44794
1.39839
1.3269
1.17829
31.6116
14.0021
1.20478
1.09469
1.10898
1.11558
1.07908
1.09098
1.18988
1.14306
1.27408
1.21612
1.35471
1.51431
1.48852
1.5746
1.53934
1.38424
1.46284
1.44295
1.62532
1.52303
1.58292
1.68182
1.65227
1.77512
1.68211
1.71546
1.73135
1.19124
1.17933
1.0855
1.01344
1.1085
1.12971
1.19434
1.10961
1.0893
48.2101
34.0994
66.4951
65.0174
54.7517
1.47048
1.27326
0.978547
0.644648
1.36899
2.28297
4.71472
18.877
0.731615
0.821578
0.889013
0.888783
0.857693
0.773447
0.812504
0.89406
0.870295
0.875862
0.87983
1.4352
1.28574
1.25506
1.25616
1.25186
1.11673
1.10229
1.1016
1.02001
1.2631
0.926334
0.981581
0.940565
0.933305
0.932484
0.932682
1.52347
1.27671
1.59586
1.57286
1.572
1.53118
1.07491
0.325139
2.94539
25.7496
17.316
1.50832
1.16739
1.10788
1.09972
1.32982
1.26419
1.32925
1.35294
1.28233
1.35385
1.66531
1.72247
1.7078
1.80526
1.78956
1.62676
1.70563
1.70278
1.80231
1.69319
1.71917
1.62475
1.72648
1.65822
1.6792
1.75389
1.69469
1.85088
1.32018
1.18531
1.32399
1.11011
1.03189
1.19579
1.20407
1.26262
1.17666
1.15246
51.5304
32.7392
69.7936
64.4562
61.4143
51.8165
1.2459
1.18177
0.859001
0.629068
1.1018
4.91646
14.2703
0.876668
0.913907
0.915438
0.926205
0.894106
0.815732
0.879301
0.93795
0.921669
0.936022
0.93328
1.6148
1.54808
1.47488
1.46309
1.44272
1.26579
1.28954
1.29381
1.1319
1.47506
0.970146
1.08236
0.990727
0.970012
0.966314
0.965377
0.976944
1.5877
1.12108
1.03514
1.55934
1.47552
1.58553
0.693499
6.68708
2.53689
38.8044
36.1818
15.7033
1.81929
1.1572
1.10747
1.17851
1.12055
1.63531
1.59938
1.70795
1.68591
1.64268
1.73969
1.80718
1.79653
1.85273
1.82405
1.778
1.97061
1.8538
1.83516
1.90868
1.66763
1.67406
1.57447
1.17039
1.52876
1.61284
1.50024
1.53418
1.5693
1.62013
1.58066
1.36506
1.37637
1.3522
1.42436
1.21289
1.24845
1.27055
1.36472
1.23396
1.18218
41.2493
73.2704
69.4205
63.0423
62.8254
0.7819
0.647262
0.555172
3.56592
1.26403
0.747389
12.7672
19.2057
0.807988
0.973291
0.964368
0.999027
0.941166
0.87589
0.909415
1.01932
0.965366
0.963495
0.975682
1.58575
1.62443
1.5868
1.60323
1.56273
1.45939
1.6085
1.43892
1.43767
1.32048
1.24017
1.62617
1.10431
1.23218
1.11034
1.04653
1.04461
1.05103
1.08762
1.47678
1.51539
0.696675
1.17281
0.35017
1.37307
1.37962
1.58148
12.0294
5.86475
46.1184
29.919
1.85329
1.93295
1.16539
1.1751
1.50182
1.46826
1.71572
1.92156
1.88538
1.81161
1.94169
1.94896
1.96944
1.88287
1.73834
1.81165
1.81966
1.44221
1.53928
1.8548
1.90754
1.84891
1.72774
1.53058
1.41009
1.30554
0.74229
1.2212
1.49569
1.23146
1.38578
1.26904
1.37623
1.37576
1.32522
1.6035
1.51714
1.40758
1.50428
1.35231
1.21809
1.37245
1.4255
1.6704
1.29277
1.19877
40.6005
72.9144
76.0093
57.5755
64.0524
0.62022
0.77346
0.811827
8.64242
2.85244
0.731779
19.8377
31.2718
1.00751
1.04182
0.990266
1.05914
1.08212
0.936657
1.00636
1.07304
1.05619
1.07339
1.04229
1.08596
1.60368
1.54085
1.72755
1.65498
1.59979
1.6581
1.67232
1.73026
1.63953
1.677
1.52521
1.47639
1.63196
1.1868
1.53118
1.1922
1.13934
1.1445
1.19127
1.14625
1.16881
1.15978
1.21881
0.831248
0.716171
0.687918
0.834985
1.02788
21.3725
7.67725
40.7481
29.4592
2.00292
1.97845
1.28184
1.67834
1.78219
1.84928
1.83343
2.17232
2.25703
2.25737
2.07651
2.15367
2.11331
1.96172
1.65664
1.24751
1.59155
1.6936
1.71418
1.38318
1.18674
1.33744
1.61672
1.78293
1.65212
1.72674
1.48801
1.17261
1.09616
0.780131
0.716026
1.1422
1.07993
1.1617
1.09318
1.14851
1.01474
1.00754
1.05318
1.14195
1.90576
2.03388
1.59658
1.87896
1.92536
1.48138
1.34008
1.64749
1.60993
1.75542
2.03174
1.49921
1.34888
53.281
75.5952
79.4871
62.8268
76.0641
0.365066
1.97411
1.58437
17.9983
8.42568
4.44179
1.34748
32.6234
0.924585
1.11813
1.16579
1.10629
1.21739
1.26577
1.01294
1.05683
1.18665
1.20477
1.12479
1.1269
1.16293
1.1566
1.5001
1.29744
1.46163
1.60773
1.67658
1.61805
1.6785
1.6678
1.49081
1.7489
1.7029
1.68745
1.6117
1.56883
1.42791
1.60093
1.3999
1.40587
1.37527
1.43375
1.37313
1.42996
0.907327
0.924513
1.07606
0.955253
2.20385
0.570227
2.52996
0.539083
0.505958
26.6177
14.7031
4.51991
49.7266
39.9625
1.88968
1.57926
1.94777
2.07429
2.26021
2.33981
2.17293
2.196
2.09346
2.11326
2.03633
2.0896
1.85068
1.84198
1.29405
0.955682
1.06503
1.58211
1.3253
1.16025
1.28794
1.08449
1.46191
1.391
1.33672
1.31374
1.26048
0.596609
0.664448
0.372455
1.21781
0.908312
0.919348
1.01067
1.3673
1.17809
0.477409
0.21888
1.31462
1.17451
3.09306
2.76144
1.76853
3.02733
3.05951
1.45332
1.64544
2.47426
2.48172
2.62949
2.67683
2.20674
1.9187
54.9851
75.1789
83.3556
56.4636
76.6728
2.79961
2.39907
3.77479
27.3985
14.1662
11.1715
3.123
3.39259
40.0426
1.23026
1.20751
1.32221
1.22255
1.37415
1.33468
1.46953
1.10654
1.1721
1.49912
1.24709
1.26364
1.28382
1.30617
1.35571
1.17777
1.02241
1.50394
1.00007
1.4915
1.63255
1.70967
1.13975
1.64347
1.63607
1.73978
1.69471
1.343
1.56287
1.57694
1.73177
1.59252
1.5116
1.50879
1.49069
1.56802
1.59863
1.62724
0.494651
0.528429
0.618674
0.630065
0.744362
4.231
0.715508
0.455048
39.2967
24.5871
16.5474
10.3796
46.8366
1.66085
1.17754
2.23025
2.3921
2.48282
2.27994
2.38645
2.06655
1.51321
1.62231
1.63125
1.61168
1.67755
1.52558
1.54867
1.24163
1.57069
1.09222
1.19487
1.07842
1.17363
1.75529
1.23914
1.19519
1.24345
1.20432
1.15109
1.28681
0.904931
0.807026
0.88683
1.93247
1.54124
1.30038
1.09458
0.72501
2.61624
2.38045
1.46308
1.36967
0.96095
1.2266
2.12617
2.17459
2.96327
2.42533
2.79487
1.99544
2.72776
2.69956
1.62679
1.76245
2.71123
2.61801
2.66372
2.88525
2.31098
49.5238
64.8066
78.6958
90.7798
60.6018
93.4148
7.37985
8.02413
9.63667
27.3312
36.9232
21.6208
14.2654
8.45747
9.66773
1.43424
1.39039
1.48973
1.43127
1.65271
1.61137
1.73385
1.21228
1.12795
1.92303
1.41579
1.50648
1.42173
1.46013
1.48545
1.49106
0.86339
0.845108
1.17261
0.431723
1.03694
1.33536
1.6
0.837578
0.992571
1.36927
1.29726
1.59023
1.66447
0.966723
1.76879
1.73644
1.65419
1.68299
1.87067
1.76969
1.74045
1.72617
1.76332
1.59696
1.76885
1.81159
0.702178
0.676777
0.69455
0.641688
0.737462
0.488403
1.76027
8.72682
4.32959
1.50538
2.231
48.2271
33.4403
26.7474
12.832
55.0486
1.25793
1.29875
2.61914
2.4683
2.03965
2.06337
1.94143
1.40098
1.35444
1.21955
1.20873
1.27742
1.20168
1.15423
1.15736
1.0911
1.73623
2.73296
2.49587
2.33596
1.14655
1.72163
2.07233
3.20935
1.80298
1.56438
1.31546
1.35826
1.82732
2.83542
2.41955
1.76629
3.30638
4.84018
4.18605
3.11413
2.13147
7.88339
3.77216
4.26748
5.52963
4.59809
3.72451
3.31786
3.91216
0.813685
0.381539
0.944001
2.27297
2.8175
0.464119
0.492173
1.66562
1.98827
2.46414
2.22746
2.12847
1.75758
2.52628
54.5539
65.8583
67.1013
91.3956
94.3664
97.6616
12.0409
12.798
13.253
13.44
36.5051
45.5983
28
22.0988
12.0581
13.1646
1.61639
1.49636
1.71685
1.6256
1.71354
1.77253
1.7613
1.96392
1.33054
1.25817
1.89495
1.87296
1.92686
1.52471
1.78752
1.69925
1.75956
1.773
1.79345
0.630216
0.733111
0.554857
0.884987
0.470499
0.95741
1.27947
0.546315
0.802676
0.167495
1.05171
1.10661
0.920111
1.13001
1.28754
1.22601
0.511855
1.80919
1.3517
1.37122
1.79672
1.77949
1.76966
1.78427
1.80587
1.87654
1.84875
1.84362
1.82464
1.42575
1.70944
1.16917
2.18435
0.86563
1.29721
1.26273
4.31373
13.7064
10.3428
4.31391
4.22135
47.9523
55.5186
42.8185
29.9446
23.0427
1.07539
2.36056
1.60476
2.29532
2.18365
1.64293
1.57649
1.26681
1.26605
0.940122
1.19162
1.26669
1.09863
1.20666
1.09654
1.24982
1.2521
1.31115
1.20632
1.43171
2.45265
5.26135
5.49024
5.65514
4.61733
1.43784
3.73409
3.1543
6.62168
3.67608
3.16695
1.99201
1.95444
2.51067
3.6822
6.35135
6.16371
4.06346
4.93246
5.87053
6.3361
12.9965
5.94207
8.40244
4.69037
7.2951
13.9452
8.85706
7.27417
9.17849
9.30902
8.76991
7.44622
7.79137
0.382846
0.606159
0.480811
0.0974176
0.543614
2.69675
3.38062
1.32358
0.389191
2.17377
2.1327
2.50783
1.69322
1.5219
0.430185
51.8091
59.6087
72.4279
72.9237
90.5664
99.0455
119.288
83.8685
19.7981
19.394
19.3779
21.5382
44.2994
36.3965
27.9012
25.4565
19.6235
22.4858
1.82902
1.78074
1.84568
1.90473
1.87543
1.91143
1.8761
1.85121
1.36251
1.70081
1.65582
2.39744
1.65339
1.78763
1.83998
1.84872
1.95401
1.92025
1.96918
0.633979
0.951394
1.04889
0.139315
1.94857
0.62111
0.188222
0.869746
0.861029
0.701387
0.509772
0.280641
0.30423
0.147545
0.289364
1.08469
0.922196
0.212547
1.58931
1.08078
1.20554
1.55173
1.5809
1.45598
1.77895
1.7177
1.69341
1.81382
1.77029
1.45218
4.35814
3.15708
5.21545
2.08004
1.83903
4.24389
11.3828
21.8072
9.56681
8.49117
55.2943
61.4323
47.5576
38.2797
26.6856
2.95318
5.76144
3.30052
1.61924
1.16631
0.9752
0.900052
0.81616
1.28883
1.05398
1.28329
1.5416
1.49946
1.54642
1.74189
1.6922
1.98734
1.98264
2.16269
2.0452
2.5778
5.13087
8.78796
9.59917
9.44555
9.99344
4.50131
8.44861
6.64846
11.1803
7.50835
6.07839
3.96454
4.07333
4.7201
7.1659
21.1926
20.5131
11.6982
13.3346
12.0023
13.6719
21.4928
16.0134
18.553
12.2872
14.2642
15.4163
28.9328
13.7986
16.3632
16.3973
18.9119
17.2089
11.9997
12.2966
1.75816
2.26569
1.829
0.817912
1.0242
2.83694
2.95973
0.263182
7.38438
2.53635
2.0565
2.54699
1.16562
1.59766
0.77446
0.363049
0.0497717
57.818
61.4132
67.0467
69.2123
100.001
124.271
112.659
91.0287
22.1652
27.4972
23.6578
24.4513
28.6763
50.9938
43.19
36.913
32.9397
31.9201
2.00359
1.93762
2.05425
1.89276
1.87685
1.89084
1.60822
1.51834
1.52061
1.61341
1.47344
2.29731
1.44899
1.82631
1.63444
1.90576
1.78894
1.93152
1.88479
1.98022
1.81793
1.68969
1.97383
2.59394
3.62188
1.4395
0.413817
3.24921
2.46635
1.84942
0.552077
0.329064
0.714058
0.495803
0.510577
0.586741
0.184264
2.6895
1.19465
0.351005
0.611429
1.27804
1.23223
1.16526
1.13298
1.55614
1.59388
1.58164
1.45072
1.60606
1.25964
10.132
6.70977
9.89151
6.71767
5.2784
7.44962
16.0633
28.5481
14.5887
11.9271
13.4169
54.7689
60.2586
46.0797
39.8554
35.6296
5.1167
19.1242
0.869306
0.733488
1.28347
0.870926
0.940856
1.19739
1.66818
1.1948
3.13345
3.01321
3.36771
3.6381
3.46733
3.90718
4.00347
4.3748
4.68395
4.48596
4.98313
25.5434
26.928
26.2492
27.5861
8.14256
24.8295
10.8088
28.2939
19.8192
7.28602
7.63777
21.9199
48.6908
48.2787
16.4498
18.6552
20.3452
19.6117
31.5618
21.5894
17.7337
29.0038
21.1523
30.3777
38.4877
28.3469
22.8035
24.7699
23.3597
24.6505
26.0348
29.0625
29.8705
7.49352
6.71149
5.83622
9.86717
4.4607
5.01294
3.35952
3.30608
2.36282
26.6602
2.84383
0.63673
0.877482
0.186232
0.798803
0.94158
2.0268
58.8096
70.7835
78.3214
141.1
110.162
109.411
79.0013
31.591
34.8258
33.5529
32.9789
37.069
49.1282
55.6771
42.6968
37.942
35.605
39.2542
34.7538
2.02511
1.8099
1.71419
1.81092
1.67633
1.65932
1.45238
1.158
1.50003
1.29192
3.06968
0.59715
2.08276
1.84011
1.70069
1.82882
1.44623
1.83745
1.65862
1.53363
1.58093
3.39238
6.27362
6.04472
9.45669
6.15802
1.9025
8.74048
11.5654
6.33467
3.32005
3.02301
2.31567
1.13878
1.73859
1.78072
2.10755
0.859158
0.832622
0.519818
7.30582
0.668878
0.80768
0.496694
0.813271
0.83426
0.458997
0.413456
1.02294
1.02623
0.930573
0.995649
1.39732
0.808455
12.6524
13.5881
18.346
9.16164
9.83837
8.89699
13.1447
23.182
37.2311
29.9688
24.3302
21.9108
22.3595
59.7582
65.7434
51.7305
48.3718
18.4499
47.4032
0.516595
1.38334
2.05645
2.64391
1.31416
2.64185
2.56085
12.4191
11.8933
12.9787
14.0967
13.539
14.6844
15.2631
15.8775
17.1312
16.501
17.7744
50.7179
51.2315
50.9828
51.4666
24.1125
50.4353
28.8691
51.6845
47.849
22.6455
23.3641
49.0852
69.553
69.7512
27.1974
28.96
29.1861
30.5391
39.8549
31.4189
25.3194
37.2018
27.0529
36.145
53.297
34.9661
33.8867
34.2869
34.6886
33.8504
36.8382
52.2789
52.0885
23.8633
23.248
20.007
16.4281
24.9922
23.7242
15.7326
3.24747
3.02834
1.65641
34.1873
48.4467
42.9775
0.672448
0.0925195
2.20311
4.17881
3.15844
15.2607
64.3058
68.5387
74.748
121.889
149.504
110.536
84.7769
85.7306
41.8131
39.453
35.805
37.3207
43.0937
54.3198
59.0907
49.1133
44.9809
42.626
47.8979
45.0536
1.32758
1.71606
1.46837
1.26932
1.41459
1.36469
1.55623
1.29823
1.22042
1.01994
0.992042
1.10005
1.26046
2.75892
2.63722
2.39788
1.92305
1.2869
1.56721
1.01385
1.48335
0.930212
0.985534
1.09529
9.74061
12.043
13.6685
13.0417
15.0761
12.8687
3.34889
25.5126
11.0839
25.2472
11.284
6.98546
6.26612
4.38932
3.17015
4.80173
4.23104
4.14825
4.77961
3.27304
2.9263
1.52053
13.8618
0.392973
3.47939
0.97607
1.00184
0.371141
0.535509
0.661602
0.557157
0.745511
0.679863
0.851309
0.727461
0.690632
0.672835
0.717521
0.747898
0.852777
0.577891
20.4645
20.2068
16.6512
23.7558
18.9964
20.2497
18.2782
20.1668
27.6523
28.5969
42.855
39.7639
26.9675
26.2437
29.1195
64.6444
59.0971
54.868
52.4221
46.9371
70.1263
2.48547
3.9677
3.53737
7.3231
11.2326
11.0229
11.3833
41.55
40.9569
42.1345
43.2666
42.706
43.8188
44.3628
44.8999
45.9475
45.4294
46.4514
68.2941
67.8718
68.0823
67.6635
50.1303
68.5064
51.9006
67.4596
69.943
49.4564
49.8048
69.3488
81.3474
81.9111
34.7935
30.1713
35.1145
34.4285
38.0341
38.5049
49.1651
36.6986
33.7456
53.7233
34.4755
52.9452
66.4164
52.6023
40.8613
41.7006
39.5788
39.5877
44.1705
66.8884
67.0695
36.1941
38.245
50.8687
62.815
50.94
44.7646
3.39441
2.4679
4.52139
61.0198
115.063
98.4285
2.8349
2.04934
1.99401
7.14747
11.2533
8.1565
16.8703
39.1276
64.1551
76.1297
113.385
150.182
153.948
123.719
78.7709
43.0776
45.1108
46.6019
42.5164
42.782
48.2925
53.751
58.2498
49.4399
46.3644
46.0832
53.7251
49.1107
50.345
0.582129
0.716741
0.235404
0.687519
0.682287
0.730354
0.820748
0.287453
0.943332
0.862967
0.718937
0.431969
2.87507
1.0353
3.17877
10.7977
2.56101
2.19351
1.19785
0.986407
0.700814
1.12767
0.15964
0.698718
0.632101
19.7487
16.7143
21.1666
21.432
23.3972
20.1952
6.29215
34.0353
20.1142
33.4027
27.5825
10.6515
10.1686
9.22727
6.21262
8.94122
8.13351
8.40899
7.17168
7.2078
3.94591
3.29654
20.8408
0.920679
6.22038
2.98617
2.79297
1.02349
0.612716
2.19697
0.743531
1.52326
2.08083
1.94233
0.56333
0.537532
0.700671
0.886916
0.483857
0.600466
0.651234
0.817758
28.3791
28.9035
26.9154
33.4304
25.7661
24.9557
27.1221
23.8937
29.0655
34.8492
36.409
49.4981
45.3878
35.9368
34.3529
36.6004
69.6755
63.2925
56.0961
53.0114
70.2966
83.1136
9.30236
9.29762
10.8907
13.4469
39.0762
39.725
40.3476
70.8111
70.6964
70.8917
70.9473
70.9364
70.926
70.8758
70.8012
70.5872
70.7042
70.451
78.4675
77.6656
78.0576
77.2915
68.7183
78.895
67.261
76.935
82.4997
69.1404
68.9297
80.81
97.7578
98.1504
44.2124
39.6123
46.0095
44.4888
43.951
47.1452
55.9163
54.1064
39.9611
66.2721
66.5688
75.1909
66.728
55.3509
55.0455
55.5335
55.0399
53.583
75.9789
76.2777
79.5662
89.6712
72.5001
57.1926
89.948
73.4408
67.0865
72.6226
2.38621
3.50789
4.8327
29.6534
126.74
147.926
123.752
110.785
8.5532
8.8575
7.62394
12.1795
12.8384
15.207
41.1646
49.6345
67.2724
79.3717
125.298
89.6184
162.398
163.744
120.258
47.8089
46.9974
53.2258
47.5888
53.0074
58.254
61.7317
54.8018
52.0545
52.5563
59.5707
56.187
57.159
0.595618
0.260247
0.188429
0.556974
0.466304
0.580125
0.516965
0.243232
0.590755
0.278658
0.62877
2.45818
1.57997
2.75346
0.642603
13.4875
15.5501
1.61126
2.90019
27.3841
30.8953
3.09971
0.767817
0.56277
0.550503
0.774187
1.40959
0.678758
0.629438
26.179
31.0328
31.1386
25.75
25.5386
32.0105
31.3799
10.0367
51.0773
30.2967
51.4786
50.7049
28.5053
27.4737
26.1203
25.4169
24.7081
24.0226
23.2983
22.617
6.92623
30.2839
2.32566
21.1371
6.02412
5.99152
2.67081
2.96521
3.97248
1.49169
4.63094
4.7626
5.09489
0.791022
1.70602
1.20688
1.45958
1.10621
0.955469
1.36211
2.2808
37.0958
36.001
31.0535
38.2831
34.4229
36.5259
40.309
33.2956
35.5
40.3454
43.6081
52.9109
50.934
39.3587
40.9259
38.8499
45.3276
69.5268
66.627
60.315
58.418
83.7506
98.9688
13.771
13.3439
15.8839
38.3843
70.1439
70.3638
70.5458
90.9208
91.6075
90.2087
88.7348
89.4771
87.9877
87.2438
86.5093
85.0896
85.7902
84.409
95.5816
94.9009
95.2378
94.574
79.3414
95.9292
76.5972
94.2575
98.5553
80.2971
79.8081
97.3762
139.635
140.033
44.96
51.3942
50.4125
48.6462
49.5801
50.8183
55.7932
61.1747
55.4076
66.1402
54.624
74.9596
75.4376
92.6766
75.7011
65.6293
57.7885
65.7894
65.9033
57.4185
93.3907
93.6643
89.3537
99.8731
94.078
81.9067
107.896
103.117
86.296
98.5842
5.88923
4.56949
16.7129
68.7435
135.274
145.808
126.755
127.703
123.081
14.0163
33.1339
33.3709
35.7488
78.3137
87.3264
65.6136
71.7147
93.7839
99.162
83.9639
162.402
182.669
53.1749
52.5149
57.4333
52.7296
54.6172
57.0303
58.0133
61.4135
55.2493
56.7427
62.5338
59.5724
62.0031
0.926143
1.13979
1.50038
1.58608
1.22048
0.67188
0.890596
1.16889
1.78179
3.01709
7.50217
12.29
17.5859
10.1699
16.4022
14.3531
35.785
1.86615
2.60576
93.1465
106.189
3.02966
0.592557
0.638839
0.651385
1.05539
0.510808
4.60388
2.17185
1.06566
0.677407
34.7378
36.8978
38.3753
35.2573
34.1861
39.0106
35.3285
26.859
64.7921
37.6012
64.6952
52.0146
64.8889
50.4858
50.2581
49.7562
49.4858
49.2041
48.9076
48.5938
48.2614
21.8899
47.5376
20.4184
19.7046
5.41401
16.2254
16.8985
17.5708
18.2538
1.55581
3.36705
3.34336
3.0376
2.99575
3.04213
2.44971
3.79425
45.138
43.7285
41.5054
47.75
44.2627
42.9281
39.9781
46.302
45.0698
38.9669
44.4363
46.3744
48.6156
56.7836
55.3243
47.9438
49.6387
46.6628
50.151
48.0113
75.5922
68.3604
61.9565
60.774
58.8756
99.3921
140.779
35.5537
36.6093
37.5845
69.8845
93.4413
92.8749
92.2607
104.792
105.476
104.133
102.895
103.501
102.316
101.765
101.242
100.277
100.747
99.8266
137.083
136.17
136.626
135.724
96.2816
137.533
93.9546
135.287
140.418
97.0041
96.6397
139.236
258.349
259.309
53.2086
57.7936
57.8803
56.878
56.7768
59.8838
62.2921
65.147
63.8372
74.7415
66.0188
92.4704
92.8986
133.041
93.1365
74.0356
65.8371
74.1841
74.3518
66.0557
134.068
134.457
109.412
112.831
110.767
97.3871
117.171
107.753
123.509
27.1027
70.5627
186.761
158.599
95.3998
125.516
127.046
123.338
34.4511
68.0076
67.6012
71.8614
109.034
116.353
69.6805
74.1323
95.1357
98.0073
182.053
233.69
119.051
56.424
57.2734
61.9421
57.0229
58.5955
59.5386
60.94
64.2309
59.2659
59.8315
64.8685
63.1745
64.2943
66.0425
2.30667
2.21849
2.11207
2.88043
2.33612
2.17067
2.30049
6.38299
7.65482
4.64356
6.66775
20.1065
27.1751
36.2068
39.5402
45.29
52.4233
98.2189
13.9306
4.20993
1.13094
2.85442
118.715
105.569
141.606
0.821209
1.04276
1.14959
2.55124
1.14597
11.2601
9.05787
2.14797
1.09447
40.8894
53.3875
52.9497
38.9409
53.8321
52.4532
50.0098
74.902
74.6685
64.6062
75.1472
65.006
65.1315
65.3991
65.5383
65.6805
65.8252
65.9701
66.1156
47.9095
66.4032
47.1491
46.7425
18.9755
44.4575
15.5455
44.9485
45.4222
45.879
14.194
13.5422
12.9206
14.8557
12.3178
11.7037
50.9576
50.2806
47.2342
53.2576
48.6358
54.4875
51.9392
55.475
55.02
52.541
49.9506
47.2791
52.1691
53.9931
58.036
56.0405
52.3334
50.4229
51.9933
52.3875
56.1405
56.2948
78.4974
72.3714
65.9508
64.0349
62.2471
141.112
261.294
68.6794
69.1791
69.5776
93.9589
107.66
106.91
106.183
142.392
142.238
142.472
142.449
142.486
142.364
142.232
142.067
141.66
141.878
141.403
252.251
250.13
251.18
249.113
137.975
253.322
134.864
248.141
260.306
138.826
138.407
257.382
664.862
667.567
58.9665
61.1878
59.3135
59.7263
59.5857
66.1265
66.5334
68.323
64.8035
92.2768
74.5383
132.738
133.361
242.943
133.703
91.6959
73.9454
91.8093
91.9448
73.8654
245.358
246.261
116.236
121.396
124.042
117.483
123.991
130.836
144.664
43.8341
148.224
183.916
158.854
104.449
79.6577
103.768
123.115
124.034
68.0939
98.1518
96.4554
102.723
131.724
138.39
70.2237
78.4398
119.327
232.182
291.791
163.854
83.5277
60.2188
60.1701
63.6299
60.4295
60.3982
61.8939
63.3415
60.7103
67.504
64.482
60.4582
62.3782
64.9723
66.7805
66.3799
65.6957
68.8955
5.44883
4.43033
3.95791
5.8969
4.46757
5.62182
6.18422
12.1388
15.0572
13.0084
9.90944
37.8611
55.614
67.535
71.0002
69.0306
97.6838
138.834
109.99
45.9499
15.7356
2.42126
2.61667
132.692
120.799
134.263
2.34231
2.40696
11.0966
2.04824
35.9995
36.7695
8.89382
54.1749
64.3538
64.443
54.4365
64.2937
64.5194
65.2633
93.1708
92.943
74.4474
93.4125
75.4126
75.6975
76.3183
76.6532
77.0054
77.3745
77.7599
78.1631
66.2599
79.0243
66.5483
66.6943
46.3195
67.3625
43.95
67.2444
67.1164
66.9802
42.8927
42.3489
41.7948
43.4273
41.2301
40.6533
58.165
56.2945
55.229
60.1073
56.674
58.6353
56.8155
57.9833
58.5572
57.139
55.8905
56.1633
55.8059
60.5807
60.0709
58.1333
56.7519
55.9554
55.7031
58.4725
58.2341
60.0973
74.6513
67.1354
64.7537
62.8559
262.266
672.714
95.24
94.8632
94.4372
108.44
141.019
141.607
141.992
268.667
269.065
268.225
267.255
267.762
266.662
266.021
265.376
263.983
264.698
263.139
647.159
640.884
644.057
637.665
254.368
650.186
247.19
634.412
670.189
256.415
255.426
662.086
66.5229
66.1138
66.3886
66.2368
73.8073
74.1747
68.5239
132.452
92.0999
242.168
243.733
613.245
244.523
131.531
91.6161
131.728
131.944
91.5327
624.199
627.655
121.282
122.787
125.968
136.381
135.296
120.989
149.329
157.165
37.3047
108.168
158.713
208.435
114.723
73.2525
56.3426
80.3362
101.287
108.879
123.968
95.656
119.907
115.904
125.238
146.52
152.259
74.9129
77.1673
161.997
84.7498
289.77
348.45
241.201
100.802
80.4101
62.4868
62.959
66.625
62.6182
62.9489
63.1683
63.655
65.4746
63.5656
70.777
69.8828
63.4281
64.7576
66.7708
68.9913
68.7511
68.6157
68.3454
74.3628
11.4099
9.60796
9.38605
8.60023
9.39526
11.2627
35.1079
40.0757
30.3965
38.5525
39.526
70.5008
76.9686
69.1974
103.934
101.725
106.079
110.681
183.218
157.868
56.2333
26.1002
5.4706
128.237
132.809
121.567
127.716
119.463
9.89397
10.4825
40.0623
9.32489
67.2779
67.4531
37.4859
64.1212
73.8738
74.0509
64.1957
73.7129
74.2414
75.9994
134.522
134.174
92.7282
134.892
93.6733
93.9505
94.5419
94.8539
95.1765
95.5056
95.8383
96.1756
78.5836
96.8643
79.4887
79.9768
66.8388
82.7769
67.4702
82.1722
81.5887
81.0274
67.6505
67.7221
67.7791
67.5662
67.8186
67.8371
59.9234
61.3413
61.4058
59.6403
61.8871
62.5342
64.6814
64.5446
64.9319
65.2894
64.3131
58.8738
58.7084
61.2146
61.456
60.0325
59.1416
59.5996
58.889
61.5459
61.7263
62.7269
70.6201
68.4507
64.8923
675.205
111.474
110.266
109.286
140.186
270.757
270.126
269.521
705.726
711.256
701.065
693.677
697.102
690.63
687.811
685.222
680.291
682.773
677.699
653.2
631.109
659.175
656.231
73.5952
73.7522
73.7369
73.7348
91.4566
73.9284
91.4883
241.426
132.19
609.359
616.972
620.63
238.572
131.376
239.269
239.928
131.238
124.538
125.582
136.863
151.851
150.704
160.36
194.983
150.167
246.737
204.521
124.849
51.4614
44.5857
55.6719
67.454
86.081
102.923
116.43
113.124
136.178
132.378
140.605
195.558
194.698
74.3876
239.544
100.186
82.583
346.648
374.09
359.627
141.025
97.051
71.5997
78.3661
64.6701
64.603
68.9702
64.698
64.5791
67.2783
66.6956
69.3614
65.0056
72.1855
65.4054
68.2184
75.8698
76.4141
76.8917
75.0738
91.5528
32.9452
31.6445
30.4122
29.9455
32.5766
34.066
67.0514
48.1845
50.8036
75.9142
64.1003
80.0829
99.2381
95.1249
111.517
105.033
118.473
118.758
128.862
180.617
135.588
52.4321
10.0681
116.115
109.448
123.813
124.883
64.8683
38.8217
39.4512
67.8352
38.1665
91.9783
91.4167
67.5872
73.4451
92.1798
92.3469
73.5661
92.0301
92.5297
94.2397
246.618
245.784
133.844
247.487
135.285
135.698
136.568
137.02
137.484
137.95
138.41
138.86
96.5168
139.726
97.2209
97.5877
80.4902
99.5861
83.4041
99.1639
98.7543
98.3555
84.7198
85.4049
86.1012
84.0518
86.8044
87.5063
62.8443
63.0856
65.2044
65.2612
64.8579
64.5892
73.2795
73.3214
73.2685
73.2921
65.4987
73.3799
60.6353
63.7701
63.8431
62.5955
62.0268
61.0597
61.4779
62.8355
62.8748
63.3063
64.9763
69.9578
67.8117
134.973
137.255
138.98
271.441
736.753
726.401
718.047
91.2959
91.3238
91.3481
91.3895
131.09
91.4576
130.7
605.511
240.65
589.302
237.999
593.476
597.502
237.473
127.999
128.963
139.673
154.854
166.576
162.712
195.5
771.514
243.07
239.791
141.175
65.7487
53.1084
44.2314
43.5415
43.702
49.5614
69.8879
90.0423
103.428
117.609
132.654
201.628
232.497
197.932
805.638
788.455
139.711
357.244
97.0367
80.5403
373.408
484.157
245.22
132.745
94.8913
77.9465
67.8362
67.3973
77.3478
67.5143
67.8576
69.6173
69.5406
71.6948
69.0442
68.8385
71.0077
69.8591
91.973
92.206
92.4258
91.7441
130.709
66.2963
65.7668
65.2861
65.6831
69.5255
66.7333
92.5156
84.637
69.0656
107.891
107.096
117.668
114.24
116.908
115.213
119.921
119.584
60.3916
185.007
161.092
130.98
51.2683
109.804
65.7063
122.795
115.094
43.6368
57.1236
67.7604
67.8097
88.2034
67.6864
107.99
107.244
90.822
91.7958
132.965
133.234
91.9012
132.709
133.528
136.125
622.337
618.611
244.934
625.981
248.426
249.392
251.379
252.431
253.526
254.644
255.766
256.856
139.298
258.988
140.146
140.554
97.9654
142.316
100.025
142.032
141.704
141.344
100.973
101.488
102.033
100.486
102.604
103.202
65.3119
65.3201
66.7091
73.2699
66.6443
66.8283
91.616
91.6725
91.5778
91.5524
73.3033
91.731
63.0357
65.2963
64.6106
65.0917
63.8179
63.8208
63.5125
62.952
62.9851
65.7071
65.5482
65.653
67.5172
70.0938
266.281
271.104
271.956
749.826
130.719
130.612
130.818
130.956
236.754
130.658
233.907
601.533
585.117
580.998
121.822
138.441
160.409
172.046
197.499
196.763
756.568
202.575
87.7992
150.999
59.3169
47.5779
40.7377
39.4252
42.0049
55.6039
68.7868
91.2705
104.704
112.845
254.412
832.585
835.921
821.227
131.735
243.214
482.639
94.9564
80.0882
544.521
213.768
132.434
94.6725
77.5762
70.5465
70.0163
92.6561
77.775
78.1489
78.4952
71.1731
79.4147
79.1224
130.736
130.772
130.829
130.724
233.492
93.4644
93.9576
94.8046
96.5615
101.29
93.0147
108.806
115.584
96.3969
130.949
129.406
134.049
123.898
126.049
121.053
120.789
120.33
61.7272
92.8978
234.78
196.402
80.3459
61.2717
121.059
114.173
44.5076
54.0576
89.5532
88.8872
103.825
90.1973
140.4
141.362
106.525
132.28
242.515
243.313
132.484
241.748
244.095
250.376
614.827
629.512
633.045
639.755
643.043
646.282
649.451
652.548
655.631
257.95
661.708
260.02
261.054
140.957
266.089
142.562
265.179
264.164
263.129
142.934
143.075
143.177
142.764
143.229
143.226
67.5835
73.5838
91.5285
73.8175
74.1331
131.887
132.01
131.777
131.677
91.534
132.129
63.9221
68.1356
67.3534
67.9578
66.6449
66.6736
66.2812
64.2562
67.748
67.5764
67.5393
74.583
804.573
783.852
765.585
234.797
234.132
235.359
236.107
576.693
233.958
551.513
129.87
161.101
178.629
200.701
740.098
746.609
188.772
63.8874
82.2905
59.2169
49.3438
42.9242
37.5456
37.176
45.3572
62.4532
62.1458
77.8077
99.1023
123.251
824.855
131.47
212.033
542.753
94.7556
79.7078
477.253
225.841
132.851
94.3853
77.2284
70.1779
78.8022
130.891
92.8941
93.1529
93.4137
94.2132
93.9594
232.526
232.12
231.719
233.011
547.088
110.945
112.58
115.336
119.311
124.589
109.76
139.052
137.227
122.848
145.666
147.633
151.333
137.959
141.519
129.614
123.122
50.9442
69.9507
102.424
228.665
268.831
165.64
60.8049
79.6039
57.4629
117.002
122.412
97.072
45.2625
43.2446
47.0594
105.139
104.471
143.168
105.824
273.861
273.308
142.045
240.32
603.028
607.031
241.048
598.975
610.904
636.427
658.719
664.665
667.492
262.078
680.593
266.965
678.05
675.509
672.93
268.403
269.05
269.681
267.706
270.253
270.727
74.3386
91.6294
131.507
91.7432
91.8754
238.656
239.294
238.046
237.393
131.586
239.759
67.0194
69.2732
68.9582
68.4603
68.4678
68.656
66.8139
75.5074
75.1551
74.8562
92.1369
564.16
560.029
568.296
572.484
555.801
152.118
182.722
204.967
754.631
103.464
63.6929
81.2115
54.2599
46.5959
42.3893
37.8487
39.5575
52.7102
42.1441
70.24
58.3544
69.5617
86.7231
102.216
146.002
119.297
131.919
224.191
475.498
94.4775
480.954
229.314
132.938
94.1339
76.9052
93.6778
231.355
130.994
131.144
131.325
131.922
131.755
538.273
534.085
529.717
542.651
134.73
132.268
131.888
135.649
139.915
137.174
274.188
151.375
142.816
195.169
161.506
165.598
155.602
158.627
143.285
127.98
126.138
51.0065
63.1459
73.3801
137.495
271.458
67.4344
80.7868
62.877
117.913
125.357
104.291
40.3255
44.0201
38.2839
49.0325
142.823
143.036
271.151
142.509
754.872
741.62
272.766
590.752
594.933
670.252
683.236
688.286
690.953
693.865
685.772
697.023
700.587
92.0025
131.48
236.153
131.476
131.457
578.01
582.397
573.7
569.373
236.793
586.553
68.83
76.0738
75.7977
76.3568
92.7042
92.4938
92.3036
131.5
177.126
211.04
796.135
63.456
70.5021
57.1955
48.8305
40.536
38.3156
39.1267
56.802
45.8698
77.2688
66.3858
78.3149
88.4273
171.413
143.787
114.065
132.037
227.736
479.093
490.035
231.139
132.813
93.8847
76.6298
131.534
525.584
230.998
230.76
230.629
230.271
230.439
267.86
255.444
232.802
201.228
197.445
273.086
770.777
194.605
156.771
808.396
196.868
198.16
169.147
170.018
161.14
135.851
57.4582
45.8725
71.2973
139.436
207.6
74.9261
76.6286
87.3999
56.5951
119.402
134.991
108.11
38.1217
41.5124
43.2009
39.5314
49.7103
271.861
271.536
704.722
272.239
731.022
131.461
235.676
560.842
235.311
234.835
565.111
93.1383
92.9117
93.3787
131.731
131.645
131.562
233.903
217.282
837.353
66.7768
55.822
52.8298
47.6683
43.7113
41.7202
38.4755
43.7983
53.138
65.1285
84.4646
82.7255
75.8145
221.793
168.361
142.405
110.063
229.598
488.134
496.926
231.802
132.638
93.6327
230.521
521.294
517.167
512.991
500.333
504.773
809.695
829.643
840.077
835.909
824.075
789.082
791.422
195.567
756.284
739.098
197.525
197.957
172.14
157.1
58.8843
48.1602
65.1344
77.6277
88.3158
78.2078
83.0789
100.822
90.5946
66.5142
117.887
153.093
129.685
37.7533
40.502
47.0962
40.7145
59.7553
715.356
709.591
722.402
234.355
556.558
552.316
548.006
132.002
131.851
132.187
232.784
233.111
233.505
539.424
865.096
65.3278
59.5752
55.6608
52.644
44.7404
44.425
42.5073
49.572
61.6959
75.5213
108.792
84.5761
880.858
225.997
166.614
141.082
495.034
502.197
231.956
132.409
508.908
773.922
719.878
713.94
201.35
175.852
55.9134
52.7489
46.7281
66.1575
73.6111
83.5262
87.6666
120.137
113.603
68.1125
174.188
149.531
39.1842
39.1842
43.529
53.6508
48.108
65.1298
543.693
232.231
232.468
232.092
527.069
531.097
535.349
62.8987
59.0363
55.4621
54.307
50.1527
44.3085
49.0674
47.0296
48.6393
59.4234
63.8826
73.3365
140.188
108.541
890.762
230.044
165.514
506.601
232.01
730.047
201.31
62.3367
55.4585
50.4204
70.0361
88.2838
110.953
144.872
142.185
80.1436
201.799
170.189
42.7504
41.9121
45.019
53.1763
61.4879
52.5261
77.03
518.809
522.863
514.705
53.6952
52.4375
49.2193
52.0141
51.7921
52.6602
55.9583
67.5035
76.8028
83.7577
164.967
139.659
108.923
897.88
233.889
510.686
772.383
64.0443
54.1743
60.3275
50.8374
110.682
140.923
165.958
163.15
812.461
205.234
49.214
43.7187
44.4274
49.3037
61.3322
66.7895
61.3154
85.3408
58.9766
56.5486
52.8296
57.1649
56.9283
57.6375
64.6306
80.6972
69.5999
85.294
238.145
165.195
138.761
109.914
902.416
62.5972
57.3042
55.2738
140.921
110.632
161.734
208.935
213.402
846.718
54.5269
50.0507
49.403
52.4751
65.7492
77.6171
68.7281
58.6283
61.0178
60.877
59.9717
60.699
65.0745
70.8726
91.5767
84.8359
242.061
904.396
164.049
137.03
111.262
57.7699
161.366
141.34
111.322
218.429
871.132
888.551
55.2366
66.4952
51.8517
52.1304
52.8686
56.631
78.1979
85.5881
82.3934
72.4413
68.9013
61.9023
64.8577
65.6456
70.8209
80.3568
86.4539
903.835
252.931
162.547
134.486
112.377
224.216
161.882
141.599
112.826
900.925
63.2029
70.8219
60.469
57.6718
57.5798
60.2194
87.0635
93.5326
87.0117
77.4913
68.845
69.735
72.8136
81.9686
86.7825
96.8438
900.698
272.595
163.887
132.108
112.317
909.457
229.8
161.709
140.765
114.799
69.3812
84.213
61.461
66.8062
60.1755
60.6385
60.7975
96.491
79.3818
87.0531
72.3125
75.9464
76.6771
77.0374
86.7494
86.3785
95.4146
892.791
302.322
175.305
140.272
98.869
137.489
914.779
240.483
160.495
138.431
116.458
82.9263
94.4405
88.0062
67.9974
74.6271
66.3872
66.6999
92.422
101.388
83.5528
85.9885
93.4302
92.9033
878.717
351.526
220.499
197.712
98.6094
107.731
216.278
917.186
260.609
160.921
134.731
114.537
87.9626
101.634
97.5247
69.5303
74.1663
84.9418
71.9633
96.1196
106.389
116.083
90.69
102.907
855.926
433.193
319.232
290.561
118.287
164.887
277.022
914.781
291.627
169.776
137.52
130.386
95.1153
98.6607
77.0289
82.7248
94.8363
128.146
153.57
155.399
114.292
817.958
516.78
391.905
315.771
181.756
236.623
286.814
906.292
344.28
211.339
188.16
206.167
105.86
97.1494
84.1051
82.3872
92.9499
84.8543
112.619
154.92
132.22
186.213
190.243
126.472
748.259
499.407
347.498
345.26
239.037
250.414
889.468
433.977
316.932
293.906
169.035
109.018
119.886
93.7887
108.541
101.295
139.803
176.993
159.454
201.289
143.982
568.165
372.207
394.006
249.035
200.576
857.906
537.88
415.995
135.049
146.958
102.554
110.651
129.842
188.616
167.915
156.257
213.161
392.839
421.747
179.827
797.21
542.833
112.954
128.48
142.039
135.467
362.204
606.707
128.768
)
;

boundaryField
{
    flap
    {
        type            omegaWallFunction;
        value           uniform 0.600601;
    }
    freestream
    {
        type            fixedValue;
        value           uniform 0.600601;
    }
    main
    {
        type            omegaWallFunction;
        value           nonuniform List<scalar> 0();
    }
    BaseAndTop
    {
        type            empty;
    }
    procBoundary1to0
    {
        type            processor;
        value           nonuniform List<scalar> 
150
(
0.678588
0.656408
0.634699
0.678588
0.800509
0.756507
0.625031
0.88144
0.601183
1.00458
0.595254
1.51837
0.583827
0.576397
0.694416
0.652289
0.694416
0.652289
0.599958
0.636704
0.584456
0.571931
0.842042
0.805936
0.585133
0.571276
1.10058
0.587172
0.577469
0.570072
1.59275
0.571021
0.565729
0.565729
0.567262
0.566262
0.567262
0.567808
0.564563
0.566792
0.565364
0.566789
0.560406
0.567476
0.560662
0.569899
0.561246
0.569257
0.560637
0.569535
0.561342
0.560727
0.569501
0.56177
0.569468
0.563355
0.570945
0.563355
0.564842
0.575045
0.564842
0.581348
0.569416
0.587524
0.573827
0.602449
0.578371
0.627957
0.592953
0.672198
0.605925
0.73035
0.806639
0.646362
0.903655
0.694547
0.694547
0.96165
0.758439
1.12298
0.758439
1.12298
0.853363
0.853363
1.3692
0.981507
1.51966
1.0667
1.82853
1.30977
1.82853
2.22945
1.56924
2.78336
1.76882
2.30786
3.20393
6.83024
3.02852
17.6208
2.71028
86.1547
86.1547
21.8642
5.04524
252.004
21.8642
91.8802
91.8802
229.609
227.533
101.032
293.791
72.7407
208.571
104.225
68.9096
76.4517
66.0754
62.3771
59.8628
59.1514
70.7015
69.0519
63.7135
62.0384
60.3147
60.3147
66.912
61.6649
62.7784
65.7099
62.5301
64.3223
70.3302
65.4467
77.5452
79.4496
65.4467
72.1843
72.1843
80.0909
92.535
80.0909
118.712
93.0055
97.4889
143.118
114.536
131.234
)
;
    }
}


// ************************************************************************* //
