/*--------------------------------*- C++ -*----------------------------------*\
| =========                 |                                                 |
| \\      /  F ield         | OpenFOAM: The Open Source CFD Toolbox           |
|  \\    /   O peration     | Version:  v2012                                 |
|   \\  /    A nd           | Website:  www.openfoam.com                      |
|    \\/     M anipulation  |                                                 |
\*---------------------------------------------------------------------------*/
FoamFile
{
    version     2.0;
    format      ascii;
    class       volScalarField;
    location    "0";
    object      p;
}
// * * * * * * * * * * * * * * * * * * * * * * * * * * * * * * * * * * * * * //

dimensions      [0 2 -2 0 0 0 0];


internalField   nonuniform List<scalar> 
6319
(
-1.37502e-05
3.12769e-05
8.21181e-06
-2.14825e-06
-1.96539e-06
3.32378e-05
2.4072e-06
1.23248e-05
-1.91612e-06
-4.85056e-05
2.52913e-06
9.31483e-06
1.26241e-06
1.98294e-06
1.84827e-05
6.38851e-06
-2.95331e-06
-2.29701e-05
1.01237e-05
-9.64554e-07
1.65194e-06
1.07095e-06
2.26863e-05
2.84442e-05
9.10944e-06
-4.80841e-06
7.44897e-06
1.74492e-06
2.5302e-07
-3.81777e-06
3.16005e-05
2.61448e-05
1.09858e-07
1.18492e-07
-5.59717e-06
1.02806e-05
-3.61094e-07
-2.88942e-07
4.73715e-07
-7.8355e-06
8.18476e-06
4.01864e-05
-1.94129e-05
2.52126e-05
1.05297e-05
3.27405e-06
3.86324e-06
7.45676e-07
-1.44598e-06
-1.32464e-06
-3.29213e-05
-2.93e-06
-1.01169e-05
0.000136857
8.35894e-05
3.4089e-05
1.10062e-05
5.24865e-06
2.20532e-05
2.19308e-06
-9.70427e-07
-2.33896e-06
-1.26673e-06
1.11457e-06
3.07358e-05
1.39008e-06
3.76643e-06
-3.80389e-05
-1.05537e-05
1.66569e-05
-1.21762e-05
0.000156238
5.9792e-08
3.59132e-05
-2.25469e-06
-3.19537e-06
-3.82049e-06
-1.74248e-06
-1.95818e-06
7.01422e-06
4.45664e-10
-6.34639e-06
3.78639e-06
-5.33875e-05
6.38821e-05
9.69811e-05
-0.000122967
7.45261e-07
1.60966e-05
-4.62665e-06
-5.99602e-06
-3.61471e-06
-6.25922e-06
9.74033e-07
-3.26765e-06
-8.74974e-07
6.19337e-07
1.3518e-05
4.75339e-05
0.000144331
-4.37606e-05
-2.56126e-05
7.40221e-06
-1.33063e-06
2.07186e-05
-7.67915e-06
-3.70658e-06
-7.39231e-06
-3.24562e-06
3.41869e-06
2.2583e-07
4.37563e-07
1.30187e-05
1.86154e-05
2.71184e-05
3.52979e-05
1.28549e-05
1.23904e-05
1.72893e-05
-6.84734e-06
2.5277e-05
-1.05717e-05
-6.84024e-06
-1.05759e-05
1.17495e-06
5.15608e-07
-1.41517e-07
3.13629e-07
2.23262e-07
1.70971e-05
1.2806e-05
8.77809e-05
-5.09018e-05
0.000255648
4.19009e-05
7.90622e-06
-1.11418e-05
5.42921e-05
-1.50318e-05
-6.5366e-06
-1.41763e-05
-1.17591e-05
-4.96716e-06
1.17157e-06
-1.34063e-06
-1.02253e-06
-6.7689e-07
9.3293e-06
1.25609e-05
0.000115421
6.24788e-05
0.000137515
8.76758e-05
2.75958e-05
-5.13907e-06
1.47046e-05
-2.11285e-05
3.3866e-05
-2.38606e-05
-9.44785e-06
-1.79244e-05
-1.61515e-05
-3.98331e-06
-1.74439e-06
-1.59892e-06
1.28501e-06
-1.83408e-06
2.57742e-06
1.13165e-05
2.34361e-05
2.91789e-05
5.00055e-05
-0.000119442
8.43993e-05
0.000304972
-1.9248e-05
-2.3381e-07
-3.20069e-05
4.71102e-05
-2.80882e-05
-9.79425e-06
-2.46379e-05
-1.90477e-05
9.11743e-07
-7.19725e-06
-3.26537e-06
-3.61721e-06
-2.27424e-06
-2.71495e-06
-3.48325e-06
6.12693e-06
1.41652e-05
-8.05603e-05
5.34473e-05
0.000111964
-0.000125391
5.91498e-05
0.000126882
-1.79835e-05
-3.29839e-05
1.78992e-06
-4.48966e-05
4.03667e-05
-3.61441e-05
-1.1994e-05
-2.53399e-05
-1.65432e-05
-3.21376e-06
-6.37982e-06
-7.57624e-06
-5.62879e-06
-1.32315e-06
-4.88946e-06
-7.75016e-06
1.44338e-05
6.342e-05
8.10645e-05
2.71002e-05
9.82353e-05
0.000186918
8.74335e-05
0.000336062
-3.57064e-05
-4.34751e-05
-2.89323e-05
1.98137e-05
-6.21203e-05
-4.48319e-05
7.8921e-05
-3.64903e-05
-1.05961e-05
-2.94182e-05
-1.78832e-05
1.84854e-06
-1.0596e-05
-1.25289e-05
-3.89684e-06
5.15234e-07
-8.05418e-06
-1.7042e-05
-1.66606e-05
-2.20393e-06
2.96683e-05
6.61686e-05
3.71273e-05
0.000220814
0.000313559
-0.000177974
0.000128695
0.00031359
-4.47031e-05
-5.80817e-05
-5.75293e-05
6.00052e-06
-6.82909e-05
-5.9338e-05
9.16807e-05
-4.11101e-05
-9.34135e-06
-2.5732e-05
-1.47727e-05
-6.12271e-06
-1.61709e-05
-1.83152e-05
-3.70009e-06
-2.73225e-06
-8.60982e-06
-3.18537e-05
-2.73195e-05
-1.32295e-06
8.65241e-05
7.95058e-05
1.95315e-05
0.00018078
4.13534e-05
0.000154215
0.000165588
0.000107909
-7.60336e-05
-8.03743e-05
-7.73875e-05
-3.82704e-05
5.46211e-05
-8.67197e-05
-6.39224e-05
0.000115703
-5.27682e-05
-3.83139e-05
-2.90005e-05
-1.42656e-05
-5.65968e-06
-1.68772e-05
-2.90007e-05
-6.43118e-06
2.66543e-07
-1.28041e-05
-3.73357e-05
-4.75385e-05
-2.17881e-05
0.000118696
4.9224e-05
2.40619e-05
0.000132483
0.000186043
-0.000211695
0.000267406
-9.4937e-05
-9.48794e-05
-0.000114883
-2.84176e-05
1.58514e-05
-9.55786e-05
-8.75818e-05
0.000144238
-5.96233e-05
-3.82868e-05
-2.42191e-05
-1.06086e-05
-1.73906e-05
7.15486e-07
-1.86428e-05
-3.28743e-05
-6.06818e-06
-3.73492e-06
-1.25057e-05
-5.13378e-05
-6.79274e-05
-4.5587e-05
-1.95265e-05
0.000190539
9.82826e-05
7.95212e-06
0.000195213
0.00029866
0.000148727
0.000237203
-0.000125741
-0.000127482
-0.000140179
-6.81862e-05
3.37301e-05
-0.000112111
-8.16754e-05
0.000196496
0.000133779
-4.9149e-05
-3.31325e-05
-2.57353e-05
-9.27555e-06
-1.51192e-05
-4.24901e-06
-2.66007e-05
-1.90259e-05
-4.18705e-05
-8.82648e-06
8.90124e-08
-7.08009e-05
-5.27489e-05
-9.81283e-05
-6.27677e-05
-5.13113e-05
0.000197835
0.000110277
8.00634e-06
0.000391906
0.000289226
0.000175812
0.000257804
-0.000139047
-0.000136185
-0.000191101
-0.000121458
-7.96835e-05
-2.37008e-05
8.91061e-05
-0.000121971
-7.5808e-05
0.000331965
0.000166322
-6.29502e-05
-3.28692e-05
-2.03685e-05
-1.02281e-05
-1.46083e-05
1.85079e-06
-3.16563e-05
-1.8112e-05
-4.07281e-05
-8.31593e-06
-4.78683e-06
-8.70605e-05
-6.49806e-05
-0.000111036
-0.000103125
-8.97301e-05
-6.07681e-05
0.000136039
0.000267871
7.20201e-05
-3.27239e-05
0.000249157
0.000271096
0.0002906
0.00031512
-0.000165471
-0.000165354
-0.000222004
-0.000215002
-0.0001834
-0.000134895
1.71005e-05
0.00013231
-0.000113377
-0.000155701
-8.79824e-05
0.000247338
0.000397232
-5.4695e-05
-2.44645e-05
-4.00445e-05
-1.55889e-05
-9.16902e-06
-1.06912e-05
-4.29228e-06
-2.7426e-05
-2.02752e-05
-1.17397e-05
-4.75866e-05
-4.08123e-06
-8.11518e-05
-6.19369e-05
-0.000143406
-0.000121361
-0.000115815
-9.76586e-05
0.000182225
0.000252523
2.3729e-05
-2.90172e-05
0.000300145
0.000311635
0.000333535
-0.000205656
-0.000173354
-0.000287052
-0.000271955
-0.000182386
-0.000127959
-5.70752e-05
8.68791e-05
-0.000128462
-0.000179833
-8.28196e-05
0.000344336
0.000157963
-5.40904e-05
-1.60617e-05
-2.22421e-05
-3.08061e-05
-1.27422e-05
-7.98954e-06
3.68692e-06
-2.8901e-05
-1.77701e-05
-1.00605e-05
-4.45192e-05
-8.46428e-07
-9.77514e-05
-6.23307e-05
-0.000147359
-0.000165646
-0.000121438
-0.000156998
-0.000134307
0.000161354
0.000316021
2.06985e-05
-6.36511e-05
0.000602589
0.000464484
0.000567519
-0.000234174
-0.000217577
-0.000313616
-0.000309353
-0.000300198
-0.000257734
-0.000235234
-3.59761e-05
0.000120272
-0.000162882
-0.000123143
-0.000210636
-6.61303e-05
-0.000102588
0.00026806
0.00034767
0.000325106
-1.36116e-05
-1.53741e-05
-2.89686e-05
-8.77362e-06
-3.43581e-06
-3.4849e-05
-2.39525e-05
-1.19966e-05
-1.82574e-05
-5.47858e-05
-4.95421e-06
-9.43022e-05
-7.45478e-05
-0.000193392
-0.00020964
-0.000132584
-0.000178268
-0.000121851
-0.00019
8.08492e-05
0.000246766
0.000338254
-3.59038e-05
0.000641082
8.58262e-05
-0.000281076
-0.000380189
-0.000372792
-0.000387358
-0.000300906
-0.000303204
5.96325e-05
-0.000223331
0.000254043
-0.000163929
-0.000140082
-0.00023201
0.000549482
0.000491115
0.000478545
-7.92777e-06
-3.55737e-06
-4.64156e-06
6.61484e-06
-3.32967e-05
-2.21013e-05
-9.82526e-06
-1.18564e-05
-4.90956e-05
1.24387e-07
-0.000100818
-7.32609e-05
-0.000226802
-0.000242142
-0.000162909
-0.000119822
-0.000223543
-0.000212352
-0.000228621
3.77396e-05
0.000209156
0.000490157
-0.000100518
0.00065345
0.000646129
0.000560913
-0.000318395
-0.000455014
-0.000371201
-0.000446822
-0.000441855
-0.00041651
-0.000402663
0.000126195
-0.000255942
0.0002486
-0.000200133
-0.000287187
0.000978217
0.000622928
0.000391165
0.000663194
9.07541e-07
-2.17733e-06
-2.07632e-06
-3.93994e-05
-2.59003e-05
-1.65508e-05
-7.4962e-06
-5.75616e-05
-4.07032e-06
-8.94303e-05
-0.000286039
-0.000305118
-0.000163247
-0.000140144
-0.000230776
-0.00020067
-0.000272415
-5.74247e-05
0.000104262
0.000305837
0.000408554
0.00110658
0.000565337
0.000719085
-0.000539382
-0.000438505
-0.00049236
-0.000525915
-0.000527255
8.40647e-05
-0.000400014
-7.84314e-05
-0.000301712
0.00078095
0.000776681
0.000400552
0.00022775
9.59614e-06
3.36821e-06
-3.20308e-05
-2.22991e-05
-1.56299e-05
-5.60581e-05
-2.08236e-07
-8.50026e-05
-0.000327737
-0.000315014
-0.000195835
-0.000133612
-0.000279644
-0.000225458
-0.000351904
-0.000172952
7.04374e-05
0.000308802
0.000598106
0.00116149
0.000500903
-0.000610985
-0.000438836
-0.00057788
-0.000649205
-0.000662078
-0.000534047
0.000219471
-0.000337271
-0.000143162
-0.000367165
0.00121218
0.000820652
0.000529189
0.000954568
-2.36805e-05
-3.12833e-05
-1.66465e-05
-1.19287e-05
-6.91205e-05
-4.32411e-05
-9.76327e-06
-0.000103316
-0.000367954
-0.00037793
-0.000184341
-0.000156711
-0.000272408
-0.000313745
-0.000408546
-0.000189318
0.000190196
-5.697e-05
0.000465476
0.000621674
0.000886217
0.00159865
-0.000735399
-0.000539201
-0.000598852
-0.000771622
-0.000920517
-0.000790156
0.000267707
-0.000452379
5.9175e-05
0.00123595
0.000962904
0.00115419
0.000710584
0.000412368
-1.72381e-05
-2.37019e-05
-1.21593e-05
-8.73684e-06
-6.01359e-05
-3.58688e-05
-5.1184e-07
-0.000105589
-0.000429001
-0.000444086
-0.00039335
-0.000222254
-0.00013314
-0.000327779
-0.000390732
-0.000373727
-0.000509009
-0.000307154
5.2824e-05
-6.78895e-05
0.000508836
0.000849981
0.000757202
0.00119261
0.00138096
-0.000885219
-0.000737831
-0.000930711
-0.000969641
-0.000894883
-0.000322529
-0.000702956
-1.63202e-05
0.00129039
0.00119226
0.00135026
0.00079826
0.000594332
-1.10446e-05
-1.21578e-05
-1.42273e-05
-2.71749e-05
8.17276e-07
4.31733e-06
-0.000507101
-0.000522742
-0.000477713
-0.000523846
-0.000497944
-0.00057378
-0.000215639
5.44718e-05
0.000725379
0.000309201
0.000921477
0.00116591
0.00145381
-0.000880715
-0.000949047
-0.00121493
-0.00118682
-0.000395427
-0.000934541
0.000151448
0.00129465
0.00159881
0.00111245
0.00153057
0.000727296
-9.20799e-06
-9.91932e-06
-1.40949e-06
-0.000601987
-0.000597897
-0.000470526
-0.00056104
-0.000565032
-0.000722488
-0.000298804
-9.56362e-05
0.000744934
0.000328614
0.00116563
0.002181
0.00052322
-0.000986994
-0.00111681
-0.00143644
-0.00134311
-0.00114887
-0.000771216
-0.000167353
0.000512261
0.0016696
0.000933117
0.00174177
-7.32549e-06
8.05066e-06
-0.000729792
-0.000693501
-0.000551172
-0.000721975
-0.00044782
-0.000747552
-0.00081556
-0.000272587
0.000156453
0.00114225
0.000501378
0.00135979
0.00188806
0.00211509
-0.00113653
-0.00138005
-0.00183763
-0.00157256
-0.00146277
-0.000903036
6.87304e-06
0.00042304
0.00242584
0.0011153
0.00156967
0.00230334
4.92577e-06
-0.000774694
-0.000712542
-0.000665864
-0.000838557
-0.000682574
-0.000849574
-0.00102533
-0.000337579
-8.40612e-05
0.000983343
0.000614574
0.00171586
0.0023639
0.00191585
-0.00134713
-0.00146304
-0.00193135
-0.00190541
-0.00172645
-0.00132144
-0.00063078
-0.000192471
0.000791015
0.00287254
0.0011462
0.00181196
0.00222504
0.00283328
1.22216e-05
-0.000925322
-0.000881168
-0.00108455
-0.000774931
-0.00109175
-0.00104675
-0.000579804
-0.000331792
0.00123903
0.000605224
0.00186526
0.00218853
0.00182795
-0.00173301
-0.00234957
-0.00221129
-0.00220644
-0.0017227
-0.00163462
-0.000719365
0.000124015
0.000618477
0.00290621
0.00153046
0.00275751
0.00297196
-0.000987164
-0.00113687
-0.0010613
-0.00125251
-0.000555651
-0.00024711
0.000904275
0.00165643
0.000273165
0.00232946
0.0032451
0.00316245
-0.00225566
-0.00267636
-0.00255841
-0.00241115
-0.0022994
-0.00224052
-0.00129788
-0.000327389
0.000925676
0.00417162
0.00183415
0.00244486
0.00326382
-0.00123276
-0.00131486
-0.0011478
-0.00137653
-0.00141909
-0.000961579
-0.00022653
0.000903638
0.00177868
1.27461e-05
0.00263706
0.00305876
0.00376658
-0.00322857
-0.00306129
-0.0029571
-0.00260189
-0.00146075
-0.000198819
0.00153907
0.00047996
0.00385957
0.00281372
0.00365377
-0.00168246
-0.00156689
-0.00162676
-0.00174753
-0.00108255
-0.000610295
0.00040328
0.00131899
0.00240044
0.00283948
0.00311879
0.00336112
-0.00303617
-0.00373076
-0.00375507
-0.00367466
-0.00227581
-0.00355077
-0.000988795
0.00209247
0.000850354
0.0048648
0.00272479
0.00352755
0.00454301
-0.00180292
-0.00206921
-0.00176786
-0.00172459
-0.00200562
-0.00153904
-0.000947724
8.24038e-05
0.00151525
0.00285548
0.00341147
0.00387492
0.00536761
-0.00434531
-0.00396927
-0.00282969
-0.00416163
-0.000934833
0.00168647
4.73078e-05
0.00541861
0.00412507
0.00358636
0.00412069
0.00471242
-0.00214717
-0.00219203
-0.00217392
-0.00241357
-0.00137913
-0.000611744
0.000524296
0.00241295
0.00125627
0.00336669
0.00547352
-0.00508923
-0.00461518
-0.00230731
-0.00384721
-0.00493894
-0.00139087
0.00183122
3.98216e-05
0.00481595
0.00640324
0.00358996
0.00571723
-0.0024347
-0.00232298
-0.00258106
-0.00283143
-0.00187409
-0.00103403
7.03688e-05
0.00261624
0.00192648
0.00400705
0.00381734
-0.00525191
-0.0052435
-0.00302099
-0.00449805
-0.00585942
-0.000984036
0.00098779
0.00264389
0.00648608
0.00549211
0.00488477
0.00442019
0.00610465
-0.00289302
-0.00296513
-0.00303814
-0.0030671
-0.00218925
-0.000705873
-0.00176231
0.000635042
0.00350473
0.00158586
0.00513645
0.0058252
-0.00629987
-0.00645163
-0.00417732
-0.00232729
-0.00549003
-0.00734236
-0.000588836
0.000456894
0.00286272
0.00663471
0.0101233
0.00735463
0.00373046
0.00556262
0.00729408
-0.00347535
-0.00328728
-0.00350635
-0.00381696
-0.00297863
-0.00114705
-0.00240325
0.000531797
0.00372587
0.00215576
0.00576112
0.0068998
-0.00709582
-0.00738676
-0.00482059
-0.00385776
-0.00135178
-0.00696851
-0.00794843
0.00144093
0.00834877
0.00952002
0.00664396
0.00887248
0.00447006
0.00568866
0.0080374
-0.00395815
-0.00403967
-0.00408113
-0.00419917
-0.00297781
-0.000427336
-0.00203171
0.00124656
0.00317663
0.00513119
0.00683072
0.00799822
-0.00826559
-0.00867066
-0.00616629
-0.00471005
-0.000774278
-0.0071307
-0.00879875
0.000756343
0.00941566
0.00763038
0.010372
0.00807489
0.00453142
0.00696382
0.00964806
-0.00477151
-0.00451764
-0.00489226
-0.00503778
-0.00391152
-0.00112316
-0.00267438
0.00170045
0.00390827
0.0049883
0.0075837
0.00932602
-0.00996628
-0.00620906
-0.00367679
-0.00165683
-0.00900529
-0.00984285
0.00194148
0.0102981
0.00921122
0.0100847
0.0100426
0.00620343
0.00366421
0.00736908
0.0101536
-0.00551695
-0.00583496
-0.0058691
-0.00449105
-0.000648923
-0.00227572
-0.00379249
0.000748501
0.00303377
0.00571996
0.00707498
0.0090909
0.0098644
-0.0114106
-0.00667728
-0.00607502
-0.00135572
-0.00995359
-0.0120333
0.000295871
0.0116534
0.00877831
0.0118759
0.00887008
0.0058387
0.00429031
0.00905349
0.011985
-0.00641092
-0.00636551
-0.00671734
-0.00565925
-0.00185107
-0.00361402
-0.00432221
0.00166333
0.00357134
0.00490807
0.00878006
0.0102138
0.0116206
-0.0126057
-0.00871066
-0.00648141
-0.00242727
-0.0121187
-0.01293
0.00167931
0.0125031
0.0080589
0.01134
0.00715107
0.00358348
0.0101355
0.0135108
0.0115487
-0.00689992
-0.00764447
-0.00815638
-0.00550559
-0.00334404
-0.000876228
0.000771976
0.00312318
0.00586509
0.00998417
0.00796634
0.0120834
0.0119343
-0.014536
-0.0113528
-0.00846273
-0.00444843
-0.000708121
-0.012861
-0.0156096
0.00145564
0.0160983
0.0154198
0.0171302
0.00683166
0.00927097
0.00473337
0.0151796
0.0129999
-0.0086945
-0.00852934
-0.00807264
-0.0094344
-0.00659002
-0.00472653
-0.00273391
0.00174844
0.0048171
0.00631335
0.0109415
0.00713906
0.0131079
0.0128988
-0.0160912
-0.010921
-0.00794664
-0.0052145
-0.00356812
-0.0156855
-0.0169579
0.0021087
0.0193669
0.0169098
0.0183918
0.015738
0.00858791
0.00997485
0.00379163
0.0150547
0.0130555
-0.0106036
-0.00971906
-0.0112073
-0.00637757
-0.00474636
-0.00308085
0.000740199
0.00395027
0.0103508
0.0126381
0.00825854
0.014854
0.0147436
-0.0178346
-0.0126326
-0.0097598
-0.00378575
-0.0172086
-0.0192591
0.00283152
0.0161569
0.0183657
0.0123446
0.0173183
0.00653503
0.0113126
0.00481392
0.0172287
0.0147867
-0.0110835
-0.0118993
-0.00981335
-0.00799081
-0.00607188
-0.00141945
-0.00542219
0.00196071
0.00509353
0.012219
0.014574
0.00878284
0.0155022
0.0203335
-0.0195848
-0.0153424
-0.0122529
-0.0079738
-0.00566887
-0.000633347
-0.0204597
-0.0222907
0.00249259
0.0209265
0.0192324
0.0200598
0.00735633
0.0120111
0.0193688
0.0169207
0.0142258
-0.0132664
-0.0136784
-0.0110282
-0.00735737
-0.00131825
-0.00580638
0.00410237
0.000357765
0.00757061
0.012603
0.0144868
0.0108817
0.0172348
0.0187261
-0.0225109
-0.0194615
-0.0139701
-0.0119315
-0.00510585
-0.00186767
-0.0220064
-0.0228565
-0.0238401
0.00437352
0.0246376
0.0216117
0.01941
0.0101703
0.00713139
0.011754
0.0212706
0.0175832
0.01634
-0.0142486
-0.0144697
-0.0152045
-0.00971572
-0.0135164
-0.0155626
-0.00415711
-0.00874747
0.00549577
0.00174003
0.00745853
0.0147094
0.0157347
0.0124301
0.0179001
0.02249
-0.019572
-0.0168561
-0.0148707
-0.00720405
-1.86876e-05
-0.025
-0.0262636
-0.0270886
0.00314716
0.0203724
0.0242619
0.0224103
0.0108245
0.00889135
0.0139917
0.0217261
0.0197595
0.0161857
-0.0164309
-0.0166519
-0.018395
-0.0108396
-0.0139323
-0.00511627
-0.0109384
0.00434594
0.000724369
0.0096946
0.0143572
0.0173044
0.0119682
0.0201242
0.0206498
-0.0219951
-0.0175791
-0.0141778
-0.0108025
-0.0050287
0.000196401
-0.0270426
-0.0249273
-0.0289045
-0.029419
0.00537841
0.0265407
0.0240788
0.0251393
0.0130606
0.00983557
0.0242322
0.0201566
0.0182588
-0.0191933
-0.0190966
-0.0194946
-0.0149496
-0.00230429
-0.00710001
-0.00957052
-0.0143989
0.00612887
0.00255535
0.00904704
0.0169404
0.0196724
0.0137368
0.0212226
0.0189836
-0.0212868
-0.0167675
-0.0117314
-0.00167176
-0.00848849
0.00307669
-0.0324912
-0.0292168
-0.0324485
-0.0325549
0.00837286
0.02287
0.0241524
0.0277055
0.0262757
0.0149567
0.0128324
0.0246085
0.0223841
0.0172988
-0.0200891
-0.0203164
-0.0176699
-0.00388031
-0.00645192
-0.0126188
-0.0150438
0.00550584
0.00148066
0.0113742
0.0164743
0.0195716
0.0137145
0.0232497
0.0250404
-0.023301
-0.0206974
-0.0161985
-0.00114964
-0.00783418
0.00442684
-0.0350511
-0.0338489
-0.0302281
-0.0342034
0.00925416
0.0246594
0.0343052
0.0260613
0.0289756
0.0137579
0.0275166
0.0240232
0.0191118
-0.0243749
-0.0232589
-0.0247204
-0.0208213
-0.00193279
-0.00851554
-0.0118085
-0.0169857
0.00834868
0.00348207
0.0111679
0.0180704
0.0221456
0.0161638
0.023849
0.0284737
-0.0272753
-0.026073
-0.0178629
-0.00167128
0.00236756
-0.00442496
-0.0105975
0.00752439
-0.0391289
-0.0369842
-0.035673
-0.0376868
0.0120848
0.0255628
0.031571
0.0305282
0.0293432
0.0171504
0.0267944
0.0227359
0.0193791
-0.0254914
-0.0259048
-0.0280335
-0.0197799
-0.0244022
-0.00245707
-0.0083253
-0.0148582
-0.0175289
0.00689496
0.00331334
0.0140107
0.0208614
0.0228673
0.0169628
0.0268711
0.0290934
-0.0290372
-0.0269136
-0.0143385
-0.0213179
0.000802611
0.00367163
-0.00484404
-0.0100795
0.00894385
-0.0423274
-0.0402861
-0.0410095
-0.0369463
0.0139775
0.0329002
0.0376491
0.0318088
0.0320042
0.016535
0.0289694
0.024461
0.0221858
-0.0285765
-0.0289326
-0.0303857
-0.023487
-0.0256305
0.000201197
-0.00537129
-0.0119317
-0.0151261
-0.0205809
0.00857361
0.00597967
0.0135799
0.0217932
0.0257893
0.0196031
0.0311465
0.027865
0.035785
-0.0332073
-0.0333306
-0.0245809
-0.0176982
-0.0213274
0.00193557
0.0067358
-0.00102277
-0.00686698
-0.0123707
0.0121966
-0.0468087
-0.0451029
-0.0447183
-0.0398861
0.027475
0.0368241
0.0341876
0.0341994
0.0188563
0.0275161
0.0324361
0.0219112
-0.0317915
-0.0315934
-0.0307931
-0.0340244
-0.0233679
-0.0289287
7.0129e-05
-0.00564563
-0.0125994
-0.0178878
-0.0200988
0.0113641
0.00619243
0.0165802
0.0247904
0.0266864
0.0210732
0.0326016
0.0313645
0.0308225
-0.0352333
-0.0351592
-0.0268031
-0.0163308
-0.0249152
0.00482293
0.00759614
-0.00206235
-0.00565675
-0.011046
0.0137599
-0.0499974
-0.0506717
-0.0497092
-0.0488107
-0.0447451
-0.0426858
-0.0392746
0.0363504
0.037633
0.036381
0.0365126
0.0198889
0.0291029
0.0339643
0.024805
-0.0353573
-0.0367212
-0.0350104
-0.0251153
-0.0310192
0.00333177
-0.00305731
-0.00921126
-0.0172765
-0.0239645
0.0123607
0.00948716
0.0149226
0.0197632
0.0265477
0.0305844
0.0247806
0.0352286
0.0325093
0.0377992
-0.0307676
-0.0384111
-0.0178653
-0.0247863
0.00564302
0.0112308
0.00016406
-0.00743296
-0.0112769
0.0174963
-0.0545842
-0.0541608
-0.0519667
-0.0502519
-0.0452008
-0.0430195
0.0320163
0.0386773
0.0394917
0.0226272
0.0325068
0.0281711
0.0372152
-0.0373911
-0.0380425
-0.0368389
-0.0287524
-0.0353371
0.00481795
-0.00232181
-0.0109068
-0.0185363
-0.0265271
0.008414
0.0166552
0.0214311
0.0295149
0.0271862
0.0342831
0.0351165
0.0474533
-0.0343443
-0.0418318
-0.0395279
-0.0152633
-0.0214783
-0.0287595
0.00353885
0.00930191
0.0122048
-0.00279115
-0.00612618
-0.00905609
0.0178166
-0.0573132
-0.0580675
-0.0562822
-0.0518745
-0.0487654
-0.0442276
0.0417305
0.0402132
0.0399286
0.0459288
0.0243402
0.035149
0.0303886
0.0389366
-0.0404613
-0.0406847
-0.0408838
-0.0425293
-0.032349
-0.036041
0.00191633
-0.00487357
-0.0152851
-0.00896693
-0.0212787
-0.0312561
-0.0247388
0.0109162
0.0152574
0.0201762
0.0253748
0.0315996
0.0304694
0.0384178
0.0434048
0.0361303
-0.0328364
-0.0469278
-0.040572
-0.0165499
-0.0231983
-0.0303843
0.00473847
0.0105723
0.0154444
-0.00184604
-0.00686073
0.0219376
-0.0606123
-0.0621044
-0.0582525
-0.0561634
-0.0507703
-0.0489991
0.0465595
0.0399493
0.043237
0.0435633
0.0284812
0.0246598
0.0379941
0.0339507
0.0424406
-0.0443492
-0.0438211
-0.0442899
-0.046616
-0.0396404
0.00342265
-0.00323262
-0.0182221
-0.0102982
-0.0222941
-0.0328182
-0.030139
0.0097692
0.0181716
0.0228152
0.0258485
0.0348737
0.032937
0.0423713
0.039009
0.0398641
-0.0375101
-0.050368
-0.0476765
-0.0433167
-0.0206089
-0.0140786
-0.0273255
-0.0335255
0.0083645
0.00211287
0.0144098
0.0167185
-0.00313236
-0.00973834
0.0203404
-0.0624605
-0.064629
-0.0654577
-0.0616979
-0.0575724
-0.0547375
-0.0515244
0.0531048
0.0470588
0.0455649
0.0467616
0.0304237
0.0273788
0.0404084
0.0356819
0.0428816
-0.0479302
-0.0483043
-0.0437322
-0.0487321
-0.0402937
0.007167
0.000597966
-0.00736109
-0.0167832
-0.0136477
-0.024227
-0.0365309
-0.030608
0.0133474
0.0218939
0.0170087
0.0286258
0.0372718
0.0321558
0.0364058
0.043229
0.0464411
0.0398144
0.0401142
-0.0368093
-0.0548823
-0.0461769
-0.051636
-0.0459975
-0.0226392
-0.0163858
-0.0285387
-0.0328882
0.00951016
0.00311855
0.0156424
-0.00145991
-0.0102808
0.0221255
-0.0668099
-0.0646252
-0.0677088
-0.068227
-0.0641886
-0.0601797
-0.0565838
-0.0551276
0.0545717
0.0476956
0.0526022
0.0338587
0.0274328
0.0409897
0.0390248
0.0451805
-0.0513196
-0.0515296
-0.0483087
-0.0530664
-0.0446327
0.00842255
0.00148334
-0.00746747
-0.0217929
-0.0151258
-0.0276788
-0.0379909
-0.0350876
0.0120296
0.0251844
0.0189459
0.0300557
0.0348977
0.0391477
0.0452202
0.0399254
0.0576811
0.0431867
-0.0401299
-0.0569021
-0.0549901
-0.0480042
-0.0530592
-0.0447105
-0.0202006
-0.0263351
-0.0145532
-0.0350735
0.00688612
0.0129169
0.0194767
-0.000991666
-0.00810617
0.0254262
-0.0676698
-0.0705952
-0.0718606
-0.0678874
-0.0630186
-0.0605241
0.0450888
0.0490746
0.0471057
0.0362376
0.0315232
0.0444807
0.0410901
0.0464696
0.0483976
-0.0552162
-0.0551805
-0.0532727
-0.0482339
-0.0560477
-0.0455635
0.00577756
-4.57804e-05
-0.0118263
-0.00373756
-0.024719
-0.0188345
-0.028515
-0.0420363
-0.037224
0.0142431
0.0288044
0.0230704
0.0179183
0.0336185
0.0381702
0.0431158
0.0483573
0.0534578
0.0496703
0.044768
-0.0406129
-0.0596695
-0.0589044
-0.0505647
-0.0564849
-0.0476798
-0.0226823
-0.0264276
-0.0161716
-0.0384202
-0.0341382
0.00767586
0.0144164
0.0211355
-0.0024221
0.00430749
-0.0109964
-0.00471207
0.0270859
-0.0702364
-0.0729309
-0.0718347
-0.0741125
-0.0694915
-0.0662596
-0.0626995
0.0520077
0.0537339
0.0473643
0.0549094
0.0353495
0.0396611
0.0303803
0.044254
0.0491086
0.0505752
-0.0584648
-0.0580147
-0.056312
-0.0521532
-0.0601318
-0.0481957
0.00689588
0.00226786
-0.0123874
-0.00498776
-0.0233457
-0.019471
-0.0310837
-0.0437256
-0.0415854
-0.0352733
0.0136432
0.0309233
0.0242752
0.0208225
0.0363636
0.0398944
0.0445889
0.0488814
0.049966
0.0590353
0.0474499
-0.0438731
-0.0619408
-0.0609362
-0.0597489
-0.0521683
-0.0574538
-0.050876
-0.0465809
-0.0206892
-0.0283387
-0.0145337
-0.0403572
-0.0381595
-0.0313686
0.0115615
0.0184684
0.025082
-0.000271157
0.00511884
-0.00950357
-0.00664391
-0.0736942
-0.076514
-0.0748296
-0.0768932
-0.0685073
-0.0714555
-0.066415
-0.0648336
0.0465742
0.052863
0.0574975
0.0561878
0.037318
0.0416856
0.032935
0.0472265
0.0509496
-0.0616308
-0.0620678
-0.0557862
-0.0599478
-0.0530559
-0.0628614
-0.0616295
-0.0511941
-0.0478939
0.010382
0.00105168
-0.00895359
-0.0161692
-0.00267836
-0.0270577
-0.0229887
-0.030668
-0.0439134
-0.0384246
0.0169312
0.0350426
0.0307125
0.0277326
0.0208355
0.0393313
0.0431303
0.0479139
0.0535715
0.0524674
0.0503149
-0.045061
-0.0654249
-0.0646482
-0.0617691
-0.0556263
-0.0609212
-0.0524569
-0.0499345
-0.0223356
-0.0276191
-0.0159783
-0.0430653
-0.0387825
-0.0340885
0.0125213
0.0191975
0.0263578
-0.00144865
0.00321393
0.00913978
-0.0103691
-0.00454872
-0.073721
-0.0759086
-0.0784124
-0.076996
-0.0705191
-0.0733068
-0.0700269
-0.0668085
0.0594449
0.0543181
0.0585535
0.0521811
0.0585774
0.0364985
0.040771
0.0423477
0.0461141
0.0326904
0.0502085
0.0543836
-0.0642332
-0.0581999
-0.0629199
-0.0569932
-0.066506
-0.0658645
-0.0542889
-0.0496967
0.0102964
0.00402537
-0.0106481
-0.0172111
-0.00255599
-0.0268444
-0.0238731
-0.0339633
-0.0479761
-0.0421949
-0.0375445
0.0172952
0.0376284
0.0338831
0.0272547
0.023786
0.0416915
0.0442485
0.0503677
0.0504256
0.0548986
0.0529244
0.0558664
-0.0478181
-0.0664353
-0.0664425
-0.0638754
-0.057959
-0.062364
-0.0547637
-0.0500401
-0.0247119
-0.0200047
-0.0303862
-0.0175784
-0.0135113
-0.0436501
-0.0368243
-0.0419718
-0.0331157
0.0153449
0.0176933
0.0235198
0.0299366
0.000847069
0.00543481
0.00944695
-0.0087556
-0.00602649
-0.0754767
-0.0785366
-0.0811908
-0.0803876
-0.0727591
-0.0749294
-0.0711455
-0.0693791
0.057737
0.0595456
0.0639445
0.0645301
0.0632922
0.0391073
0.0420571
0.0457439
0.0481148
0.0359208
0.052446
0.0563944
-0.0671779
-0.0611956
-0.0655345
-0.0587001
-0.0683961
-0.0679734
-0.0683735
-0.0532654
-0.0576059
0.0140506
0.00761395
0.000886062
-0.0081183
-0.0149382
-0.0212837
-0.00465741
-0.0287955
-0.0275277
-0.034093
-0.0499496
-0.0447197
-0.0395134
0.021032
0.0422626
0.0372912
0.0334742
0.0303378
0.0239691
0.0439301
0.0481193
0.0529555
0.0544425
0.0568175
0.055521
-0.0487773
-0.069582
-0.0695314
-0.0653867
-0.0661053
-0.0608657
-0.0573802
-0.0649447
-0.0552744
-0.0528339
-0.0254388
-0.0231646
-0.0299221
-0.0174983
-0.014844
-0.0467186
-0.0383306
-0.0429953
-0.0337712
0.0160609
0.020575
0.0244988
0.0301789
0.00403693
-0.00138491
0.0129692
-0.0103852
-0.00467084
-0.0772327
-0.0788241
-0.0812443
-0.0822719
-0.0743285
-0.0756013
-0.0728387
-0.0705502
0.062497
0.0584156
0.0639633
0.0595855
0.0638083
0.0390819
0.04465
0.0463877
0.0521619
0.0363455
0.0541145
0.0559661
0.0602568
-0.0629418
-0.0671686
-0.0678512
-0.0616783
-0.072175
-0.0720013
-0.0716066
-0.0559082
-0.0601825
0.0145354
0.00794013
0.00243187
-0.0103152
-0.0163934
-0.0234073
-0.00437745
-0.0316286
-0.0285259
-0.038075
-0.0529521
-0.0483484
-0.0431432
0.0220822
0.0437048
0.0405364
0.0365359
0.0299205
0.0271714
0.0467281
0.0538907
0.0574573
0.0590805
-0.0510541
-0.0708406
-0.0712295
-0.069178
-0.0688493
-0.0638258
-0.0596977
-0.0659329
-0.0569173
-0.0529971
-0.0275392
-0.0227263
-0.0325576
-0.0195569
-0.0133479
-0.0486291
-0.0361838
-0.0408845
-0.0451228
0.0189683
0.027486
0.0335106
0.00567438
-0.00107132
0.0123914
-0.00827858
-0.00554615
-0.0782796
-0.0818505
-0.0845872
-0.0855544
-0.0745966
-0.0751901
-0.0764274
-0.0741936
-0.0732849
0.06614
0.0631997
0.0657184
0.0677617
0.0650668
0.0425345
0.0462675
0.049789
0.052677
0.0395458
0.0572225
0.0588721
0.0624061
-0.0726437
-0.0654637
-0.0693063
-0.0709523
-0.0639862
-0.0737968
-0.0736131
-0.0739611
-0.059409
-0.0558116
-0.0633693
0.0185373
0.0117702
0.00542483
-0.00064458
-0.00907415
-0.0136274
-0.0184829
-0.0215232
-0.0268027
-0.00615335
-0.0340626
-0.0321172
-0.0388307
-0.054832
-0.0501508
-0.0452266
0.0252838
0.0469043
0.039656
0.0363214
0.033185
0.0278204
0.0487412
0.0528473
0.0579688
0.0595276
0.0631202
-0.0511317
-0.0733416
-0.0730934
-0.0702131
-0.0700516
-0.0642635
-0.062348
-0.059158
-0.068433
-0.0561239
-0.027063
-0.0249982
-0.0326843
-0.0188803
-0.013485
-0.0476597
-0.0385445
-0.0410352
-0.0455858
0.0206689
0.0275138
0.0336294
0.00423413
0.00911077
0.00169713
-0.00429613
0.0151589
-0.0109432
-0.0787066
-0.0850535
-0.0814044
-0.0865818
-0.0872248
-0.0768566
-0.076617
-0.0767102
-0.0765258
-0.0751232
0.0604518
0.0621471
0.0620718
0.069409
0.0663467
0.0667895
0.042381
0.0457892
0.0493403
0.0557894
0.0394284
0.0586184
0.0614494
-0.0673154
-0.07118
-0.0695588
-0.073377
-0.0666633
-0.0773906
-0.0758108
-0.0764897
-0.0621735
-0.05858
-0.0657459
0.018049
0.0126142
0.00584825
-0.00136527
-0.0108476
-0.0153367
-0.0182904
-0.0239219
-0.0283105
-0.0047543
-0.0370284
-0.0348984
-0.0414344
-0.0582356
-0.0532062
-0.0487529
-0.0440878
0.0268121
0.0492977
0.0476658
0.0422021
0.0394075
0.030996
0.055545
0.062004
0.0579906
0.066281
0.063116
0.0626781
-0.0526552
-0.0752137
-0.075453
-0.075069
-0.0732925
-0.0721464
-0.0670314
-0.0646805
-0.0612702
-0.0687681
-0.0569986
-0.0296817
-0.0245881
-0.0341682
-0.0214166
-0.0158029
-0.0503989
-0.0382361
-0.0433126
-0.0477553
0.0249019
0.0199531
0.0307809
0.0367272
0.00554754
0.00891871
-0.00100889
-0.00403603
0.0134171
0.0181705
-0.0105936
-0.0795745
-0.0776438
-0.0870738
-0.0860117
-0.0900792
-0.0780015
-0.0765389
-0.0763918
-0.0781979
-0.0767891
0.0673922
0.0675275
0.0694638
0.0695093
0.0705053
0.0452132
0.0483186
0.0521427
0.0584436
0.0551067
0.042753
0.062753
0.0633011
-0.0783217
-0.0728606
-0.0713389
-0.0749994
-0.0689851
-0.0796288
-0.0786172
-0.0789246
-0.0615039
-0.0650742
-0.0687015
0.0153144
0.021444
0.00977157
0.00483332
0.000269083
-0.0137563
-0.00942172
-0.0206589
-0.0235858
-0.0263276
-0.0309931
-0.00620783
-0.0372911
-0.0342277
-0.0423686
-0.0601449
-0.0556664
-0.050649
-0.0461327
0.030807
0.0250008
0.0530526
0.0459219
0.0512474
0.0424128
0.0374858
0.0329583
0.0623124
0.0602335
0.0651026
0.0658209
-0.055209
-0.05267
-0.0777674
-0.0781964
-0.0776381
-0.0748163
-0.0740548
-0.073299
-0.0674284
-0.0638377
-0.0606714
-0.0715472
-0.0589283
-0.0307911
-0.0260867
-0.0335546
-0.0360532
-0.0208965
-0.0164941
-0.0501969
-0.0399627
-0.0435301
-0.0476447
0.0260375
0.0229968
0.0314464
0.0370297
0.00524731
0.0112435
0.000187881
-0.00539795
0.0157601
0.0183216
-0.00791549
-0.0122868
-0.0790588
-0.0763151
-0.0909029
-0.0879096
-0.0921799
-0.0914315
-0.0788269
-0.077224
-0.0759292
-0.080119
-0.0791503
0.0690872
0.0678155
0.0673404
0.0687039
0.0687395
0.0479243
0.0457684
0.0517061
0.0628086
0.0578448
0.0420792
0.066511
0.0708229
-0.0729129
-0.0739066
-0.0714965
-0.0749324
-0.0764061
-0.0833319
-0.0816892
-0.0785173
-0.0819742
-0.0638519
-0.0671869
-0.0712406
0.0155633
0.0189642
0.0097077
0.00667648
0.00305749
-0.00208201
-0.0150276
-0.0107252
-0.0201683
-0.0239832
-0.0289302
-0.0317411
-0.00495003
-0.0402255
-0.0351965
-0.0451657
-0.0589751
-0.0633693
-0.0549415
-0.0489216
-0.0526207
0.0327018
0.025813
0.0533761
0.0470117
0.0532026
0.0445733
0.039251
0.0658286
0.0599792
0.064456
0.0645579
-0.0574737
-0.0546398
-0.0797781
-0.0800909
-0.0798605
-0.0780206
-0.076872
-0.0770727
-0.0757744
-0.0692986
-0.0649947
-0.0635816
-0.0730141
-0.0596014
-0.0295715
-0.0246933
-0.0277538
-0.0348718
-0.0373978
-0.0186729
-0.0226383
-0.0144678
-0.0520617
-0.0417694
-0.0392619
-0.045704
-0.0497201
0.0294482
0.022981
0.0346143
0.0395965
0.00298648
0.00742926
0.0113584
-0.00217623
-0.00482487
0.0140357
0.0204001
-0.00962647
-0.0117322
-0.0804679
-0.0740976
-0.0947869
-0.0940371
-0.0849094
-0.0956301
-0.0943806
-0.080324
-0.0781224
-0.0760202
-0.0734003
-0.0810138
-0.0805125
0.0728323
0.0755965
0.0735441
0.0695494
0.0716887
0.0507145
0.0487033
0.0550101
0.0650212
0.0611473
0.0576815
0.0446197
0.0664339
-0.0837998
-0.0748659
-0.0752423
-0.0735831
-0.0757418
-0.0771115
-0.0855753
-0.084313
-0.0818338
-0.0828076
-0.0665038
-0.0693828
-0.073693
-0.0715084
0.0149216
0.0203112
0.0124251
0.00630133
0.00179126
-0.000915258
-0.0134818
-0.0175566
-0.00903956
-0.0230628
-0.0260513
-0.0288
-0.0343122
-0.00607849
-0.0413068
-0.0369892
-0.0470252
-0.0607315
-0.0649799
-0.0577215
-0.0513256
-0.0532837
0.0368725
0.0319321
0.0231935
0.0288285
0.0576393
0.0508632
0.0559163
0.0461704
0.0428762
0.0693153
0.0652768
0.0604361
0.0665211
0.071244
-0.0567409
-0.0540974
-0.0823481
-0.082962
-0.0816315
-0.0810534
-0.0784297
-0.0774028
-0.0759127
-0.0720813
-0.0690061
-0.0670887
-0.064349
-0.0610811
-0.0316311
-0.0266311
-0.0286341
-0.036651
-0.0336943
-0.0187058
-0.022397
-0.0163896
-0.0520376
-0.0425283
-0.041046
-0.0460529
-0.0496954
0.0301798
0.0260218
0.0353448
0.0401785
0.00227667
0.00645583
0.00993172
-0.00187287
-0.00644808
0.0149636
0.0205273
-0.00867261
-0.0133127
-0.0767751
-0.0712853
-0.0995547
-0.0953629
-0.085073
-0.0965144
-0.0995517
-0.0819255
-0.0798992
-0.0754498
-0.0711172
-0.083272
-0.0827549
0.0731217
0.0713846
0.0753379
0.074036
0.0770711
0.0537917
0.0516922
0.0481841
0.0680758
0.0631471
0.0600864
0.042251
0.0470318
0.0686277
-0.0758738
-0.0754383
-0.0758906
-0.0754526
-0.0757813
-0.0762873
-0.077562
-0.0882464
-0.0876391
-0.0813279
-0.0870858
-0.069314
-0.0709198
-0.0760184
-0.0735239
0.0167988
0.0115927
0.00381526
0.00870005
-0.00172515
-0.0152745
-0.0193421
-0.0104198
-0.022769
-0.0282596
-0.0312258
-0.0338895
-0.00443282
-0.0395305
-0.0433979
-0.0391285
-0.0460345
-0.0505893
-0.0635327
-0.0602201
-0.0667497
-0.0577599
-0.0553151
0.0380057
0.0340021
0.0235506
0.0280532
0.0498127
0.0568812
0.0452334
0.0431481
0.0689654
0.0678558
0.064878
0.0629314
0.0727701
-0.0584138
-0.0562613
-0.0835756
-0.0847408
-0.0841364
-0.0821841
-0.0808889
-0.0797941
-0.0774571
-0.0733137
-0.0715387
-0.068076
-0.0631375
-0.0665722
-0.0606205
-0.0316408
-0.0265425
-0.0301308
-0.0370776
-0.0360231
-0.0200911
-0.023469
-0.015598
-0.0527949
-0.0443015
-0.040881
-0.047837
-0.0516425
0.0287841
0.0331356
0.0250049
0.038214
0.000239769
0.0043495
0.00843826
0.0107789
-0.00337715
-0.00537969
0.0174193
0.0127969
0.0197446
0.0228502
-0.00923968
-0.012979
-0.081047
-0.0721356
-0.06838
-0.105445
-0.102452
-0.0908063
-0.100324
-0.102159
-0.0841193
-0.0820431
-0.0773525
-0.0715516
-0.0843445
0.0733692
0.0786554
0.0720312
0.0760115
0.0735286
0.0767941
0.05691
0.0542546
0.0513492
0.0663631
0.0690515
0.066083
0.0598404
0.0436783
0.0477062
-0.0777252
-0.0771365
-0.0768603
-0.077776
-0.0757765
-0.0756166
-0.0763007
-0.0897365
-0.0902208
-0.0822292
-0.0920414
-0.0701597
-0.0734964
-0.0779321
-0.0764071
-0.0753605
0.0164524
0.0134216
0.00283861
0.00708044
0.000240656
-0.0144428
-0.0178642
-0.00922118
-0.0124544
-0.0232988
-0.0277784
-0.0311636
-0.0357653
-0.00521202
-0.042136
-0.0438968
-0.0381652
-0.0416223
-0.0484353
-0.0519287
-0.0659171
-0.0613631
-0.0678314
-0.0687262
-0.060111
-0.0559002
0.0412076
0.036613
0.0343662
0.0214613
0.0260712
0.0305164
0.0524705
0.0608127
0.0557296
0.0489981
0.0460598
0.073394
0.0689057
0.0674702
0.0625925
0.0748894
-0.0583684
-0.0568243
-0.0870476
-0.0867027
-0.0856818
-0.0847497
-0.0815343
-0.0805911
-0.0797606
-0.0775873
-0.0748654
-0.0717305
-0.0701248
-0.06458
-0.0673434
-0.0620261
-0.0329498
-0.0287242
-0.0252229
-0.0303635
-0.0387044
-0.0362527
-0.0192455
-0.0228542
-0.0171866
-0.0540026
-0.0446607
-0.041804
-0.0481726
-0.052088
0.0300256
0.0337912
0.0268231
0.039479
0.000719449
0.00444719
0.00833172
-0.00308364
-0.00762888
0.0165205
0.0131975
0.0205626
0.0230842
-0.0109866
-0.0149091
-0.076474
-0.0667115
-0.0633078
-0.108393
-0.106737
-0.107377
-0.0913838
-0.100578
-0.105974
-0.0866315
-0.0842734
-0.0763839
-0.0713484
-0.0864908
0.0710028
0.0772547
0.0766144
0.072438
0.0813
0.0814629
0.0594428
0.0551888
0.0502266
0.0539162
0.07112
0.0742873
0.0678285
0.0641357
0.0462489
0.0445123
-0.0795793
-0.0779754
-0.0779613
-0.0799148
-0.0751008
-0.0764334
-0.0744111
-0.0761644
-0.0933894
-0.0939266
-0.0796139
-0.0869647
-0.091666
-0.0946386
-0.0724439
-0.0748895
-0.0799711
-0.0794101
-0.0775372
0.0186132
0.0131194
0.00434582
0.00817204
-0.000676177
-0.0170622
-0.0187991
-0.00988286
-0.00692655
-0.0134858
-0.0212002
-0.0247179
-0.0309788
-0.0265487
-0.0323503
-0.0358546
-0.00314285
-0.0457472
-0.0395956
-0.0426901
-0.0510086
-0.0478442
-0.0544428
-0.0656611
-0.0633699
-0.0699072
-0.0717578
-0.0603699
-0.0584785
0.0422241
0.0392006
0.0329846
0.0371591
0.022102
0.0266659
0.0291493
0.0535385
0.0619147
0.0592863
0.0523135
0.0461893
0.0723633
0.0726031
0.0721902
0.0674872
0.0654311
-0.0599552
-0.0587365
-0.055751
-0.0888797
-0.0886303
-0.0888123
-0.0883715
-0.0859692
-0.0835304
-0.0829861
-0.0813096
-0.0765074
-0.0800791
-0.0754582
-0.0735563
-0.0708018
-0.0662995
-0.0639136
-0.0692045
-0.0616645
-0.0347203
-0.032691
-0.0293405
-0.0263435
-0.031376
-0.0395184
-0.037053
-0.0207289
-0.0237042
-0.0169853
-0.0549004
-0.0464506
-0.0432861
-0.0413056
-0.049266
-0.0509663
-0.0539024
0.0323638
0.0291365
0.0365351
0.0249604
0.0417223
0.00295683
-0.000780088
0.00606891
0.00962789
-0.00345992
-0.0076632
0.0150955
0.0179977
0.011836
0.0204175
-0.0113222
-0.0145302
-0.0842938
-0.0684887
-0.0589319
-0.0564721
-0.0614698
-0.115174
-0.118253
-0.11784
-0.101394
-0.108333
-0.0876237
-0.0885561
-0.0837537
-0.0785847
-0.0679109
0.0762204
0.0775846
0.07862
0.079304
0.0770019
0.0781216
0.0794567
0.0827448
0.0612144
0.057641
0.0520284
0.0556928
0.0731502
0.0685549
0.0666232
0.0630233
0.0480664
0.0451725
-0.081784
-0.0802509
-0.0795398
-0.0822682
-0.0737733
-0.076115
-0.073864
-0.073207
-0.0953494
-0.0774127
-0.0877704
-0.0992042
-0.0992162
-0.0741845
-0.0735033
-0.0770177
-0.0825756
-0.0807812
-0.0798993
0.0181804
0.0108656
0.01572
0.00350398
0.00745922
0.000961045
-0.0173738
-0.00837979
-0.0117964
-0.00654192
-0.0157292
-0.021449
-0.025009
-0.0318652
-0.0281264
-0.034455
-0.0382877
-0.00443212
-0.0461854
-0.0419963
-0.0445398
-0.0519607
-0.0499523
-0.0562865
-0.0673091
-0.0646882
-0.0703952
-0.0718997
-0.0619819
-0.0598015
0.0442292
0.033521
0.0378171
0.0248705
0.020018
0.0305202
0.0563631
0.0642366
0.0537862
0.04932
0.0762064
0.075815
0.0760074
0.0721496
0.0647148
-0.0599871
-0.0592241
-0.0575439
-0.0922039
-0.0909428
-0.0914788
-0.0900431
-0.087648
-0.0855607
-0.0843774
-0.0849888
-0.0827067
-0.0785885
-0.0811603
-0.0768145
-0.0743092
-0.0719284
-0.067367
-0.0650723
-0.0700759
-0.0626648
-0.0356061
-0.0343163
-0.0281518
-0.0313004
-0.0253931
-0.038456
-0.0371835
-0.0204513
-0.0225413
-0.0176552
-0.056709
-0.0468671
-0.0440313
-0.0416005
-0.0487265
-0.0523619
-0.0550457
0.033617
0.0300342
0.0366302
0.0258789
0.0412161
0.00283118
-0.00145198
0.00578387
0.00781638
-0.00647231
-0.00427005
-0.0102816
0.0152184
0.017673
0.011441
0.0218829
-0.0129985
-0.0166427
-0.0843969
-0.0623188
-0.0538936
-0.0499649
-0.052007
-0.115892
-0.119935
-0.122283
-0.121182
-0.105755
-0.106594
-0.11298
-0.0910715
-0.0912415
-0.0872142
-0.0786799
-0.0692957
0.0771193
0.0785767
0.079007
0.0781783
0.0804383
0.084958
0.0818432
0.0820006
0.0595782
0.0594193
0.0509516
0.0532848
0.0570629
0.0739029
0.0710909
0.068698
0.0655979
0.0468849
-0.0835771
-0.0801553
-0.0844356
-0.0737986
-0.0775109
-0.0715991
-0.0694264
-0.0987784
-0.0718987
-0.0822524
-0.0916901
-0.103975
-0.0983598
-0.104259
-0.100806
-0.0767394
-0.0756884
-0.078727
-0.0843408
-0.0833352
-0.0814937
0.0109111
0.0148985
0.00506544
0.00843731
-0.000266043
-0.0193014
-0.00844202
-0.0127801
-0.0162519
-0.0235537
-0.0267132
-0.0304807
-0.0338522
-0.0290359
-0.0352356
-0.0392377
-0.00335933
-0.048156
-0.0429483
-0.0465148
-0.0534967
-0.0497296
-0.058876
-0.055482
-0.0667624
-0.069305
-0.0638718
-0.0727339
-0.0732732
-0.061596
0.0450227
0.0355915
0.0402869
0.025814
0.0211026
0.0302688
0.0569945
0.0660896
0.0557574
0.0522412
0.0477694
0.0747889
0.0777453
0.0734602
0.0728766
0.0699313
-0.0617884
-0.0603254
-0.094363
-0.0931405
-0.0927532
-0.0920795
-0.0893074
-0.0893278
-0.0871729
-0.0866652
-0.0846302
-0.0872131
-0.0829837
-0.078474
-0.0804441
-0.0762478
-0.0735448
-0.0718292
-0.0666977
-0.0690665
-0.0642822
-0.035098
-0.0292261
-0.0321964
-0.0262119
-0.0401857
-0.0380856
-0.0190428
-0.0231711
-0.0576788
-0.0456299
-0.0429804
-0.0495884
-0.0535546
-0.0563289
0.0326705
0.0285188
0.0383414
0.0245542
0.0422766
0.000803608
0.0046026
-0.00139557
0.00825823
-0.00648402
-0.00543981
-0.0100328
0.0150806
0.0180224
0.0128238
0.00969945
0.0201534
-0.0136373
-0.0171112
-0.0746872
-0.0980018
-0.0635743
-0.0386233
-0.038582
-0.0497393
-0.123213
-0.127423
-0.134584
-0.129671
-0.115437
-0.0911229
-0.0939886
-0.0888985
-0.0755755
-0.0846039
-0.0563312
0.0769699
0.0783805
0.0807006
0.0845781
0.0837608
0.0831962
0.0831532
0.0625191
0.0602245
0.0514816
0.0546001
0.058732
0.0734986
0.0773153
0.0702917
0.0670975
0.0653209
0.0482899
0.044856
-0.0849933
-0.0832679
-0.0872403
-0.0712925
-0.078215
-0.0670757
-0.0654836
-0.0674407
-0.0795807
-0.090152
-0.115308
-0.112403
-0.107391
-0.105348
-0.0773767
-0.0783555
-0.0761791
-0.0808473
-0.0867124
-0.0847979
-0.0837996
0.0127833
0.01676
0.00370293
0.00875696
0.000889144
-0.0194488
-0.00985015
-0.00775062
-0.0115549
-0.0147645
-0.0178894
-0.0241463
-0.0274661
-0.0323655
-0.0343373
-0.0293664
-0.0370783
-0.0387186
-0.0414772
-0.00366103
-0.0483618
-0.0442375
-0.046488
-0.053374
-0.0513892
-0.0603599
-0.0568445
-0.0680099
-0.0708728
-0.0647953
-0.0738546
-0.0750112
-0.0634181
0.0429006
0.0363007
0.0404422
0.0281685
0.0235925
0.0194513
0.0320234
0.0612482
0.0664935
0.0658673
0.0573775
0.0534569
0.0492979
0.0786247
0.0799759
0.0720109
0.0731566
-0.0629211
-0.0616879
-0.0964503
-0.0954183
-0.0947689
-0.0932413
-0.091355
-0.0911716
-0.088773
-0.0866967
-0.0889668
-0.0845189
-0.0799393
-0.0822039
-0.0775814
-0.0752778
-0.0729546
-0.0679748
-0.0704472
-0.0654763
-0.0360983
-0.030093
-0.0331208
-0.0270256
-0.0409241
-0.0390873
-0.0199736
-0.0239583
-0.0590182
-0.0466532
-0.0438019
-0.0507014
-0.0543854
-0.0571845
0.0332748
0.0291312
0.0387723
0.0244912
0.0418528
0.000992038
0.0046471
-0.000757936
0.0061899
-0.00780681
-0.00504722
-0.012053
0.0151619
0.0185676
0.0126853
0.0100293
0.0201911
-0.0147155
-0.0177798
-0.0740356
-0.100882
-0.0498964
-0.0298637
-0.0338949
-0.0350139
-0.0350461
-0.119855
-0.128207
-0.13523
-0.151267
-0.146512
-0.123421
-0.095404
-0.0968527
-0.0935666
-0.0769841
-0.0833045
-0.0576732
0.0812947
0.082778
0.0812819
0.0859159
0.0879409
0.0827219
0.0814857
0.0840678
0.0614117
0.0526957
0.0542594
0.0566973
0.060616
0.0753826
0.0786552
0.0722339
0.0687266
0.0667097
0.0488052
0.0456611
-0.087939
-0.0856077
-0.0816132
-0.0889784
-0.0879747
-0.0722928
-0.0663987
-0.0757648
-0.0598849
-0.0606084
-0.0719172
-0.0919181
-0.118101
-0.117605
-0.115684
-0.113052
-0.105951
-0.0796274
-0.0808896
-0.078373
-0.082009
-0.0885152
-0.0874698
-0.0850571
0.0128366
0.0150782
0.00460308
0.0110808
0.00823272
0.000246738
-0.0207598
-0.0104516
-0.00493756
-0.00838156
-0.0133061
-0.0149317
-0.0179808
-0.0251002
-0.0227764
-0.0265009
-0.0323511
-0.0351672
-0.0296843
-0.0378966
-0.0399012
-0.0423503
-0.00217534
-0.0498449
-0.04438
-0.0455029
-0.0486457
-0.0547605
-0.0514897
-0.061808
-0.0597771
-0.056556
-0.0583036
-0.0698969
-0.067652
-0.0722304
-0.0663559
-0.0731418
-0.075683
-0.0764225
-0.0640565
0.0445518
0.0380341
0.033909
0.0421285
0.0283154
0.0237787
0.0193841
0.0311943
0.0605155
0.0635239
0.0679737
0.0661504
0.0563157
0.0518726
0.0499523
0.0804969
0.0789349
0.0775952
0.0750072
-0.0643252
-0.0626043
-0.0983415
-0.09887
-0.0979518
-0.097938
-0.0955335
-0.0931098
-0.0910716
-0.0888239
-0.0912582
-0.0864501
-0.0816836
-0.0840504
-0.0793166
-0.076919
-0.0744909
-0.0694763
-0.0720047
-0.066923
-0.0367726
-0.0307321
-0.0337655
-0.0276666
-0.0420055
-0.0397677
-0.0208504
-0.0245839
-0.0599141
-0.0478034
-0.0449042
-0.0515219
-0.0549121
-0.0577266
0.0336497
0.0360589
0.0304104
0.0263203
0.0381803
0.0245659
0.0408797
0.00244758
0.00420506
-0.00168266
0.00670723
-0.00819524
-0.00553935
-0.0118613
0.0139229
0.0183767
0.0110957
0.00801257
0.0192551
-0.0152117
-0.0183543
-0.0604252
-0.0890781
-0.0174621
-0.0272551
-0.0186861
-0.0381789
-0.122228
-0.137766
-0.146393
-0.164154
-0.168603
-0.13419
-0.0989781
-0.0988876
-0.0985125
-0.0975285
-0.0772582
-0.0888635
-0.0686853
-0.0449111
0.0788722
0.0830783
0.0868166
0.0886416
0.0861885
0.0855763
0.0822785
0.0634963
0.0660358
0.0521893
0.0545022
0.0573293
0.0603246
0.0743835
0.0781096
0.0711221
0.0672784
0.0680951
0.0506592
0.0470561
0.0456871
-0.0906426
-0.0880646
-0.0841168
-0.0918685
-0.0911131
-0.066376
-0.0638724
-0.0760403
-0.0539589
-0.0517672
-0.0679655
-0.0800255
-0.103995
-0.132362
-0.126661
-0.130128
-0.114023
-0.110326
-0.0812028
-0.0799343
-0.0790678
-0.0839674
-0.091521
-0.0890132
-0.0875465
0.0158148
0.00664073
0.00251081
0.0115368
0.0077676
0.000627927
-0.0209276
-0.0119073
-0.0055872
-0.00730609
-0.0137881
-0.016437
-0.0194329
-0.0256493
-0.0239311
-0.0285784
-0.0311376
-0.034493
-0.0368012
-0.0398365
-0.0412752
-0.0431229
-0.00347157
-0.0501186
-0.0458145
-0.0466645
-0.049392
-0.054481
-0.0528171
-0.0627919
-0.0632086
-0.0616229
-0.0574196
-0.0598157
-0.0714427
-0.0694544
-0.072995
-0.0669898
-0.0754367
-0.0766826
-0.0781574
-0.0657595
0.0466989
0.0384362
0.0349374
0.0431562
0.0289185
0.0205919
0.025354
0.0174528
0.0322865
0.0615386
0.063439
0.0720243
0.0684428
0.057841
0.0538714
0.0499611
0.0808574
0.0781594
0.0762374
0.0743155
-0.0652625
-0.0631786
-0.102342
-0.101997
-0.0995317
-0.098201
-0.0987603
-0.0961498
-0.0936652
-0.0901986
-0.0927336
-0.0877326
-0.0828734
-0.0852868
-0.0804622
-0.0780263
-0.075564
-0.0704874
-0.0730514
-0.0678922
-0.0371951
-0.0311414
-0.034179
-0.0280708
-0.0427296
-0.0401943
-0.0214673
-0.0249721
-0.0604748
-0.0486097
-0.0456741
-0.0520309
-0.0552695
-0.0580922
0.0329898
0.0365976
0.0305035
0.0268391
0.0376797
0.0233456
0.0411512
0.00135415
0.00441483
-0.00228534
-0.00877241
-0.00582922
-0.0120989
0.014293
0.0154164
0.0109609
0.00781182
0.0219685
-0.015541
-0.0187075
-0.0553
-0.0912074
-0.0083758
-0.00909537
-0.0234804
-0.0171786
-0.0122355
-0.0189725
-0.130818
-0.119595
-0.136986
-0.157424
-0.180008
-0.180638
-0.154723
-0.11436
-0.102064
-0.103055
-0.102833
-0.0962449
-0.10267
-0.0828118
-0.065653
-0.0383546
0.0793352
0.0844275
0.0858032
0.0829143
0.092071
0.0903587
0.08825
0.0632084
0.0555072
0.0529144
0.0588763
0.0615745
0.07535
0.0782673
0.0722982
0.0700974
0.0664779
0.0509678
0.0476461
0.044079
-0.0935603
-0.0903892
-0.0804079
-0.0885395
-0.0938996
-0.0926352
-0.0925756
-0.0656573
-0.0572837
-0.0705751
-0.0421978
-0.0434837
-0.0472391
-0.0560233
-0.0788414
-0.106119
-0.151319
-0.133887
-0.124072
-0.129488
-0.152253
-0.117788
-0.0835236
-0.0816131
-0.0805977
-0.0847809
-0.0931889
-0.0916428
-0.0887009
0.0145906
0.0059643
0.00280873
0.0131733
0.00948889
0.00779206
0.000402355
-0.0226683
-0.0119469
-0.00578943
-0.00827647
-0.0148282
-0.017057
-0.0199991
-0.026371
-0.0293493
-0.0322679
-0.0352924
-0.0381211
-0.0409761
-0.0431212
-0.00280184
-0.0512649
-0.0467489
-0.0482207
-0.0512159
-0.055064
-0.0525322
-0.0642181
-0.0646285
-0.0615547
-0.059016
-0.0564886
-0.0711169
-0.0697526
-0.0740726
-0.0685579
-0.0764911
-0.07814
-0.0787779
-0.0658213
0.0458352
0.0397818
0.0369166
0.0426572
0.028306
0.0225134
0.0259805
0.019205
0.0314835
0.0627315
0.0654316
0.0699309
0.0705016
0.0565347
0.0604709
0.0515243
0.050069
0.082207
0.0811566
0.0770911
0.0754069
-0.0658494
-0.0635556
-0.104766
-0.102916
-0.101356
-0.101104
-0.10091
-0.0980053
-0.0953008
-0.0910751
-0.0936729
-0.0885525
-0.0836272
-0.0860735
-0.0811898
-0.0787352
-0.0762499
-0.0711235
-0.0737123
-0.0685001
-0.0374972
-0.0314393
-0.0344782
-0.028367
-0.0431731
-0.040499
-0.0218458
-0.0252632
-0.060847
-0.0490985
-0.0461403
-0.0523775
-0.0555227
-0.058351
0.0372754
0.0322135
0.0322622
0.0297681
0.0241748
0.0424026
0.0224814
0.0421298
0.0424595
0.00102752
0.00441642
-0.00253838
-0.00911274
-0.0060765
-0.0123791
0.0138578
0.0163696
0.0107269
0.00753052
0.0223118
-0.0158105
-0.0189858
-0.0341576
-0.0727615
0.00304564
0.000357726
-0.00663919
0.00943441
0.00520469
-0.00997718
-0.129121
-0.123528
-0.142571
-0.161805
-0.188958
-0.201805
-0.20177
-0.173971
-0.125342
-0.105633
-0.102599
-0.110181
-0.0873738
-0.0690558
-0.0372914
0.0806863
0.0848904
0.0886062
0.0871334
0.0854832
0.0877275
0.09153
0.0647203
0.0560059
0.0548713
0.0590655
0.062614
0.0615862
0.0740156
0.0775499
0.0723177
0.0674642
0.0525232
0.0499508
0.044161
-0.0965479
-0.0946125
-0.0824248
-0.0898759
-0.0960373
-0.0962253
-0.0956357
-0.0578372
-0.0535512
-0.0726898
-0.0377224
-0.0287069
-0.0380197
-0.0500665
-0.0678051
-0.0921863
-0.157819
-0.144508
-0.126832
-0.140409
-0.175957
-0.117616
-0.0844769
-0.0833755
-0.0820542
-0.0812113
-0.0864076
-0.0968052
-0.0926224
-0.0904109
-0.0877976
0.015464
0.0051532
0.00104143
0.0128286
0.00979583
0.00799504
-0.00128054
-0.0231677
-0.0121701
-0.00513023
-0.00881642
-0.00521834
-0.0152854
-0.0178827
-0.0209408
-0.0271501
-0.0301783
-0.0331794
-0.0361665
-0.0391072
-0.0420619
-0.0439517
-0.0478667
-0.0494825
-0.0522268
-0.0540326
-0.0653321
-0.0628471
-0.0602946
-0.0576728
-0.0722131
-0.0714658
-0.0738244
-0.0757255
-0.068942
-0.0784254
-0.0802144
-0.067055
0.0470004
0.0388665
0.0363976
0.0426727
0.0291472
0.0238371
0.0189218
0.0285627
0.0242819
0.0175004
0.032545
0.0639618
0.0647043
0.0739776
0.0702761
0.0584233
0.0605156
0.0541901
0.051634
0.0496335
0.0834621
0.0825772
0.0763303
0.077645
0.0759256
-0.0662301
-0.0638193
-0.109066
-0.105952
-0.103692
-0.103898
-0.102123
-0.0991207
-0.0963367
-0.0916042
-0.0942399
-0.0890506
-0.0840897
-0.0865519
-0.0816416
-0.0791789
-0.0766829
-0.0715315
-0.0741326
-0.0688922
-0.0377128
-0.0316555
-0.0346936
-0.0285831
-0.0434871
-0.040716
-0.0221338
-0.0254771
-0.0611081
-0.0494346
-0.0464653
-0.0526235
-0.0556954
-0.0585274
0.0360168
0.0341325
0.0307496
0.0288037
0.0254923
0.0232732
0.0439403
0.0433397
0.0400311
0.000775964
0.00429201
-0.00278282
-0.00936724
-0.00627426
-0.012625
0.01377
0.0167179
0.0105249
0.00728304
0.0204952
-0.0160134
-0.019194
-0.0332462
-0.0740172
0.0225201
0.0150917
-0.013487
0.0162346
-0.00260604
-0.137646
-0.162574
-0.186546
-0.211542
-0.223964
-0.193443
-0.149413
-0.10683
-0.111876
-0.113933
-0.122566
-0.0955152
-0.0733746
-0.0369139
0.0818353
0.0809495
0.086425
0.0862041
0.091715
0.0917367
0.0886973
0.0666839
0.0562097
0.0536413
0.059387
0.0644332
0.0625295
0.0741433
0.0776639
0.0723735
0.0696311
0.048952
0.0543445
0.0475686
0.04664
-0.0997552
-0.0963543
-0.0863884
-0.0808542
-0.0940703
-0.098652
-0.097761
-0.0979907
-0.0591388
-0.0429482
-0.0665372
-0.0184989
-0.018728
-0.0212279
-0.0395384
-0.0691963
-0.0980481
-0.172753
-0.156424
-0.142452
-0.134191
-0.122547
-0.161292
-0.123143
-0.193651
-0.0862957
-0.0851769
-0.0832317
-0.0828096
-0.087037
-0.0982811
-0.0953603
-0.0908837
-0.0894193
0.0136162
0.00456048
0.00121212
0.0110846
0.00780285
-0.00198561
-0.0240357
-0.012463
-0.00918377
-0.00557041
-0.0156265
-0.0184288
-0.0215432
-0.0277665
-0.0308147
-0.0338349
-0.0368246
-0.0397894
-0.0427646
-0.0450081
-0.0486203
-0.0507064
-0.0535126
-0.0549708
-0.0668383
-0.0679586
-0.0642766
-0.0616502
-0.0589792
-0.0727445
-0.075193
-0.0774721
-0.0703997
-0.0798102
-0.0819547
0.0462317
0.0391341
0.0374442
0.0397501
0.032293
0.0220509
0.0190047
0.0274437
0.0246578
0.0160887
0.0308612
0.0353282
0.0638914
0.0685146
0.0714114
0.0699929
0.0600931
0.0564864
0.0618212
0.0629116
0.0529169
0.0488653
0.0865651
0.0842833
0.081549
0.0781443
0.0766407
-0.0664944
-0.0639974
-0.114192
-0.109758
-0.106932
-0.105443
-0.102824
-0.0997937
-0.0969632
-0.0919422
-0.0945987
-0.0893733
-0.0843976
-0.0868657
-0.0819469
-0.0794815
-0.0769805
-0.0718144
-0.074423
-0.0691642
-0.0378619
-0.0318074
-0.0348435
-0.0287351
-0.04371
-0.0408647
-0.0223462
-0.025628
-0.0612846
-0.0496729
-0.0466955
-0.0527912
-0.0558211
-0.0586548
0.036837
0.0317359
0.0369127
0.0296522
0.0271997
0.0235228
0.043971
0.0444224
0.0358482
0.000518642
0.00403742
-0.0029784
-0.00956353
-0.00642066
-0.0128172
0.0136176
0.0169095
0.0103427
0.00707123
0.0203437
-0.0161593
-0.0193425
-0.0479775
-0.0850636
0.0361535
0.0308417
-0.00407038
0.026063
0.000620273
-0.137272
-0.165007
-0.191485
-0.199741
-0.218251
-0.224476
-0.19383
-0.156635
-0.126168
-0.12032
-0.125406
-0.134132
-0.104207
-0.0782825
-0.0380426
0.0806517
0.0843143
0.0877501
0.0914796
0.0948824
0.0891441
0.083428
0.0662633
0.0582713
0.0565394
0.0586309
0.0660252
0.0628884
0.077375
0.0747619
0.0804791
0.0795355
0.0721558
0.069152
0.0493592
0.051694
0.0545171
0.0490239
0.0453626
-0.103021
-0.102277
-0.0916239
-0.0850377
-0.0986015
-0.101942
-0.100039
-0.100436
-0.0454421
-0.0393472
-0.0665398
-0.0128496
-0.00492067
-0.0120979
-0.0411298
-0.057796
-0.100453
-0.212633
-0.181612
-0.162676
-0.148847
-0.130003
-0.125243
-0.186706
-0.138962
-0.226496
-0.0870172
-0.084902
-0.0841772
-0.0889446
-0.10105
-0.0985465
-0.092915
0.0141356
0.00415231
0.000900858
0.0106006
0.00740793
-0.00235233
-0.0246655
-0.0127113
-0.00944855
-0.0059043
-0.0158982
-0.0187913
-0.02193
-0.0281686
-0.0312296
-0.0342591
-0.0372597
-0.0402419
-0.0432272
-0.0457189
-0.0491223
-0.0514986
-0.0543387
-0.0562635
-0.0677987
-0.0693829
-0.0651824
-0.062533
-0.0598492
-0.0743569
-0.0767866
-0.0791795
-0.0718977
-0.0815586
-0.0838764
0.0460019
0.0398686
0.035874
0.0411072
0.0287722
0.023545
0.021699
0.0270117
0.0294523
0.014922
0.0341861
0.0331602
0.065993
0.0731577
0.0696922
0.0586112
0.0562431
0.0615401
0.06382
0.0550254
0.0519644
0.0479827
0.0830458
0.0794811
0.0783604
0.0744362
-0.066671
-0.0641259
-0.117053
-0.111978
-0.108874
-0.106281
-0.103317
-0.100239
-0.0973607
-0.0921648
-0.0948281
-0.0895888
-0.0846055
-0.0870767
-0.0821542
-0.0796879
-0.0771832
-0.072005
-0.0746197
-0.0693464
-0.0379705
-0.0319182
-0.0349525
-0.0288467
-0.0438621
-0.0409734
-0.0224965
-0.0257399
-0.0614117
-0.049835
-0.046852
-0.0529141
0.0323182
0.0364199
0.0297544
0.0264541
0.0236334
0.0429268
0.0322061
0.000321139
0.00379679
-0.00312316
-0.00970823
-0.00653418
-0.0129595
0.0134643
0.016835
0.0101785
0.00689658
0.0201633
-0.0162705
-0.0194546
-0.034628
-0.0654232
0.0190747
0.0514517
0.0447629
-0.0161852
0.032609
0.000613375
-0.132936
-0.1487
-0.170277
-0.195963
-0.217217
-0.231981
-0.232084
-0.214914
-0.178576
-0.166998
-0.114614
-0.126712
-0.136011
-0.144235
-0.112909
-0.083346
-0.0405527
0.0819119
0.0833004
0.0893121
0.084113
0.09479
0.0928445
0.0918964
0.0859547
0.0831625
0.0677847
0.0573267
0.0564391
0.0610445
0.0648212
0.0633544
0.0643528
0.0764308
0.0745529
0.0812456
0.0786679
0.0721648
0.0710403
0.0498595
0.0500902
0.0524791
0.0557367
0.0484834
0.0451557
-0.104385
-0.105207
-0.103386
-0.0973797
-0.0803775
-0.102043
-0.103477
-0.0397477
-0.0287088
-0.0647866
-0.0190995
0.000180642
0.00207198
0.00129004
-0.00458481
-0.0250712
-0.0598684
-0.0844736
-0.223796
-0.183452
-0.164706
-0.146648
-0.134305
-0.177385
-0.208352
-0.111361
-0.15581
-0.249718
-0.0888188
-0.0864915
-0.0862218
-0.0908931
-0.10374
-0.100686
-0.0958914
0.0136278
0.00387045
0.00060373
0.0105037
0.00714417
-0.00265816
-0.0250626
-0.0129065
-0.00965075
-0.00616498
-0.0161035
-0.0190729
-0.0222219
-0.0284637
-0.0315281
-0.0345582
-0.0375619
-0.0405512
-0.043542
-0.0461926
-0.0494597
-0.0520242
-0.0548837
-0.0571207
-0.0684193
-0.0703776
-0.0657804
-0.0631215
-0.0604274
-0.0754157
-0.0778694
-0.0802902
-0.0729173
-0.0826954
-0.0850818
0.0468121
0.0454414
0.0405311
0.0343236
0.0453066
0.0389504
0.0234381
0.0204095
0.02632
0.029451
0.0163477
0.0329802
0.0678463
0.0735539
0.0683391
0.061283
0.0578858
0.061955
0.0650954
0.0548338
0.0523331
0.0496235
0.0823538
0.0796072
0.0748457
-0.0667983
-0.118522
-0.113344
-0.110015
-0.106886
-0.103549
-0.10049
-0.0976022
-0.0923369
-0.0950141
-0.0897512
-0.0847569
-0.0872325
-0.0823041
-0.0798373
-0.0773305
-0.0721438
-0.0747634
-0.0694797
-0.0439736
-0.0226087
-0.0499539
-0.0469665
0.0325855
0.0355897
0.0298089
0.0266488
0.023432
0.0375635
0.0417865
0.000175013
0.00360965
-0.00323641
-0.00982013
-0.0130701
0.0133395
0.0167148
0.0100468
0.0067597
0.0200103
-0.0796701
-0.0137817
0.0406176
0.0626012
0.0544431
0.0350811
0.00056257
-0.141863
-0.16384
-0.175635
-0.205476
-0.238133
-0.238392
-0.227213
-0.215592
-0.192234
-0.155687
-0.129687
-0.131163
-0.145315
-0.152131
-0.120803
-0.0872284
-0.0424118
0.0822603
0.0917139
0.0859266
0.0834629
0.0928132
0.0813216
0.091357
0.087451
0.0840429
0.0816176
0.0801532
0.0661333
0.0590323
0.0581365
0.0589641
0.0666869
0.0619479
0.0646835
0.0775871
0.074637
0.0787444
0.0702943
0.0704232
0.0499015
0.0525024
0.0554567
0.0471424
0.0448352
-0.108677
-0.111556
-0.110445
-0.102506
-0.0868464
-0.105775
-0.106758
-0.0414463
-0.0295379
-0.0682527
-0.00931004
0.0130395
0.0218078
0.0106346
0.0121791
-0.00645639
-0.0463745
-0.08762
-0.230083
-0.214388
-0.177423
-0.145603
-0.129594
-0.199175
-0.217338
-0.11516
-0.146391
-0.24844
-0.0910644
-0.0886068
-0.0875056
-0.0934501
-0.105301
-0.101936
-0.097757
0.0135482
0.00364023
0.00036544
0.0103322
0.00692054
-0.00290236
-0.0253566
-0.0130507
-0.0097984
-0.00636905
-0.0162511
-0.0192839
-0.0224377
-0.0286815
-0.0317475
-0.0347764
-0.0377811
-0.0407735
-0.043768
-0.0465146
-0.0497013
-0.0523757
-0.0552465
-0.0576851
-0.0688155
-0.0710286
-0.0661654
-0.0635027
-0.060804
-0.0761192
-0.0785944
-0.0810344
-0.0735961
-0.0834586
-0.0858797
0.0473135
0.0459625
0.03683
0.0359082
0.0430305
0.0425331
0.0234172
0.0200818
0.0265145
0.0296553
0.0327379
0.0166307
0.0692695
0.0733112
0.0704518
0.0607271
0.0576424
0.0642862
0.0641608
0.0566965
0.0540652
0.0507368
0.0490092
0.0794039
0.0776687
-0.119324
-0.114466
-0.110911
-0.107079
-0.10382
-0.100729
-0.0978106
0.0325399
0.0356108
0.0296042
0.0265132
0.0232705
0.0383048
0.0416022
6.06208e-05
0.00346708
0.0132329
0.0166053
0.00993675
0.00664757
0.0198899
-0.0722725
-0.045453
0.010583
0.0537631
0.0686713
0.059123
0.0367329
0.00108668
-0.136399
-0.143786
-0.183758
-0.213913
-0.234016
-0.246718
-0.244856
-0.239871
-0.228916
-0.206832
-0.178052
-0.144317
-0.117499
-0.133857
-0.153199
-0.158206
-0.127102
-0.0908675
-0.0437352
0.087539
0.0913071
0.0841609
0.0804629
0.0813439
0.0759458
0.0857968
0.0841991
0.0806464
0.0771961
0.0684781
0.0586121
0.0579786
0.0609796
0.0660768
0.0619143
0.0658829
0.0766623
0.0755776
0.0726213
0.0710159
0.0699056
0.0503451
0.0530168
0.0557059
0.0475025
0.0447529
-0.114103
-0.120486
-0.122914
-0.114164
-0.0953486
-0.109692
-0.108746
-0.0376661
-0.0109122
-0.0733259
0.0218552
0.0374049
0.0217273
0.0178952
-0.0077682
-0.0454101
-0.0687958
-0.248733
-0.215038
-0.176209
-0.165754
-0.138999
-0.190601
-0.232587
-0.0948695
-0.164407
-0.259646
-0.244052
-0.0925194
-0.0899766
-0.0883413
-0.0950783
-0.106159
-0.102659
-0.0989043
0.0133981
0.00344893
0.000171195
0.0101534
0.00673449
-0.00309878
-0.0255736
-0.0131627
-0.00991199
-0.00651845
-0.0163637
-0.0194343
-0.0225902
-0.0288349
-0.0319013
-0.0349281
-0.0379324
-0.0409253
-0.0439223
-0.0467461
-0.0498657
-0.0526268
-0.0555056
-0.0580564
-0.0690927
-0.0714408
-0.0664347
-0.0637712
-0.06107
-0.0765602
-0.0790453
-0.0814953
-0.0740236
-0.0839303
-0.0863713
0.0483708
0.0452363
0.0378902
0.0357252
0.0428145
0.0443726
0.0232665
0.0199279
0.026423
0.0295344
0.0327812
0.0165824
0.0680837
0.072453
0.0693833
0.0728309
0.0595805
0.0630437
0.0595847
0.063249
0.0664981
0.0562067
0.0540688
0.0516593
0.0501434
0.0763637
-0.118694
-0.114509
-0.111102
-0.107408
0.0324732
0.0355229
0.0294789
0.0263918
0.0231454
0.0383874
0.0414935
0.00335273
0.0165047
0.0197873
-0.0989619
-0.0388021
0.0267701
0.0608471
0.0728802
0.0623484
0.0387343
-0.156342
-0.195047
-0.166838
-0.222467
-0.24021
-0.254903
-0.254463
-0.249386
-0.225177
-0.20614
-0.177578
-0.147375
-0.132289
-0.134392
-0.162084
-0.166957
-0.133176
0.0842717
0.0857966
0.0760634
0.0808905
0.0773777
0.0791432
0.0814796
0.0801797
0.0774824
0.0743807
0.0668327
0.0594447
0.0582698
0.0602934
0.062689
0.0652564
0.0741766
0.0718868
0.0694302
0.0502771
0.0529454
0.0555935
0.0475442
0.0446066
-0.117066
-0.127083
-0.134849
-0.126208
-0.10471
-0.111926
-0.109933
-0.0369306
-0.00655478
-0.0786957
0.0296909
0.0500896
0.0421271
0.0337724
-0.00991778
-0.0279252
-0.0693051
-0.248081
-0.220311
-0.188783
-0.154891
-0.205734
-0.227674
-0.10481
-0.155486
-0.272162
-0.25724
-0.0934661
-0.0908642
-0.0888551
-0.0961262
-0.106784
-0.103168
-0.0996
0.0132476
0.0033046
2.5523e-05
0.00998843
0.00659396
-0.00324454
-0.0257265
-0.00663357
-0.019548
-0.0227041
-0.028948
-0.0320137
-0.0350387
-0.0380427
-0.041036
-0.0440355
-0.0469041
-0.0499863
-0.0527976
-0.0556819
-0.0583211
-0.0692785
-0.0717288
-0.0666147
-0.0639525
-0.0612498
-0.0768643
-0.0793535
-0.0818062
-0.0743203
-0.0842436
-0.0866922
0.0463079
0.0382874
0.0356445
0.0415936
0.0445201
0.0231097
0.0197932
0.0262958
0.0294153
0.0326203
0.0164787
0.0680082
0.0749536
0.0699281
0.0716881
0.0610598
0.0635398
0.0584849
0.0647135
0.0577559
0.0552941
0.0527555
0.0501798
-0.119552
-0.115152
-0.111565
0.0323797
0.0354171
0.0293671
0.0262828
0.0230411
0.0383614
0.0413879
-0.0912412
-0.0229339
0.0349464
0.0655817
0.0760942
0.0653662
-0.140729
-0.190856
-0.176017
-0.215947
-0.232271
-0.249197
-0.260638
-0.261841
-0.249494
-0.232548
-0.215601
-0.192835
-0.161406
-0.125716
-0.137332
0.0803101
0.0815658
0.0792285
0.0777809
0.0744901
0.0778872
0.0783626
0.0771015
0.0746666
0.0717373
0.073077
0.0673562
0.0581714
0.0606858
0.0630147
0.0654306
0.0723768
0.0700207
0.0501786
0.0528685
0.0555196
0.047445
0.0444863
-0.118611
-0.131664
-0.145248
-0.137203
-0.113808
-0.113332
-0.110867
-0.0379725
-0.00114333
-0.084154
0.0357815
0.0588595
0.0577354
0.0514918
0.00491662
-0.0459478
-0.262543
-0.235409
-0.201657
-0.176387
-0.159585
-0.143889
-0.220528
-0.193463
-0.242603
-0.131381
-0.0726146
-0.174679
-0.273391
-0.276779
-0.265611
-0.0940455
-0.0914073
-0.0891863
-0.0967673
-0.106976
-0.103401
-0.100062
0.0131249
0.00318923
-8.93137e-05
0.0098574
0.00648026
-0.00335871
-0.0258399
-0.0470202
-0.0529225
-0.0558099
-0.0585012
-0.0694144
-0.0719231
-0.0667445
-0.0640835
-0.0613794
-0.0770715
-0.0795643
-0.082018
-0.0745214
-0.0844558
-0.0869081
0.0473003
0.0385053
0.0355502
0.0416096
0.0446581
0.0229842
0.0196783
0.0261845
0.0293081
0.032504
0.016376
0.0677407
0.0712023
0.0693315
0.062569
0.0594439
0.0647264
0.0656987
0.0577079
0.0551308
0.0525742
0.0500827
0.0322849
0.0353175
0.0292674
0.0261849
0.0382836
-0.0780331
-0.0127175
0.039658
0.0690418
-0.150608
-0.198812
-0.167008
-0.221752
-0.239103
-0.24958
-0.262338
-0.263052
-0.243866
-0.258379
-0.22276
-0.239811
-0.213577
-0.188207
-0.165214
-0.116958
-0.155484
0.0772614
0.0785018
0.0780139
0.07489
0.0772288
0.0762244
0.074425
0.0721574
0.0694387
0.0677779
0.0581005
0.060636
0.0630309
0.06543
0.0722478
0.0700167
0.0500891
0.052782
0.0554277
0.0473476
-0.119464
-0.134451
-0.15342
-0.146858
-0.122061
-0.1145
-0.111055
-0.0406276
0.00205444
-0.0883673
0.0382386
0.0631653
0.0675268
0.0619416
0.0305713
-0.00891783
-0.0320034
-0.259475
-0.232601
-0.210449
-0.189286
-0.152118
-0.223632
-0.196936
-0.241055
-0.128358
-0.0797482
-0.15697
-0.283316
-0.272541
-0.286414
-0.260853
-0.0944131
-0.0917537
-0.089407
-0.0971764
-0.107316
-0.103681
-0.100316
0.0130184
0.00974706
-0.058631
-0.0720647
-0.0772219
-0.0797169
-0.0821711
-0.0746681
-0.0846106
-0.0870675
0.0473993
0.0384985
0.0354439
0.0415177
0.0445033
0.0228789
0.0195763
0.026085
0.0292086
0.0323956
0.0162764
0.0666314
0.0625555
0.0601921
0.0648449
0.057989
0.0553971
0.0527377
0.0500307
-0.0692467
-0.0079489
0.0435107
-0.198389
-0.171193
-0.212046
-0.234677
-0.25449
-0.262718
-0.263905
-0.247541
-0.257567
-0.223015
-0.236051
-0.205165
-0.194109
-0.112658
-0.150952
-0.18568
0.0745985
0.0763861
0.0773761
0.0757935
0.0741102
0.072065
0.0698335
0.067087
0.0677698
0.0580069
0.0605825
0.0629952
0.0653758
0.0721131
0.0699425
-0.118801
-0.13496
-0.159653
-0.155029
-0.128676
-0.114531
-0.111537
-0.0426844
0.00206926
-0.0922818
0.0398614
0.06614
0.0727047
0.0673586
0.0442296
-0.00235853
-0.245334
-0.269106
-0.206267
-0.167491
-0.149287
-0.220509
-0.210421
-0.185074
-0.250198
-0.108043
-0.0549166
-0.154577
-0.288693
-0.281203
-0.27794
-0.286602
-0.266348
-0.0946467
-0.0919809
-0.0895734
-0.0974218
-0.100561
0.0472988
0.0384214
0.0353421
0.0414137
0.0443813
0.0322952
0.0628239
0.0604578
0.0652069
0.0579384
0.0553708
0.0527307
0.0499643
-0.0652997
-0.00446816
-0.187754
-0.213698
-0.224376
-0.240213
-0.249337
-0.257499
-0.263861
-0.261258
-0.254198
-0.243138
-0.210678
-0.227931
-0.23211
-0.112165
-0.150286
-0.182683
-0.207764
0.0742831
0.0759558
0.073935
0.07193
0.0698112
0.0675311
0.0676982
0.0604885
0.0629026
0.0652764
0.0719715
0.0698402
-0.119695
-0.137985
-0.168683
-0.164297
-0.135053
-0.115198
-0.0441457
0.00196548
0.0418267
0.0689668
0.076384
0.0712061
0.0499165
0.0127576
-0.238875
-0.265863
-0.217117
-0.187198
-0.171689
-0.234926
-0.212299
-0.168007
-0.197436
-0.245374
-0.122081
-0.0396401
-0.11168
-0.29227
-0.285918
-0.273963
-0.289121
-0.26129
-0.0948374
-0.0921573
-0.0976356
0.0472166
0.0383282
0.0413135
0.0442758
0.0628366
0.0604201
0.0652193
0.0578647
0.0552943
0.0526587
0.0498731
-0.0631862
-0.186123
-0.202358
-0.219139
-0.23307
-0.250633
-0.25552
-0.261332
-0.258352
-0.251459
-0.242825
-0.224023
-0.237096
-0.113236
-0.152042
-0.183288
-0.206503
0.0741081
0.0717859
0.0697406
0.0675391
0.0675911
0.00243617
0.0792595
0.0740939
0.0531122
0.0207434
-0.240913
-0.25098
-0.271888
-0.21429
-0.186534
-0.234025
-0.224077
-0.157495
-0.192932
-0.252226
-0.0320055
-0.0995334
-0.292134
-0.290391
-0.281293
-0.277031
-0.285066
-0.264392
0.0471225
0.0627867
0.0603581
0.0651645
0.0577735
0.0552002
0.0525655
-0.19215
-0.207612
-0.221517
-0.231849
-0.244248
-0.257235
-0.245803
-0.258582
-0.257272
-0.253237
-0.25125
-0.246753
-0.22311
-0.234386
-0.155787
-0.186196
-0.208594
0.0696384
0.0674809
0.0559083
0.0235851
-0.227993
-0.248644
-0.267587
-0.199614
-0.243509
-0.219585
-0.147447
-0.186251
-0.248544
-0.0282152
-0.0922883
-0.290255
-0.288677
-0.280472
-0.280954
-0.269401
-0.283642
-0.25845
0.0626927
0.0602649
0.0650671
-0.235395
-0.240764
-0.250232
-0.241154
-0.243713
-0.250198
-0.252304
-0.249142
-0.247314
-0.244496
-0.226631
-0.233542
-0.239729
-0.192282
-0.212955
0.0673781
0.0260434
-0.223561
-0.254896
-0.238313
-0.268275
-0.239907
-0.215996
-0.142972
-0.184923
-0.0256666
-0.0891106
-0.285234
-0.287985
-0.282804
-0.27347
-0.276241
-0.270588
-0.277892
-0.26009
-0.228145
-0.23323
-0.247048
-0.233918
-0.23545
-0.247542
-0.246528
-0.244934
-0.245631
-0.244988
-0.232252
-0.237815
-0.237656
-0.23855
-0.221525
-0.227427
-0.253144
-0.259274
-0.2381
-0.254393
-0.217808
-0.14264
-0.187311
-0.0880287
-0.280227
-0.279815
-0.277077
-0.269415
-0.27641
-0.26657
-0.274625
-0.229418
-0.23522
-0.226763
-0.225831
-0.230176
-0.240304
-0.239798
-0.237582
-0.236046
-0.244092
-0.243157
-0.241757
-0.23483
-0.230093
-0.25762
-0.242063
-0.253116
-0.261785
-0.222553
-0.144702
-0.192707
-0.27645
-0.271185
-0.273828
-0.272734
-0.268658
-0.26081
-0.271069
-0.266559
-0.269076
-0.269256
-0.230113
-0.222418
-0.214867
-0.220218
-0.232058
-0.233445
-0.232553
-0.256894
-0.247981
-0.237429
-0.223499
-0.214774
-0.248481
-0.257951
-0.259786
-0.262016
-0.231212
-0.266923
-0.263877
-0.263422
-0.258993
-0.25968
-0.254445
-0.268843
-0.261683
-0.260174
-0.215721
-0.207239
-0.203055
-0.211803
-0.223243
-0.223864
-0.224644
-0.262363
-0.242779
-0.222947
-0.203224
-0.191263
-0.260286
-0.265292
-0.264662
-0.257811
-0.253271
-0.257351
-0.253744
-0.254427
-0.256233
-0.250666
-0.252746
-0.251663
-0.250749
-0.208451
-0.206828
-0.198854
-0.188362
-0.192513
-0.208033
-0.210754
-0.219453
-0.216821
-0.258385
-0.226689
-0.197949
-0.175638
-0.205703
-0.163933
-0.279766
-0.27223
-0.261351
-0.246161
-0.235671
-0.244655
-0.245955
-0.242794
-0.238551
-0.239189
-0.23369
-0.238333
-0.193088
-0.192967
-0.175155
-0.183387
-0.19991
-0.205841
-0.243055
-0.198611
-0.164089
-0.143803
-0.197514
-0.182091
-0.137542
-0.288854
-0.268106
-0.246148
-0.224036
-0.210637
-0.230202
-0.226883
-0.223469
-0.227619
-0.232011
-0.227961
-0.222242
-0.182552
-0.187642
-0.182155
-0.162451
-0.188174
-0.215835
-0.159282
-0.127194
-0.114588
-0.174786
-0.156527
-0.12087
-0.286507
-0.251189
-0.218461
-0.19332
-0.181273
-0.215398
-0.213935
-0.209221
-0.212325
-0.210861
-0.171611
-0.177033
-0.165716
-0.153429
-0.174336
-0.117236
-0.101535
-0.0969117
-0.153527
-0.140569
-0.123856
-0.270838
-0.219987
-0.179794
-0.156373
-0.148769
-0.19925
-0.20353
-0.199308
-0.196277
-0.205523
-0.199598
-0.196939
-0.171282
-0.161465
-0.170093
-0.164302
-0.153581
-0.124565
-0.0987013
-0.0887557
-0.0984251
-0.141306
-0.144565
-0.241014
-0.174322
-0.136317
-0.121295
-0.166823
-0.188916
-0.19413
-0.171611
-0.190855
-0.178021
-0.183996
-0.169215
-0.15961
-0.168335
-0.13342
-0.0999285
-0.0932011
-0.0894836
-0.141482
-0.157805
-0.193138
-0.123312
-0.10534
-0.177007
-0.177184
-0.162749
-0.177399
-0.183883
-0.174802
-0.166648
-0.146213
-0.161291
-0.0950167
-0.0942
-0.166012
-0.13216
-0.10013
-0.148231
-0.161901
-0.170232
-0.145109
-0.0953347
-0.100482
-0.136635
)
;

boundaryField
{
    flap
    {
        type            zeroGradient;
    }
    freestream
    {
        type            freestreamPressure;
        freestreamValue uniform 0;
        value           uniform 0;
    }
    main
    {
        type            zeroGradient;
    }
    BaseAndTop
    {
        type            empty;
    }
    procBoundary1to0
    {
        type            processor;
        value           nonuniform List<scalar> 
150
(
-3.89775e-05
-6.35245e-05
-8.08705e-05
-3.89775e-05
-1.14584e-05
-1.6614e-05
-0.00013348
6.84553e-07
-0.000200245
1.33831e-06
-0.000252728
1.45142e-05
-0.000367648
-0.000549058
-4.35139e-05
-8.25847e-05
-4.35139e-05
-8.25847e-05
-0.00021839
-0.000130451
-0.000322531
-0.000787621
-7.95915e-06
-1.80674e-05
-0.00040023
-0.000907374
-2.00896e-06
-0.000573157
-0.000743612
-0.00126832
5.54706e-06
-0.000836076
-0.00199384
-0.00199384
-0.00246503
-0.0011683
-0.00246503
-0.00345076
-0.0015804
-0.00409123
-0.00211142
-0.00547359
-0.00309584
-0.00657732
-0.00380988
-0.00861737
-0.0050664
-0.0114889
-0.0066977
-0.0148558
-0.00861915
-0.0118779
-0.0182545
-0.0140457
-0.0242123
-0.0179171
-0.0260078
-0.0179171
-0.022664
-0.0344235
-0.022664
-0.0409149
-0.0294745
-0.0447551
-0.0370028
-0.0517449
-0.0407805
-0.05922
-0.0495101
-0.0669263
-0.054066
-0.0733943
-0.0784201
-0.0638366
-0.0825257
-0.0696805
-0.0696805
-0.0858856
-0.0758448
-0.089769
-0.0758448
-0.089769
-0.0813888
-0.0813888
-0.0952422
-0.0865088
-0.0983986
-0.0896823
-0.102497
-0.0952653
-0.102497
-0.106331
-0.100154
-0.112499
-0.103478
-0.109616
-0.11575
-0.121182
-0.115344
-0.124677
-0.120551
-0.126652
-0.126652
-0.128901
-0.122571
-0.141943
-0.128901
-0.132301
-0.132301
-0.123726
-0.133538
-0.141292
-0.134455
-0.159014
-0.127805
-0.15281
-0.166331
-0.172111
-0.184163
-0.200103
-0.213847
-0.22176
-0.192343
-0.200087
-0.233511
-0.221826
-0.227452
-0.227452
-0.217432
-0.244546
-0.222318
-0.215351
-0.249402
-0.246566
-0.203081
-0.241134
-0.181568
-0.176868
-0.241134
-0.226759
-0.226759
-0.202391
-0.15503
-0.202391
-0.13256
-0.173353
-0.161822
-0.119709
-0.137696
-0.123073
)
;
    }
}


// ************************************************************************* //
