/*--------------------------------*- C++ -*----------------------------------*\
| =========                 |                                                 |
| \\      /  F ield         | OpenFOAM: The Open Source CFD Toolbox           |
|  \\    /   O peration     | Version:  v2012                                 |
|   \\  /    A nd           | Website:  www.openfoam.com                      |
|    \\/     M anipulation  |                                                 |
\*---------------------------------------------------------------------------*/
FoamFile
{
    version     2.0;
    format      ascii;
    class       labelList;
    location    "constant/polyMesh";
    object      pointProcAddressing;
}
// * * * * * * * * * * * * * * * * * * * * * * * * * * * * * * * * * * * * * //


16294
(
37
38
39
40
41
42
43
44
45
46
47
48
49
50
51
52
53
54
55
56
57
58
59
60
61
62
63
64
65
66
67
68
69
70
71
72
73
74
75
76
77
78
79
80
81
82
83
84
85
86
87
88
89
90
91
92
93
94
95
96
97
98
99
100
101
102
103
104
105
106
107
108
109
110
111
112
113
114
115
116
117
118
119
120
121
122
123
124
125
126
127
128
129
130
131
132
133
134
135
136
137
138
139
140
141
142
143
285
286
287
288
289
290
291
292
293
294
295
296
297
298
299
300
301
302
303
304
305
306
307
308
309
310
311
312
313
314
315
316
317
318
319
320
321
322
323
324
325
326
327
328
329
330
331
332
333
334
335
336
337
338
339
340
341
342
343
344
345
346
347
348
349
350
351
352
353
354
355
356
357
358
359
360
361
362
363
364
365
366
367
368
369
370
371
372
373
374
375
376
377
378
379
380
381
382
383
384
385
386
387
388
389
390
391
392
393
394
395
396
397
398
399
400
401
402
403
404
405
406
407
408
409
410
411
412
413
414
415
416
417
418
1665
1666
1667
1674
1675
1676
1764
1765
1766
1843
1844
1845
1853
1854
1855
1930
1931
1932
1933
1934
1935
1936
1937
1938
1939
1940
1941
1948
1949
1950
1951
1952
1953
2020
2021
2022
2023
2024
2025
2026
2027
2028
2029
2030
2031
2032
2033
2040
2041
2042
2043
2044
2045
2086
2087
2088
2089
2090
2091
2092
2093
2094
2095
2096
2098
2099
2110
2111
2112
2113
2114
2115
2116
2117
2118
2158
2159
2161
2162
2163
2164
2168
2169
2170
2171
2172
2173
2174
2175
2176
2177
2178
2179
2180
2181
2182
2183
2184
2185
2186
2199
2200
2201
2202
2203
2204
2231
2232
2233
2234
2235
2236
2237
2240
2241
2242
2243
2244
2245
2246
2247
2248
2249
2250
2251
2252
2253
2254
2255
2256
2257
2258
2259
2261
2273
2274
2275
2276
2277
2278
2279
2280
2281
2282
2283
2284
2301
2302
2303
2304
2317
2319
2320
2321
2322
2323
2324
2325
2326
2327
2328
2329
2330
2331
2332
2333
2334
2335
2336
2337
2338
2339
2340
2341
2342
2343
2344
2345
2346
2357
2358
2359
2360
2361
2362
2363
2364
2365
2366
2367
2368
2386
2387
2388
2389
2390
2391
2396
2397
2398
2399
2400
2401
2402
2403
2404
2405
2406
2407
2408
2409
2410
2411
2412
2413
2414
2415
2416
2417
2418
2419
2420
2421
2422
2423
2424
2425
2426
2427
2428
2429
2430
2431
2432
2433
2434
2435
2436
2437
2438
2440
2441
2442
2443
2444
2445
2446
2447
2448
2449
2450
2451
2452
2453
2454
2455
2456
2457
2463
2464
2465
2476
2477
2478
2479
2480
2481
2482
2483
2484
2485
2486
2487
2488
2489
2490
2491
2492
2493
2494
2495
2496
2497
2498
2499
2500
2501
2502
2503
2504
2505
2506
2507
2508
2509
2510
2511
2512
2513
2514
2515
2516
2517
2518
2519
2520
2521
2522
2523
2524
2525
2526
2527
2537
2538
2539
2540
2541
2542
2543
2544
2545
2546
2547
2548
2549
2550
2551
2552
2553
2554
2555
2556
2557
2558
2559
2560
2561
2562
2563
2564
2565
2566
2567
2568
2569
2570
2571
2572
2573
2574
2575
2576
2577
2578
2579
2580
2581
2582
2583
2584
2585
2586
2587
2588
2589
2590
2591
2592
2593
2594
2595
2596
2597
2598
2599
2600
2601
2602
2603
2604
2605
2609
2610
2611
2612
2613
2614
2621
2622
2623
2624
2625
2626
2627
2628
2629
2630
2631
2632
2633
2634
2635
2636
2637
2638
2639
2640
2641
2642
2643
2644
2645
2646
2647
2648
2649
2650
2651
2652
2653
2654
2655
2656
2657
2658
2659
2660
2661
2662
2663
2664
2665
2666
2667
2668
2669
2670
2671
2672
2673
2674
2675
2676
2677
2678
2679
2680
2681
2682
2683
2684
2685
2686
2687
2688
2689
2690
2691
2692
2693
2694
2695
2696
2697
2698
2699
2700
2701
2702
2703
2704
2705
2708
2709
2710
2711
2712
2713
2714
2715
2716
2717
2718
2719
2720
2721
2722
2723
2724
2725
2726
2727
2728
2729
2730
2731
2732
2733
2734
2735
2736
2737
2738
2739
2740
2741
2742
2743
2744
2745
2746
2747
2748
2749
2750
2751
2752
2753
2754
2755
2756
2757
2758
2759
2760
2761
2762
2763
2764
2765
2766
2767
2768
2769
2770
2771
2772
2773
2774
2775
2776
2777
2778
2779
2780
2781
2782
2783
2784
2785
2786
2787
2788
2789
2790
2791
2792
2793
2794
2795
2796
2797
2798
2799
2800
2801
2802
2803
2804
2805
2806
2807
2808
2809
2810
2811
2812
2813
2814
2815
2816
2817
2818
2819
2820
2821
2822
2823
2824
2825
2826
2827
2828
2829
2830
2831
2832
2833
2834
2835
2836
2837
2838
2839
2840
2841
2842
2843
2844
2845
2846
2847
2848
2849
2850
2851
2852
2853
2854
2855
2856
2857
2858
2859
2860
2861
2862
2863
2864
2865
2866
2867
2868
2869
2870
2871
2872
2873
2874
2875
2876
2877
2878
2879
2880
2881
2882
2883
2884
2885
2886
2887
2888
2889
2890
2891
2892
2893
2894
2895
2896
2897
2898
2899
2900
2901
2902
2903
2904
2905
2906
2907
2908
2909
2910
2911
2912
2913
2914
2915
2916
2917
2918
2919
2920
2921
2922
2923
2924
2925
2926
2927
2928
2929
2930
2931
2932
2933
2934
2935
2936
2937
2938
2939
2940
2941
2942
2943
2944
2945
2946
2947
2948
2949
2950
2951
2952
2953
2954
2955
2956
2957
2958
2959
2960
2961
2962
2963
2964
2965
2966
2967
2968
2969
2970
2971
2972
2973
2974
2975
2976
2977
2978
2979
2980
2981
2982
2983
2984
2985
2986
2987
2988
2989
2990
2991
2992
2993
2994
2995
2996
2997
2998
2999
3000
3001
3002
3003
3004
3005
3006
3007
3008
3009
3010
3011
3012
3013
3014
3015
3016
3017
3018
3019
3020
3021
3022
3023
3024
3025
3026
3027
3028
3029
3030
3031
3032
3033
3034
3035
3036
3037
3038
3039
3040
3041
3042
3043
3044
3045
3046
3047
3048
3049
3050
3051
3052
3053
3054
3055
3056
3057
3058
3059
3060
3061
3062
3063
3064
3065
3066
3067
3068
3069
3070
3071
3072
3073
3074
3075
3076
3077
3078
3079
3080
3081
3082
3083
3084
3085
3086
3087
3088
3089
3090
3091
3092
3093
3094
3095
3096
3097
3098
3099
3100
3101
3102
3103
3104
3105
3106
3107
3108
3109
3110
3111
3112
3113
3114
3115
3116
3117
3118
3119
3120
3121
3122
3123
3124
3125
3126
3127
3128
3129
3130
3131
3132
3133
3134
3135
3136
3137
3138
3139
3140
3141
3142
3143
3144
3145
3146
3147
3148
3149
3150
3151
3152
3153
3154
3155
3156
3157
3158
3159
3160
3161
3162
3163
3164
3165
3166
3167
3168
3169
3170
3171
3172
3173
3174
3175
3176
3177
3178
3179
3180
3181
3182
3183
3184
3185
3186
3187
3188
3189
3190
3191
3192
3193
3194
3195
3196
3197
3198
3199
3200
3201
3202
3203
3204
3205
3206
3207
3208
3209
3210
3211
3212
3213
3214
3215
3216
3217
3218
3219
3220
3221
3222
3223
3224
3225
3226
3227
3228
3229
3230
3231
3232
3233
3234
3235
3236
3237
3238
3239
3240
3241
3242
3243
3244
3245
3246
3247
3248
3249
3250
3251
3252
3253
3254
3255
3256
3257
3258
3259
3260
3261
3262
3263
3264
3265
3266
3267
3268
3269
3270
3271
3272
3273
3274
3275
3276
3277
3278
3279
3280
3281
3282
3283
3284
3285
3286
3287
3288
3289
3290
3291
3292
3293
3294
3295
3296
3297
3298
3299
3300
3301
3302
3303
3304
3305
3306
3307
3308
3309
3310
3311
3312
3313
3314
3315
3316
3317
3318
3319
3320
3321
3322
3323
3324
3325
3326
3327
3328
3329
3330
3331
3332
3333
3334
3335
3336
3337
3338
3339
3340
3341
3342
3343
3344
3345
3346
3347
3348
3349
3350
3351
3352
3353
3354
3355
3356
3357
3358
3359
3360
3361
3362
3363
3364
3365
3366
3367
3368
3369
3370
3371
3372
3373
3374
3375
3376
3377
3378
3379
3380
3381
3382
3383
3384
3385
3386
3387
3388
3389
3390
3391
3392
3393
3394
3395
3396
3397
3398
3399
3400
3401
3402
3403
3404
3405
3406
3407
3408
3409
3410
3411
3412
3413
3414
3415
3416
3417
3418
3419
3420
3421
3422
3423
3424
3425
3426
3427
3428
3429
3430
3431
3432
3433
3434
3435
3436
3437
3438
3439
3440
3441
3442
3443
3444
3445
3446
3447
3448
3449
3450
3451
3452
3453
3454
3455
3456
3457
3458
3459
3460
3461
3462
3463
3464
3465
3466
3467
3468
3469
3470
3471
3472
3473
3474
3475
3476
3477
3478
3479
3480
3481
3482
3483
3484
3485
3486
3487
3488
3489
3490
3491
3492
3493
3494
3495
3496
3497
3498
3499
3500
3501
3502
3503
3504
3505
3506
3507
3508
3509
3510
3511
3512
3513
3514
3515
3516
3517
3518
3519
3520
3521
3522
3523
3524
3525
3526
3527
3528
3529
3530
3531
3532
3533
3534
3535
3536
3537
3538
3539
3540
3541
3542
3543
3544
3545
3546
3547
3548
3549
3550
3551
3552
3553
3554
3555
3556
3557
3558
3559
3560
3561
3562
3563
3564
3565
3566
3567
3568
3569
3570
3571
3572
3573
3574
3575
3576
3577
3578
3579
3580
3581
3582
3583
3584
3585
3586
3587
3588
3589
3590
3591
3592
3593
3594
3595
3596
3597
3598
3599
3600
3601
3602
3603
3604
3605
3606
3607
3608
3609
3610
3611
3612
3613
3614
3615
3616
3617
3618
3619
3620
3621
3622
3623
3624
3625
3626
3627
3628
3629
3630
3631
3632
3633
3634
3635
3636
3637
3638
3639
3640
3641
3642
3643
3644
3645
3646
3647
3648
3649
3650
3651
3652
3653
3654
3655
3656
3657
3658
3659
3660
3661
3662
3663
3664
3665
3666
3667
3668
3669
3670
3671
3672
3673
3674
3675
3676
3677
3678
3679
3680
3681
3682
3683
3684
3685
3686
3687
3688
3689
3690
3691
3692
3693
3694
3695
3696
3697
3698
3699
3700
3701
3702
3703
3704
3705
3706
3707
3708
3709
3710
3711
3712
3713
3714
3715
3716
3717
3718
3719
3720
3721
3722
3723
3724
3725
3726
3727
3728
3729
3730
3731
3732
3733
3734
3735
3736
3737
3738
3739
3740
3741
3742
3743
3744
3745
3746
3747
3748
3749
3750
3751
3752
3753
3754
3755
3756
3757
3758
3759
3760
3761
3762
3763
3764
3765
3766
3767
3768
3769
3770
3771
3772
3773
3774
3775
3776
3777
3778
3779
3780
3781
3782
3783
3784
3785
3786
3787
3788
3789
3790
3791
3792
3793
3794
3795
3796
3797
3798
3799
3800
3801
3802
3803
3804
3805
3806
3807
3808
3809
3810
3811
3812
3813
3814
3815
3816
3817
3818
3819
3820
3821
3822
3823
3824
3825
3826
3827
3828
3829
3830
3831
3832
3833
3834
3835
3836
3837
3838
3839
3840
3841
3842
3843
3844
3845
3846
3847
3848
3849
3850
3851
3852
3853
3854
3855
3856
3857
3858
3859
3860
3861
3862
3863
3864
3865
3866
3867
3868
3869
3870
3871
3872
3873
3874
3875
3876
3877
3878
3879
3880
3881
3882
3883
3884
3885
3886
3887
3888
3889
3890
3891
3892
3893
3894
3895
3896
3897
3898
3899
3900
3901
3902
3903
3904
3905
3906
3907
3908
3909
3910
3911
3912
3913
3914
3915
3916
3917
3918
3919
3920
3921
3922
3923
3924
3925
3926
3927
3928
3929
3930
3931
3932
3933
3934
3935
3936
3937
3938
3939
3940
3941
3942
3943
3944
3945
3946
3947
3948
3949
3950
3951
3952
3953
3954
3955
3956
3957
3958
3959
3960
3961
3962
3970
3971
3973
3975
3977
3978
3979
3980
3981
3982
3983
3984
3985
3986
3990
3991
3992
3993
3994
3995
3996
3997
3998
3999
4000
4001
4002
4003
4004
4005
4006
4007
4008
4009
4010
4011
4012
4014
4015
4016
4017
4018
4019
4020
4021
4022
4023
4024
4025
4026
4027
4028
4029
4033
4034
4035
4036
4063
4067
4068
4069
4071
4072
4073
4074
4075
4076
4081
4082
4083
4084
4085
4086
4087
4088
4092
4093
4094
4095
4096
4097
4098
4107
4108
4109
4110
4114
4115
4122
4123
4124
4128
4129
4130
4137
4138
4139
4140
4141
4152
4153
4154
4158
4159
4166
4167
4168
4169
4170
4176
4177
4178
4179
4180
4186
4187
4188
4189
4193
4194
4199
4200
4201
4202
4203
4204
4205
4206
4207
4208
4209
4210
4211
4212
4213
4217
4218
4220
4221
4222
4223
4224
4225
4226
4228
4229
4230
4231
4237
4242
4245
4247
4248
4249
4250
4251
4252
4253
4254
4255
4256
4257
4264
4265
4266
4267
4268
4269
4275
4276
4285
4286
4287
4294
4296
4297
4298
4299
4300
4306
4307
4309
4310
4311
4315
4319
4320
4321
4322
4323
4324
4325
4326
4332
4342
4343
4344
4346
4347
4354
4355
4356
4357
4358
4359
4360
4367
4368
4369
4374
4375
4376
4377
4378
4379
4380
4381
4382
4383
4389
4390
4391
4392
4393
4394
4400
4402
4403
4404
4405
4406
4407
4409
4410
4411
4412
4413
4414
4415
4416
4417
4418
4419
4420
4426
4427
4428
4435
4436
4438
4439
4441
4445
4447
4448
4452
4453
4454
4455
4456
4457
4458
4459
4460
4461
4462
4463
4464
4465
4466
4467
4474
4475
4478
4486
4487
4488
4489
4496
4497
4498
4499
4500
4501
4510
4511
4512
4513
4514
4515
4516
4517
4518
4519
4527
4528
4530
4531
4532
4535
4536
4537
4538
4539
4541
4542
4547
4548
4549
4550
4555
4567
4568
4569
4570
4571
4576
4577
4578
4579
4580
4581
4582
4583
4584
4585
4586
4587
4588
4589
4590
4591
4592
4593
4594
4595
4596
4597
4598
4614
4621
4622
4623
4627
4628
4629
4631
4637
4638
4639
4640
4641
4642
4648
4649
4650
4651
4652
4655
4665
4666
4667
4668
4669
4670
4675
4676
4677
4686
4691
4692
4693
4694
4695
4696
4704
4705
4706
4707
4708
4709
4710
4713
4714
4715
4721
4722
4723
4724
4732
4733
4734
4735
4736
4737
4744
4745
4746
4747
4748
4749
4750
4751
4782
4797
4798
4799
4800
4801
4809
4810
4811
4812
4813
4814
4815
4816
4817
4818
4819
4820
4821
4826
4827
4828
4829
4830
4831
4832
4833
4834
4835
4836
4837
4844
4845
4846
4847
4848
4849
4856
4857
4858
4859
4864
4865
4866
4867
4891
4892
4893
4909
4910
4916
4917
4918
4919
4920
4921
4922
4923
4924
4925
4926
4927
4928
4930
4933
4934
4935
4936
4941
4942
4957
4958
4959
4960
4961
4962
4976
4977
4978
4979
4981
4982
4983
4984
4985
4988
4989
4991
4992
4994
4995
5011
5012
5013
5014
5015
5016
5018
5019
5020
5021
5022
5023
5024
5025
5026
5027
5028
5030
5031
5032
5033
5034
5037
5038
5039
5047
5048
5049
5050
5051
5053
5054
5055
5056
5057
5058
5059
5060
5063
5064
5066
5067
5068
5069
5071
5073
5074
5075
5076
5077
5078
5102
5103
5108
5109
5118
5119
5120
5130
5131
5132
5133
5134
5138
5139
5140
5145
5150
5151
5152
5153
5154
5164
5165
5166
5167
5185
5186
5187
5188
5189
5190
5191
5192
5193
5200
5201
5202
5203
5204
5205
5206
5207
5208
5209
5210
5211
5214
5215
5216
5217
5218
5219
5220
5221
5222
5236
5237
5241
5242
5243
5244
5245
5246
5247
5248
5255
5256
5257
5258
5259
5260
5261
5268
5269
5270
5271
5272
5273
5274
5275
5284
5285
5286
5287
5288
5289
5290
5291
5292
5293
5302
5303
5304
5305
5306
5307
5308
5309
5310
5311
5312
5318
5319
5324
5325
5328
5329
5330
5331
5332
5333
5340
5341
5342
5343
5344
5345
5349
5350
5354
5355
5356
5357
5358
5359
5360
5361
5362
5363
5364
5365
5366
5367
5368
5369
5370
5371
5372
5373
5374
5375
5376
5377
5378
5379
5390
5391
5392
5393
5394
5395
5418
5419
5420
5422
5423
5424
5425
5432
5433
5434
5435
5436
5437
5438
5441
5445
5446
5447
5448
5451
5452
5453
5454
5461
5462
5463
5464
5465
5466
5467
5468
5469
5470
5471
5475
5476
5477
5481
5482
5483
5484
5485
5491
5492
5496
5504
5505
5506
5507
5508
5516
5517
5518
5519
5520
5521
5530
5531
5532
5537
5538
5539
5546
5547
5548
5549
5551
5552
5553
5554
5555
5556
5557
5558
5559
5560
5564
5565
5566
5567
5568
5569
5570
5571
5575
5576
5577
5586
5587
5588
5589
5590
5595
5596
5597
5598
5599
5600
5601
5602
5603
5611
5612
5619
5624
5625
5626
5627
5628
5635
5636
5637
5638
5639
5646
5651
5652
5653
5654
5655
5656
5657
5658
5659
5660
5661
5667
5668
5669
5670
5675
5676
5677
5678
5679
5680
5686
5687
5688
5689
5690
5691
5694
5695
5696
5697
5698
5706
5713
5714
5715
5720
5721
5722
5723
5724
5729
5730
5731
5732
5736
5737
5738
5739
5740
5741
5742
5755
5756
5757
5758
5759
5760
5765
5766
5767
5768
5769
5770
5771
5775
5776
5777
5779
5780
5781
5782
5783
5785
5786
5797
5798
5799
5800
5801
5803
5804
5805
5806
5807
5816
5817
5818
5823
5825
5826
5827
5828
5829
5836
5837
5838
5839
5840
5843
5844
5864
5865
5876
5877
5878
5879
5880
5881
5882
5883
5884
5885
5886
5887
5888
5889
5895
5896
5897
5910
5911
5912
5922
5928
5933
5934
5935
5936
5937
5938
5940
5941
5947
5948
5949
5950
5951
5952
5957
5958
5959
5960
5961
5962
5963
5964
5965
5966
5967
5968
5976
5994
5995
5996
5997
5998
5999
6000
6011
6012
6013
6014
6021
6022
6023
6024
6025
6026
6027
6028
6029
6030
6031
6032
6040
6041
6042
6043
6044
6045
6046
6047
6053
6054
6055
6056
6057
6058
6059
6060
6061
6062
6063
6064
6065
6066
6067
6068
6069
6074
6075
6076
6077
6078
6079
6080
6081
6082
6083
6084
6100
6127
6128
6129
6130
6131
6132
6133
6134
6135
6136
6137
6138
6139
6140
6141
6147
6148
6149
6150
6151
6152
6155
6164
6165
6166
6167
6168
6173
6185
6186
6187
6208
6209
6211
6212
6213
6214
6215
6216
6225
6226
6227
6228
6229
6233
6234
6235
6236
6237
6238
6256
6258
6259
6260
6261
6262
6263
6264
6265
6266
6267
6268
6269
6270
6271
6272
6277
6278
6279
6280
6281
6282
6292
6293
6296
6303
6304
6305
6306
6307
6308
6309
6310
6311
6312
6313
6314
6320
6321
6322
6323
6327
6328
6332
6333
6334
6335
6356
6357
6358
6359
6360
6361
6367
6368
6369
6370
6373
6374
6375
6376
6377
6378
6379
6380
6381
6382
6388
6389
6390
6391
6398
6399
6410
6411
6412
6413
6414
6419
6425
6426
6427
6428
6429
6445
6446
6471
6481
6494
6500
6501
6502
6505
6506
6507
6510
6512
6522
6523
6524
6525
6530
6531
6534
6535
6536
6537
6538
6539
6540
6541
6542
6543
6544
6546
6547
6548
6549
6550
6551
6552
6556
6564
6565
6566
6567
6568
6569
6571
6572
6573
6574
6575
6576
6577
6580
6581
6582
6585
6586
6587
6589
6590
6591
6592
6593
6594
6595
6605
6606
6614
6615
6616
6620
6621
6622
6633
6634
6635
6636
6642
6643
6650
6651
6652
6656
6657
6658
6659
6660
6661
6678
6679
6680
6681
6694
6695
6696
6697
6698
6699
6700
6701
6702
6708
6717
6718
6723
6724
6725
6726
6727
6728
6729
6730
6731
6732
6733
6734
6735
6742
6743
6744
6745
6746
6747
6758
6759
6766
6774
6775
6776
6783
6784
6785
6786
6787
6788
6789
6797
6798
6799
6800
6807
6808
6809
6810
6811
6812
6813
6814
6820
6821
6822
6823
6824
6825
6826
6827
6828
6836
6837
6838
6839
6840
6841
6842
6844
6845
6854
6867
6868
6869
6870
6871
6877
6878
6879
6880
6881
6882
6883
6884
6885
6890
6891
6892
6893
6894
6898
6899
6904
6905
6906
6907
6910
6911
6912
6913
6919
6920
6923
6924
6925
6926
6927
6928
6934
6935
6936
6937
6943
6944
6945
6946
6947
6948
6949
6950
6969
6970
6971
6972
6973
6974
6975
6976
6977
6981
6982
6989
6990
6991
6992
6993
6997
6998
7000
7001
7002
7003
7004
7005
7006
7014
7015
7020
7021
7022
7023
7024
7025
7026
7027
7033
7034
7035
7036
7037
7038
7039
7046
7047
7048
7050
7051
7052
7053
7054
7057
7065
7066
7067
7068
7069
7070
7071
7072
7074
7076
7077
7084
7085
7086
7092
7101
7102
7103
7104
7105
7106
7108
7109
7110
7111
7112
7125
7129
7130
7131
7132
7140
7141
7142
7153
7161
7162
7163
7164
7166
7171
7173
7174
7175
7176
7177
7178
7179
7180
7181
7182
7183
7184
7185
7186
7187
7188
7189
7190
7194
7195
7196
7197
7214
7215
7216
7228
7229
7230
7231
7232
7235
7236
7237
7238
7239
7240
7241
7242
7243
7244
7245
7252
7256
7257
7258
7259
7262
7263
7264
7269
7270
7271
7272
7278
7279
7280
7281
7282
7283
7284
7285
7286
7290
7291
7292
7293
7296
7297
7298
7299
7300
7307
7308
7309
7310
7319
7320
7322
7323
7324
7325
7329
7330
7331
7332
7333
7335
7339
7340
7341
7342
7343
7344
7345
7346
7347
7348
7349
7350
7351
7352
7354
7355
7356
7357
7358
7359
7363
7364
7365
7366
7367
7368
7369
7370
7371
7372
7373
7377
7383
7384
7385
7386
7393
7394
7404
7405
7406
7415
7416
7417
7418
7421
7422
7423
7424
7425
7426
7431
7455
7456
7457
7458
7467
7468
7479
7480
7481
7482
7483
7484
7489
7490
7492
7493
7494
7495
7496
7497
7498
7499
7500
7501
7503
7518
7519
7520
7521
7522
7528
7547
7548
7549
7550
7551
7552
7553
7554
7555
7556
7565
7566
7569
7570
7571
7572
7573
7582
7583
7597
7598
7599
7600
7601
7604
7607
7608
7609
7610
7611
7612
7613
7614
7615
7617
7618
7619
7620
7621
7622
7637
7638
7639
7640
7641
7643
7644
7645
7646
7653
7654
7655
7656
7657
7658
7659
7661
7662
7667
7668
7669
7670
7671
7672
7673
7674
7675
7676
7677
7682
7683
7684
7685
7686
7687
7688
7689
7690
7691
7692
7693
7694
7695
7696
7707
7714
7718
7719
7720
7721
7722
7723
7726
7727
7728
7729
7743
7744
7745
7746
7747
7752
7753
7754
7755
7757
7758
7759
7760
7761
7767
7768
7769
7771
7772
7778
7779
7780
7781
7784
7785
7786
7787
7788
7789
7790
7791
7801
7802
7803
7804
7805
7806
7807
7808
7811
7812
7813
7814
7821
7822
7824
7825
7833
7834
7841
7842
7843
7844
7853
7854
7855
7856
7857
7858
7859
7860
7861
7862
7863
7864
7869
7870
7871
7872
7873
7874
7875
7877
7878
7879
7880
7883
7884
7885
7890
7891
7892
7893
7894
7909
7910
7923
7924
7925
7926
7927
7936
7946
7947
7948
7949
7952
7956
7957
7958
7959
7960
7961
7963
7964
7965
7966
7967
7968
7971
7981
7982
7985
7986
7990
7994
7995
7998
7999
8000
8001
8012
8018
8019
8020
8021
8022
8025
8026
8027
8034
8035
8036
8037
8038
8040
8041
8042
8043
8044
8045
8046
8047
8053
8054
8055
8056
8057
8058
8059
8060
8061
8062
8074
8075
8076
8077
8078
8079
8080
8081
8082
8083
8084
8085
8086
8087
8088
8089
8090
8091
8092
8093
8094
8105
8106
8107
8113
8114
8115
8116
8117
8118
8119
8120
8121
8122
8123
8127
8128
8136
8140
8141
8142
8143
8144
8151
8152
8153
8154
8155
8156
8157
8185
8186
8187
8188
8200
8204
8205
8207
8208
8209
8210
8211
8212
8213
8214
8223
8224
8225
8226
8227
8229
8230
8231
8232
8234
8235
8236
8237
8238
8239
8246
8252
8253
8254
8264
8265
8266
8267
8268
8272
8273
8274
8275
8276
8293
8298
8299
8302
8303
8304
8305
8306
8307
8308
8309
8318
8319
8321
8322
8323
8324
8325
8326
8327
8328
8340
8341
8342
8343
8344
8345
8346
8347
8348
8349
8350
8351
8352
8353
8354
8359
8360
8362
8363
8364
8365
8366
8367
8368
8378
8379
8380
8381
8382
8391
8392
8393
8397
8398
8399
8402
8403
8407
8408
8409
8410
8411
8412
8413
8414
8415
8416
8417
8422
8423
8424
8427
8428
8434
8435
8436
8437
8438
8440
8443
8447
8448
8449
8450
8451
8452
8453
8454
8455
8456
8457
8458
8466
8471
8472
8473
8474
8475
8476
8477
8480
8482
8483
8484
8485
8486
8487
8492
8493
8499
8500
8503
8504
8505
8510
8511
8512
8513
8514
8518
8519
8520
8521
8522
8523
8530
8531
8538
8539
8540
8543
8544
8545
8546
8547
8555
8556
8557
8558
8560
8561
8562
8563
8564
8565
8566
8567
8568
8569
8570
8571
8572
8573
8584
8585
8586
8587
8593
8594
8595
8596
8597
8598
8599
8600
8601
8602
8604
8606
8607
8608
8609
8610
8611
8612
8613
8614
8615
8616
8617
8621
8622
8623
8624
8625
8626
8630
8631
8632
8635
8636
8637
8638
8640
8649
8650
8651
8652
8653
8665
8666
8667
8668
8669
8685
8697
8698
8699
8704
8705
8706
8707
8708
8710
8712
8713
8714
8719
8720
8721
8722
8723
8728
8729
8730
8735
8736
8737
8738
8739
8740
8741
8742
8744
8745
8746
8747
8748
8750
8757
8758
8759
8760
8761
8762
8763
8764
8766
8767
8768
8769
8770
8772
8774
8776
8777
8783
8784
8785
8786
8787
8788
8789
8790
8791
8792
8793
8796
8797
8798
8804
8805
8812
8813
8814
8816
8817
8818
8819
8820
8821
8822
8823
8826
8827
8828
8829
8830
8831
8832
8833
8839
8840
8842
8844
8845
8847
8848
8849
8850
8851
8852
8857
8858
8859
8860
8863
8864
8868
8869
8870
8871
8878
8879
8880
8881
8882
8883
8884
8885
8886
8887
8888
8890
8891
8892
8893
8899
8900
8901
8904
8905
8906
8907
8908
8909
8910
8911
8914
8915
8916
8917
8919
8920
8921
8922
8923
8924
8933
8934
8939
8940
8944
8948
8949
8950
8953
8954
8955
8956
8957
8958
8959
8960
8961
8962
8963
8964
8965
8966
8967
8968
8969
8970
8980
8981
8982
8983
8998
8999
9000
9001
9005
9006
9012
9013
9014
9015
9026
9027
9028
9029
9030
9031
9032
9033
9034
9035
9039
9040
9041
9042
9043
9045
9047
9058
9059
9060
9061
9062
9063
9064
9065
9066
9067
9068
9074
9075
9080
9081
9082
9087
9088
9089
9090
9100
9101
9102
9103
9104
9105
9106
9109
9110
9111
9112
9119
9127
9128
9129
9130
9131
9132
9133
9136
9140
9141
9142
9143
9144
9145
9146
9153
9154
9159
9160
9161
9162
9163
9169
9170
9171
9172
9173
9174
9179
9181
9182
9185
9193
9194
9195
9196
9200
9201
9202
9203
9204
9205
9212
9219
9220
9221
9222
9223
9224
9225
9229
9230
9231
9232
9233
9236
9237
9240
9241
9242
9243
9244
9245
9260
9261
9262
9263
9264
9271
9272
9273
9274
9275
9276
9277
9278
9288
9291
9292
9293
9294
9295
9302
9303
9306
9310
9311
9320
9322
9323
9324
9325
9327
9328
9329
9332
9333
9334
9335
9336
9337
9338
9343
9344
9345
9346
9347
9354
9355
9356
9357
9358
9360
9361
9362
9363
9364
9365
9366
9367
9368
9369
9370
9371
9372
9379
9380
9381
9382
9385
9386
9387
9388
9389
9390
9391
9392
9393
9398
9399
9400
9401
9402
9403
9404
9405
9406
9407
9408
9409
9410
9411
9413
9414
9419
9420
9421
9422
9423
9424
9425
9426
9427
9428
9429
9430
9431
9432
9435
9436
9437
9438
9439
9440
9441
9442
9447
9448
9449
9450
9451
9452
9453
9455
9458
9462
9463
9464
9465
9466
9471
9474
9475
9476
9477
9478
9481
9482
9483
9484
9485
9486
9487
9488
9489
9490
9491
9492
9493
9495
9496
9497
9498
9501
9502
9503
9504
9505
9506
9507
9508
9509
9510
9513
9514
9517
9530
9547
9548
9549
9550
9551
9552
9553
9569
9571
9572
9573
9574
9575
9576
9577
9578
9579
9580
9582
9583
9584
9585
9586
9587
9588
9589
9591
9592
9593
9594
9595
9596
9602
9603
9604
9605
9606
9607
9608
9609
9610
9618
9625
9626
9627
9628
9629
9630
9631
9632
9633
9634
9636
9637
9638
9639
9640
9641
9642
9643
9644
9646
9647
9648
9649
9650
9651
9652
9653
9654
9655
9656
9657
9658
9659
9660
9666
9667
9668
9669
9670
9671
9672
9677
9678
9679
9680
9681
9682
9683
9684
9685
9686
9687
9688
9690
9691
9692
9693
9697
9698
9699
9700
9701
9702
9703
9705
9706
9712
9713
9714
9715
9716
9717
9721
9722
9723
9729
9730
9731
9732
9737
9745
9746
9747
9748
9754
9756
9757
9758
9759
9760
9761
9762
9763
9764
9765
9766
9767
9768
9775
9777
9790
9791
9792
9793
9794
9803
9804
9805
9806
9807
9808
9809
9810
9811
9812
9814
9815
9818
9830
9831
9832
9833
9834
9835
9836
9837
9841
9842
9843
9844
9845
9846
9847
9848
9853
9854
9855
9856
9857
9858
9859
9860
9861
9862
9865
9866
9868
9869
9870
9872
9873
9874
9875
9876
9877
9878
9879
9882
9892
9897
9898
9906
9912
9913
9914
9915
9916
9919
9920
9921
9922
9923
9924
9926
9927
9928
9929
9930
9931
9932
9934
9935
9936
9944
9948
9950
9951
9952
9953
9954
9955
9956
9957
9959
9960
9961
9964
9967
9970
9971
9974
9975
9976
9977
9978
9981
9982
9983
9984
9985
9986
9987
9988
9991
9992
9993
9994
9995
9996
10000
10001
10002
10003
10004
10005
10006
10007
10008
10009
10010
10011
10014
10015
10016
10017
10018
10019
10020
10021
10027
10028
10029
10030
10031
10032
10037
10038
10039
10043
10044
10045
10048
10049
10052
10053
10054
10055
10056
10057
10058
10059
10060
10061
10062
10063
10064
10066
10067
10068
10069
10070
10071
10073
10074
10075
10076
10077
10083
10084
10085
10086
10087
10090
10091
10092
10096
10097
10099
10100
10103
10104
10105
10107
10108
10109
10110
10111
10112
10114
10115
10116
10117
10118
10119
10120
10121
10127
10128
10129
10130
10131
10132
10135
10136
10137
10138
10139
10140
10147
10148
10149
10150
10151
10152
10153
10154
10155
10156
10162
10163
10164
10165
10166
10167
10172
10173
10174
10175
10176
10180
10181
10182
10183
10184
10186
10187
10188
10189
10190
10191
10192
10193
10194
10195
10198
10200
10201
10203
10204
10205
10207
10208
10209
10210
10211
10213
10214
10215
10216
10217
10218
10219
10220
10221
10222
10223
10226
10227
10228
10229
10230
10231
10232
10233
10239
10240
10241
10243
10244
10246
10247
10248
10249
10250
10252
10253
10254
10255
10256
10257
10258
10259
10260
10261
10266
10267
10268
10269
10270
10271
10272
10273
10274
10276
10278
10279
10280
10281
10282
10283
10284
10285
10286
10287
10288
10289
10293
10294
10295
10296
10299
10300
10301
10302
10312
10313
10314
10315
10317
10318
10319
10320
10321
10322
10323
10324
10325
10326
10327
10328
10329
10330
10331
10332
10333
10334
10335
10338
10339
10340
10341
10342
10343
10344
10345
10346
10347
10348
10349
10350
10351
10352
10353
10354
10355
10358
10359
10360
10361
10362
10363
10364
10365
10369
10370
10371
10372
10373
10374
10380
10381
10382
10385
10386
10387
10388
10389
10390
10396
10399
10400
10401
10402
10403
10404
10411
10412
10413
10414
10417
10418
10419
10420
10421
10422
10423
10424
10430
10431
10432
10433
10434
10435
10436
10437
10438
10439
10441
10442
10443
10444
10445
10449
10450
10453
10458
10459
10463
10464
10465
10466
10467
10474
10475
10476
10477
10478
10479
10480
10481
10483
10484
10485
10486
10487
10490
10491
10492
10493
10494
10495
10496
10498
10499
10500
10504
10505
10506
10507
10508
10509
10510
10511
10512
10513
10514
10515
10516
10517
10518
10519
10520
10523
10533
10537
10538
10539
10540
10541
10545
10546
10547
10548
10551
10552
10553
10554
10555
10556
10557
10558
10559
10560
10561
10562
10563
10566
10567
10568
10569
10571
10572
10573
10574
10575
10576
10577
10578
10579
10580
10581
10582
10583
10584
10585
10586
10587
10590
10591
10592
10593
10594
10596
10597
10604
10605
10606
10607
10608
10609
10610
10611
10612
10613
10616
10617
10618
10619
10621
10622
10623
10624
10625
10626
10627
10628
10629
10630
10631
10632
10633
10634
10635
10636
10637
10638
10641
10642
10643
10644
10645
10646
10647
10648
10649
10652
10653
10654
10655
10657
10658
10660
10661
10663
10664
10665
10669
10670
10674
10675
10676
10677
10678
10679
10682
10683
10684
10688
10689
10690
10691
10692
10693
10694
10695
10696
10697
10698
10700
10701
10704
10705
10706
10709
10711
10712
10713
10714
10715
10716
10717
10718
10719
10720
10721
10722
10723
10724
10725
10726
10727
10728
10729
10730
10731
10733
10734
10735
10736
10737
10738
10739
10740
10741
10742
10743
10744
10745
10746
10747
10748
10753
10754
10755
10756
10757
10758
10759
10761
10762
10763
10764
10765
10766
10767
10768
10769
10770
10771
10772
10773
10774
10777
10778
10779
10780
10782
10783
10784
10785
10786
10787
10788
10789
10790
10796
10797
10798
10799
10800
10801
10802
10803
10804
10805
10806
10808
10809
10810
10811
10812
10813
10814
10815
10816
10821
10822
10823
10824
10825
10826
10827
10828
10829
10830
10831
10832
10833
10834
10835
10837
10838
10839
10840
10841
10842
10843
10844
10845
10846
10847
10848
10849
10850
10851
10852
10853
10854
10855
10856
10857
10858
10861
10862
10863
10864
10865
10866
10867
10868
10869
10870
10871
10872
10873
10875
10876
10877
10878
10879
10880
10881
10882
10883
10884
10885
10886
10887
10888
10889
10893
10894
10895
10896
10897
10898
10899
10900
10901
10902
10904
10905
10906
10907
10908
10909
10911
10912
10913
10914
10915
10916
10917
10919
10920
10921
10922
10923
10924
10925
10929
10930
10931
10932
10933
10934
10935
10937
10938
10939
10941
10942
10943
10944
10945
10946
10947
10950
10951
10952
10953
10954
10955
10956
10957
10958
10959
10960
10961
10962
10963
10964
10965
10966
10967
10968
10969
10970
10971
10972
10973
10974
10975
10976
10977
10978
10979
10980
10981
10982
10983
10985
10986
10987
10990
10991
10992
10996
10997
10998
10999
11000
11001
11002
11003
11004
11005
11007
11008
11009
11010
11011
11012
11013
11014
11015
11016
11017
11018
11019
11020
11021
11022
11025
11026
11027
11028
11030
11031
11032
11033
11034
11035
11036
11037
11038
11039
11040
11045
11046
11047
11048
11049
11050
11051
11052
11053
11054
11055
11056
11057
11058
11059
11060
11061
11062
11063
11064
11065
11066
11067
11068
11069
11070
11071
11072
11073
11074
11075
11076
11077
11078
11079
11080
11081
11082
11084
11085
11086
11087
11088
11089
11090
11091
11092
11093
11096
11097
11098
11099
11100
11101
11102
11103
11104
11105
11106
11107
11108
11109
11110
11111
11112
11113
11114
11115
11116
11117
11118
11119
11120
11121
11122
11123
11124
11126
11127
11128
11129
11130
11131
11132
11133
11134
11135
11136
11137
11138
11139
11140
11141
11142
11143
11144
11145
11146
11147
11148
11149
11150
11151
11152
11153
11154
11155
11156
11157
11158
11159
11160
11161
11162
11163
11164
11165
11166
11167
11168
11169
11170
11171
11172
11173
11174
11175
11176
11177
11178
11179
11180
11181
11182
11183
11184
11185
11186
11187
11188
11189
11190
11191
11192
11193
11194
11195
11196
11197
11198
11199
11200
11201
11202
11203
11204
11205
11206
11207
11208
11209
11210
11211
11212
11213
11214
11215
11216
11217
11218
11219
11220
11221
11222
11223
11224
11226
11227
11228
11229
11230
11231
11232
11233
11234
11235
11236
11237
11238
11239
11240
11241
11242
11243
11244
11245
11246
11247
11248
11249
11250
11251
11252
11253
11254
11255
11256
11257
11258
11259
11260
11261
11262
11263
11264
11265
11266
11267
11268
11269
11270
11271
11272
11273
11274
11275
11276
11277
11278
11279
11280
11281
11282
11283
11284
11285
11286
11287
11288
11289
11290
11291
11292
11293
11294
11295
11296
11297
11298
11299
11300
11301
11302
11303
11304
11305
11306
11307
11308
11309
11310
11311
11312
11313
11314
11315
11316
11317
11318
11319
11320
11321
11322
11323
11381
11382
11383
11384
11385
11386
11387
11388
11389
11390
11391
11392
11393
11394
11395
11396
11397
11398
11407
11408
11409
11410
11411
11412
11413
11414
11415
11416
11417
11418
11419
11420
11421
11422
11423
11424
11425
11426
11427
11428
11429
11430
11431
11432
11433
11434
11435
11440
11441
11442
11443
11452
11453
11454
11455
11456
11457
11458
11459
11460
11461
11462
11463
11464
11465
11466
11467
11468
11469
11470
11471
11472
11473
11474
11475
11476
11477
11478
11479
11480
11481
11482
11483
11484
11485
11486
11487
11488
11489
11490
11491
11492
11493
11494
11495
11496
11497
11498
11499
11500
11501
11502
11503
11504
11505
11506
11507
11508
11509
11510
11511
11512
11513
11587
11588
11612
11613
11616
11617
11625
11626
11627
11628
11630
11631
11632
11633
11634
11635
11676
11677
11678
11679
11692
11693
11696
11697
11705
11706
11707
11721
11722
11723
11724
11728
11729
11730
11731
11732
11733
11734
11735
11738
11739
11765
11766
11767
11768
11769
11770
11771
11772
11773
11780
11781
11782
11783
11784
11785
11786
11787
11788
11789
11790
11791
11798
11799
11800
11801
11802
11803
11812
11813
11814
11815
11816
11823
11824
11828
11829
11830
11831
11852
11853
11854
11855
11856
11859
11860
11861
11862
11878
11879
11880
11894
11895
11896
11897
11898
11899
11900
11901
11902
11903
11904
11905
11906
11907
11908
11909
11910
11911
11913
11914
11930
11931
11936
11937
11938
11939
11940
11941
11942
11943
11944
11945
11946
11951
11952
11953
11954
11960
11961
11962
11963
11964
11965
11970
11971
11972
11973
11983
11984
11985
11986
11987
11988
11989
11990
11991
11992
11993
11994
11995
11996
11997
11998
11999
12000
12001
12002
12004
12009
12010
12011
12012
12017
12020
12021
12022
12023
12024
12025
12026
12027
12028
12032
12033
12034
12035
12036
12037
12038
12039
12044
12045
12046
12047
12048
12049
12050
12051
12052
12064
12065
12066
12067
12069
12070
12075
12076
12079
12080
12085
12086
12089
12090
12091
12092
12094
12095
12096
12097
12098
12099
12100
12101
12102
12103
12104
12105
12106
12107
12109
12110
12111
12112
12113
12115
12116
12117
12118
12119
12120
12121
12127
12129
12134
12135
12140
12141
12142
12143
12144
12145
12146
12147
12148
12149
12150
12151
12153
12154
12155
12156
12157
12158
12159
12160
12161
12163
12164
12165
12166
12167
12168
12169
12170
12171
12172
12173
12174
12175
12176
12177
12178
12179
12180
12181
12182
12183
12184
12185
12186
12187
12188
12189
12190
12191
12192
12193
12194
12195
12196
12197
12198
12199
12200
12201
12202
12203
12204
12205
12214
12215
12216
12217
12224
12225
12226
12227
12228
12229
12230
12231
12232
12233
12234
12235
12236
12237
12238
12240
12241
12242
12243
12244
12245
12246
12247
12248
12249
12250
12251
12252
12253
12254
12255
12256
12257
12258
12267
12268
12269
12270
12271
12272
12291
12292
12293
12294
12295
12296
12297
12298
12299
12300
12301
12302
12307
12308
12309
12310
12331
12332
12333
12334
12351
12352
12353
12354
12355
12356
12357
12358
12384
12385
12386
12387
12432
12433
12434
12435
12436
12437
12499
12500
12501
12502
12503
12504
12505
12506
12539
12540
12542
12543
12551
12552
12553
12554
12556
12557
12558
12559
12560
12561
12562
12563
12564
12567
12568
12569
12570
12572
12573
12574
12575
12584
12585
12586
12587
12622
12623
12630
12631
12632
12633
12634
12644
12645
12646
12647
12648
12657
12658
12659
12660
12661
12666
12667
12668
12669
12670
12671
12672
12673
12674
12675
12676
12677
12678
12679
12680
12681
12682
12683
12684
12685
12686
12687
12688
12689
12690
12691
12692
12693
12694
12695
12696
12697
12698
12699
12700
12701
12702
12703
12704
12705
12706
12707
12708
12709
12710
12711
12712
12713
12714
12715
12716
12717
12718
12719
12720
12721
12722
12723
12724
12725
12726
12887
12889
12890
12891
12892
12893
12894
12895
12896
12897
12898
12899
12900
12901
12902
12903
12904
12905
12906
12907
12908
12909
12910
12911
12912
12913
12914
12915
12916
12917
12918
12919
12920
12921
12922
12923
12924
12925
12926
12927
12928
12929
12930
12931
12932
12933
12934
12935
12936
12937
12938
12939
12940
12941
12942
12943
12944
12945
12946
12947
12948
12949
12950
12951
12952
12953
12954
12955
12956
12957
12958
12959
12960
12961
12962
12963
12964
12965
12966
12967
12968
12969
12970
12971
12972
12973
12974
12975
12976
12977
12978
12979
12980
12981
12982
12983
12984
12985
12986
12987
12988
12989
12990
12991
12992
12993
12994
12995
12996
12997
12998
12999
13000
13001
13002
13003
13004
13005
13175
13176
13177
13178
13179
13180
13181
13182
13183
13184
13185
13186
13187
13188
13189
13190
13191
13192
13193
13194
13195
13196
13197
13198
13199
13200
13201
13202
13203
13204
13205
13206
13207
13208
13209
13210
13211
13212
13213
13214
13215
13216
13217
13218
13219
13220
13221
13222
13223
13224
13225
13226
13227
13228
13229
13230
13231
13232
13233
13234
13235
13236
13237
13238
13239
13240
13241
13242
13243
13244
13245
13246
13247
13248
13249
13250
13251
13252
13253
13254
13255
13256
13257
13258
13259
13260
13261
13262
13263
13264
13265
13266
13267
13268
13269
13270
13271
13272
13273
13274
13275
13276
13277
13278
13279
13280
13281
13282
13283
13284
13285
13286
13287
13288
13433
13434
13435
13436
13437
13438
13439
13440
13441
13442
13443
13444
13445
13446
13447
13448
13449
13450
13451
13452
13453
13454
13455
13456
13457
13458
13459
13460
13461
13462
13463
13464
13465
13466
13467
13468
13469
13470
13471
13472
13473
13474
13475
13476
13477
13478
13479
13480
13481
13482
13483
13488
13489
13490
13491
13492
13493
13494
13495
13496
13497
13498
13499
13500
13501
13502
13503
13504
13505
13506
13507
13508
13509
13510
13511
13512
13513
13514
13515
13516
13517
13518
13519
13520
13521
13522
13523
13524
13525
13526
13527
13528
13529
13530
13531
13532
13533
13534
13535
13536
13537
13538
13539
13540
13541
13542
13543
13544
13545
13546
13547
13548
13549
13703
13705
13706
13707
13708
13709
13710
13711
13712
13713
13714
13715
13716
13717
13718
13719
13720
13721
13722
13723
13724
13725
13726
13727
13728
13729
13730
13731
13732
13733
13734
13735
13736
13737
13738
13739
13740
13741
13742
13743
13744
13745
13746
13747
13748
13749
13750
13751
13752
13753
13754
13755
13756
13757
13758
13764
13765
13766
13767
13768
13769
13770
13771
13772
13773
13774
13775
13776
13777
13778
13779
13780
13781
13782
13783
13784
13785
13786
13787
13788
13789
13790
13791
13792
13793
13794
13795
13796
13797
13798
13799
13800
13801
13802
13803
13804
13805
13806
13807
13808
13809
13810
13811
13812
13813
13814
13815
13816
13817
13818
13819
13820
13821
13822
13823
13962
13964
13965
13966
13967
13968
13969
13970
13971
13972
13973
13974
13975
13976
13977
13978
13979
13980
13981
13982
13983
13984
13985
13986
13987
13988
13989
13990
13991
13992
13993
13994
13995
13996
13997
13998
13999
14000
14001
14002
14003
14004
14005
14006
14007
14008
14009
14010
14011
14012
14013
14015
14016
14017
14018
14019
14020
14021
14022
14023
14024
14025
14026
14027
14028
14029
14030
14031
14032
14033
14034
14035
14036
14037
14038
14039
14040
14041
14042
14043
14044
14045
14046
14047
14048
14049
14050
14051
14052
14053
14054
14055
14056
14057
14058
14059
14060
14061
14201
14203
14204
14205
14206
14207
14208
14209
14210
14211
14212
14213
14214
14215
14216
14217
14218
14219
14220
14221
14222
14223
14224
14225
14226
14227
14228
14229
14230
14231
14232
14233
14234
14235
14236
14237
14238
14239
14240
14241
14242
14243
14244
14245
14246
14247
14248
14249
14250
14251
14252
14259
14260
14261
14262
14263
14264
14265
14266
14267
14268
14269
14270
14271
14272
14273
14274
14275
14276
14277
14278
14279
14280
14281
14282
14283
14284
14285
14286
14287
14288
14289
14290
14291
14292
14293
14294
14295
14296
14297
14298
14299
14300
14301
14302
14303
14304
14305
14306
14435
14437
14438
14439
14440
14441
14442
14443
14444
14445
14446
14447
14448
14449
14450
14451
14452
14453
14454
14455
14456
14457
14458
14459
14460
14461
14462
14463
14464
14465
14466
14467
14468
14469
14470
14471
14472
14473
14474
14475
14476
14477
14478
14479
14480
14481
14482
14483
14484
14485
14486
14487
14488
14489
14490
14491
14492
14493
14494
14495
14496
14504
14505
14506
14507
14508
14509
14510
14511
14512
14513
14514
14515
14516
14517
14518
14519
14520
14521
14522
14523
14524
14525
14526
14527
14528
14529
14530
14531
14532
14533
14534
14535
14536
14537
14538
14539
14540
14541
14542
14543
14544
14545
14546
14547
14548
14549
14550
14551
14671
14673
14674
14675
14676
14677
14678
14679
14680
14681
14682
14683
14684
14685
14686
14687
14688
14689
14690
14691
14692
14693
14694
14695
14696
14697
14698
14699
14700
14701
14702
14703
14704
14705
14706
14707
14708
14709
14710
14711
14712
14713
14714
14715
14716
14717
14718
14719
14720
14721
14722
14723
14724
14725
14726
14727
14728
14729
14751
14752
14753
14754
14755
14756
14757
14758
14759
14760
14761
14762
14763
14764
14765
14766
14767
14768
14769
14770
14771
14772
14773
14774
14775
14776
14777
14778
14779
14780
14781
14782
14783
14784
14785
14786
14787
14788
14789
14790
14791
14792
14793
14794
14795
14796
14797
14798
14799
14800
14801
14802
14803
14925
14927
14928
14929
14930
14931
14932
14933
14934
14935
14936
14937
14938
14939
14940
14941
14942
14943
14944
14945
14946
14947
14948
14949
14950
14951
14952
14953
14954
14955
14956
14957
14958
14959
14960
14961
14962
14963
14964
14965
14966
14967
14968
14969
14970
14971
14972
14973
14974
14975
14976
14977
14978
14979
14980
14981
14982
15001
15002
15003
15004
15005
15006
15007
15008
15009
15010
15011
15012
15013
15014
15015
15016
15017
15018
15019
15020
15021
15022
15023
15024
15025
15026
15027
15028
15029
15030
15031
15032
15033
15034
15035
15036
15037
15038
15039
15040
15041
15042
15043
15044
15045
15046
15161
15163
15164
15165
15166
15167
15168
15169
15170
15171
15172
15173
15174
15175
15176
15177
15178
15179
15180
15181
15182
15183
15184
15185
15186
15187
15188
15189
15190
15191
15192
15193
15204
15205
15206
15207
15208
15209
15210
15211
15212
15213
15214
15215
15216
15217
15218
15219
15220
15221
15222
15223
15224
15225
15226
15227
15228
15229
15230
15231
15232
15233
15234
15235
15236
15237
15238
15239
15240
15241
15242
15243
15244
15245
15246
15247
15248
15249
15250
15251
15252
15253
15254
15363
15365
15366
15367
15368
15369
15370
15371
15372
15373
15374
15375
15376
15377
15378
15379
15380
15381
15382
15383
15384
15385
15386
15387
15388
15389
15390
15391
15392
15393
15394
15395
15396
15397
15398
15399
15400
15401
15402
15403
15419
15420
15421
15422
15423
15424
15425
15426
15427
15428
15429
15430
15431
15432
15433
15434
15435
15436
15437
15438
15439
15440
15441
15442
15443
15444
15445
15446
15447
15448
15449
15450
15451
15452
15453
15454
15455
15456
15457
15458
15459
15460
15461
15569
15570
15571
15572
15573
15574
15575
15576
15577
15578
15579
15580
15581
15582
15583
15584
15585
15586
15587
15588
15589
15590
15591
15592
15593
15594
15595
15596
15597
15598
15599
15600
15601
15602
15603
15604
15605
15606
15607
15608
15609
15610
15611
15612
15613
15614
15615
15616
15617
15618
15619
15620
15621
15641
15642
15643
15644
15645
15646
15647
15648
15649
15650
15651
15652
15653
15654
15655
15656
15657
15658
15659
15660
15661
15662
15663
15664
15665
15666
15667
15668
15669
15670
15671
15672
15673
15674
15675
15676
15677
15678
15679
15773
15774
15775
15776
15777
15778
15779
15780
15781
15782
15783
15784
15785
15786
15787
15788
15789
15790
15791
15792
15793
15794
15795
15796
15797
15798
15799
15800
15801
15802
15803
15804
15833
15834
15835
15836
15837
15838
15839
15840
15841
15842
15843
15844
15845
15846
15847
15848
15849
15850
15851
15852
15853
15854
15855
15856
15857
15858
15859
15860
15861
15862
15863
15864
15865
15866
15867
15868
15869
15870
15871
15872
15873
15874
15875
15876
15877
15878
15879
15880
15881
15882
15883
15884
15885
15886
15887
15888
15889
15890
15999
16000
16001
16002
16003
16004
16005
16006
16007
16008
16009
16010
16011
16012
16013
16014
16015
16016
16017
16018
16019
16020
16021
16022
16023
16024
16025
16026
16027
16028
16029
16030
16031
16032
16033
16034
16035
16036
16037
16038
16039
16040
16041
16042
16043
16044
16076
16077
16078
16079
16080
16081
16082
16083
16084
16085
16086
16087
16088
16089
16090
16091
16092
16093
16094
16095
16096
16097
16098
16099
16100
16101
16102
16103
16104
16105
16106
16107
16108
16109
16110
16111
16112
16113
16198
16199
16200
16201
16202
16203
16204
16205
16206
16207
16208
16209
16210
16211
16212
16213
16214
16215
16216
16217
16218
16219
16220
16221
16222
16223
16224
16225
16226
16227
16228
16229
16230
16231
16232
16233
16234
16235
16236
16237
16238
16239
16240
16241
16272
16273
16274
16275
16276
16277
16278
16279
16280
16281
16282
16283
16284
16285
16286
16287
16288
16289
16290
16291
16292
16293
16294
16295
16296
16297
16298
16299
16300
16301
16302
16303
16304
16305
16306
16307
16308
16400
16401
16402
16403
16404
16405
16406
16407
16408
16409
16410
16411
16412
16413
16414
16415
16416
16417
16418
16419
16420
16421
16422
16423
16424
16425
16426
16427
16428
16429
16430
16452
16453
16454
16455
16456
16457
16458
16459
16460
16461
16462
16463
16464
16465
16466
16467
16468
16469
16470
16471
16472
16473
16474
16475
16552
16553
16554
16555
16556
16557
16558
16559
16560
16561
16562
16563
16564
16565
16566
16567
16568
16569
16570
16571
16572
16573
16574
16575
16576
16577
16578
16579
16580
16593
16594
16595
16596
16597
16598
16599
16600
16601
16602
16603
16604
16605
16660
16661
16662
16663
16664
16665
16666
16667
16668
16669
16670
16671
16672
16673
16674
16675
16676
16677
16678
16679
16681
16682
16724
16725
16726
16727
16728
16729
16730
16731
16732
16733
16734
16735
16736
16737
16738
16739
16740
16741
16742
16743
16744
16745
16746
16747
16748
16749
16750
16751
16752
16753
16754
16755
16756
16757
16758
16759
16760
16761
16762
16763
16764
16765
16766
16767
16768
16769
16770
16771
16772
16773
16774
16775
16776
16777
16778
16779
16780
16781
16782
16783
16784
16785
16786
16787
16788
16789
16790
16791
16792
16793
16794
16795
16796
16797
16798
16799
16800
16801
16802
16803
16804
16805
16806
16807
16808
16809
16810
16811
16812
16813
16814
16815
16816
16817
16818
16819
16820
16821
16822
16823
16824
16825
16826
16827
16828
16829
16830
16972
16973
16974
16975
16976
16977
16978
16979
16980
16981
16982
16983
16984
16985
16986
16987
16988
16989
16990
16991
16992
16993
16994
16995
16996
16997
16998
16999
17000
17001
17002
17003
17004
17005
17006
17007
17008
17009
17010
17011
17012
17013
17014
17015
17016
17017
17018
17019
17020
17021
17022
17023
17024
17025
17026
17027
17028
17029
17030
17031
17032
17033
17034
17035
17036
17037
17038
17039
17040
17041
17042
17043
17044
17045
17046
17047
17048
17049
17050
17051
17052
17053
17054
17055
17056
17057
17058
17059
17060
17061
17062
17063
17064
17065
17066
17067
17068
17069
17070
17071
17072
17073
17074
17075
17076
17077
17078
17079
17080
17081
17082
17083
17084
17085
17086
17087
17088
17089
17090
17091
17092
17093
17094
17095
17096
17097
17098
17099
17100
17101
17102
17103
17104
17105
18352
18353
18354
18361
18362
18363
18451
18452
18453
18530
18531
18532
18540
18541
18542
18617
18618
18619
18620
18621
18622
18623
18624
18625
18626
18627
18628
18635
18636
18637
18638
18639
18640
18707
18708
18709
18710
18711
18712
18713
18714
18715
18716
18717
18718
18719
18720
18727
18728
18729
18730
18731
18732
18773
18774
18775
18776
18777
18778
18779
18780
18781
18782
18783
18785
18786
18797
18798
18799
18800
18801
18802
18803
18804
18805
18845
18846
18848
18849
18850
18851
18855
18856
18857
18858
18859
18860
18861
18862
18863
18864
18865
18866
18867
18868
18869
18870
18871
18872
18873
18886
18887
18888
18889
18890
18891
18918
18919
18920
18921
18922
18923
18924
18927
18928
18929
18930
18931
18932
18933
18934
18935
18936
18937
18938
18939
18940
18941
18942
18943
18944
18945
18946
18948
18960
18961
18962
18963
18964
18965
18966
18967
18968
18969
18970
18971
18988
18989
18990
18991
19004
19006
19007
19008
19009
19010
19011
19012
19013
19014
19015
19016
19017
19018
19019
19020
19021
19022
19023
19024
19025
19026
19027
19028
19029
19030
19031
19032
19033
19044
19045
19046
19047
19048
19049
19050
19051
19052
19053
19054
19055
19073
19074
19075
19076
19077
19078
19083
19084
19085
19086
19087
19088
19089
19090
19091
19092
19093
19094
19095
19096
19097
19098
19099
19100
19101
19102
19103
19104
19105
19106
19107
19108
19109
19110
19111
19112
19113
19114
19115
19116
19117
19118
19119
19120
19121
19122
19123
19124
19125
19127
19128
19129
19130
19131
19132
19133
19134
19135
19136
19137
19138
19139
19140
19141
19142
19143
19144
19150
19151
19152
19163
19164
19165
19166
19167
19168
19169
19170
19171
19172
19173
19174
19175
19176
19177
19178
19179
19180
19181
19182
19183
19184
19185
19186
19187
19188
19189
19190
19191
19192
19193
19194
19195
19196
19197
19198
19199
19200
19201
19202
19203
19204
19205
19206
19207
19208
19209
19210
19211
19212
19213
19214
19224
19225
19226
19227
19228
19229
19230
19231
19232
19233
19234
19235
19236
19237
19238
19239
19240
19241
19242
19243
19244
19245
19246
19247
19248
19249
19250
19251
19252
19253
19254
19255
19256
19257
19258
19259
19260
19261
19262
19263
19264
19265
19266
19267
19268
19269
19270
19271
19272
19273
19274
19275
19276
19277
19278
19279
19280
19281
19282
19283
19284
19285
19286
19287
19288
19289
19290
19291
19292
19296
19297
19298
19299
19300
19301
19308
19309
19310
19311
19312
19313
19314
19315
19316
19317
19318
19319
19320
19321
19322
19323
19324
19325
19326
19327
19328
19329
19330
19331
19332
19333
19334
19335
19336
19337
19338
19339
19340
19341
19342
19343
19344
19345
19346
19347
19348
19349
19350
19351
19352
19353
19354
19355
19356
19357
19358
19359
19360
19361
19362
19363
19364
19365
19366
19367
19368
19369
19370
19371
19372
19373
19374
19375
19376
19377
19378
19379
19380
19381
19382
19383
19384
19385
19386
19387
19388
19389
19390
19391
19392
19395
19396
19397
19398
19399
19400
19401
19402
19403
19404
19405
19406
19407
19408
19409
19410
19411
19412
19413
19414
19415
19416
19417
19418
19419
19420
19421
19422
19423
19424
19425
19426
19427
19428
19429
19430
19431
19432
19433
19434
19435
19436
19437
19438
19439
19440
19441
19442
19443
19444
19445
19446
19447
19448
19449
19450
19451
19452
19453
19454
19455
19456
19457
19458
19459
19460
19461
19462
19463
19464
19465
19466
19467
19468
19469
19470
19471
19472
19473
19474
19475
19476
19477
19478
19479
19480
19481
19482
19483
19484
19485
19486
19487
19488
19489
19490
19491
19492
19493
19494
19495
19496
19497
19498
19499
19500
19501
19502
19503
19504
19505
19506
19507
19508
19509
19510
19511
19512
19513
19514
19515
19516
19517
19518
19519
19520
19521
19522
19523
19524
19525
19526
19527
19528
19529
19530
19531
19532
19533
19534
19535
19536
19537
19538
19539
19540
19541
19542
19543
19544
19545
19546
19547
19548
19549
19550
19551
19552
19553
19554
19555
19556
19557
19558
19559
19560
19561
19562
19563
19564
19565
19566
19567
19568
19569
19570
19571
19572
19573
19574
19575
19576
19577
19578
19579
19580
19581
19582
19583
19584
19585
19586
19587
19588
19589
19590
19591
19592
19593
19594
19595
19596
19597
19598
19599
19600
19601
19602
19603
19604
19605
19606
19607
19608
19609
19610
19611
19612
19613
19614
19615
19616
19617
19618
19619
19620
19621
19622
19623
19624
19625
19626
19627
19628
19629
19630
19631
19632
19633
19634
19635
19636
19637
19638
19639
19640
19641
19642
19643
19644
19645
19646
19647
19648
19649
19650
19651
19652
19653
19654
19655
19656
19657
19658
19659
19660
19661
19662
19663
19664
19665
19666
19667
19668
19669
19670
19671
19672
19673
19674
19675
19676
19677
19678
19679
19680
19681
19682
19683
19684
19685
19686
19687
19688
19689
19690
19691
19692
19693
19694
19695
19696
19697
19698
19699
19700
19701
19702
19703
19704
19705
19706
19707
19708
19709
19710
19711
19712
19713
19714
19715
19716
19717
19718
19719
19720
19721
19722
19723
19724
19725
19726
19727
19728
19729
19730
19731
19732
19733
19734
19735
19736
19737
19738
19739
19740
19741
19742
19743
19744
19745
19746
19747
19748
19749
19750
19751
19752
19753
19754
19755
19756
19757
19758
19759
19760
19761
19762
19763
19764
19765
19766
19767
19768
19769
19770
19771
19772
19773
19774
19775
19776
19777
19778
19779
19780
19781
19782
19783
19784
19785
19786
19787
19788
19789
19790
19791
19792
19793
19794
19795
19796
19797
19798
19799
19800
19801
19802
19803
19804
19805
19806
19807
19808
19809
19810
19811
19812
19813
19814
19815
19816
19817
19818
19819
19820
19821
19822
19823
19824
19825
19826
19827
19828
19829
19830
19831
19832
19833
19834
19835
19836
19837
19838
19839
19840
19841
19842
19843
19844
19845
19846
19847
19848
19849
19850
19851
19852
19853
19854
19855
19856
19857
19858
19859
19860
19861
19862
19863
19864
19865
19866
19867
19868
19869
19870
19871
19872
19873
19874
19875
19876
19877
19878
19879
19880
19881
19882
19883
19884
19885
19886
19887
19888
19889
19890
19891
19892
19893
19894
19895
19896
19897
19898
19899
19900
19901
19902
19903
19904
19905
19906
19907
19908
19909
19910
19911
19912
19913
19914
19915
19916
19917
19918
19919
19920
19921
19922
19923
19924
19925
19926
19927
19928
19929
19930
19931
19932
19933
19934
19935
19936
19937
19938
19939
19940
19941
19942
19943
19944
19945
19946
19947
19948
19949
19950
19951
19952
19953
19954
19955
19956
19957
19958
19959
19960
19961
19962
19963
19964
19965
19966
19967
19968
19969
19970
19971
19972
19973
19974
19975
19976
19977
19978
19979
19980
19981
19982
19983
19984
19985
19986
19987
19988
19989
19990
19991
19992
19993
19994
19995
19996
19997
19998
19999
20000
20001
20002
20003
20004
20005
20006
20007
20008
20009
20010
20011
20012
20013
20014
20015
20016
20017
20018
20019
20020
20021
20022
20023
20024
20025
20026
20027
20028
20029
20030
20031
20032
20033
20034
20035
20036
20037
20038
20039
20040
20041
20042
20043
20044
20045
20046
20047
20048
20049
20050
20051
20052
20053
20054
20055
20056
20057
20058
20059
20060
20061
20062
20063
20064
20065
20066
20067
20068
20069
20070
20071
20072
20073
20074
20075
20076
20077
20078
20079
20080
20081
20082
20083
20084
20085
20086
20087
20088
20089
20090
20091
20092
20093
20094
20095
20096
20097
20098
20099
20100
20101
20102
20103
20104
20105
20106
20107
20108
20109
20110
20111
20112
20113
20114
20115
20116
20117
20118
20119
20120
20121
20122
20123
20124
20125
20126
20127
20128
20129
20130
20131
20132
20133
20134
20135
20136
20137
20138
20139
20140
20141
20142
20143
20144
20145
20146
20147
20148
20149
20150
20151
20152
20153
20154
20155
20156
20157
20158
20159
20160
20161
20162
20163
20164
20165
20166
20167
20168
20169
20170
20171
20172
20173
20174
20175
20176
20177
20178
20179
20180
20181
20182
20183
20184
20185
20186
20187
20188
20189
20190
20191
20192
20193
20194
20195
20196
20197
20198
20199
20200
20201
20202
20203
20204
20205
20206
20207
20208
20209
20210
20211
20212
20213
20214
20215
20216
20217
20218
20219
20220
20221
20222
20223
20224
20225
20226
20227
20228
20229
20230
20231
20232
20233
20234
20235
20236
20237
20238
20239
20240
20241
20242
20243
20244
20245
20246
20247
20248
20249
20250
20251
20252
20253
20254
20255
20256
20257
20258
20259
20260
20261
20262
20263
20264
20265
20266
20267
20268
20269
20270
20271
20272
20273
20274
20275
20276
20277
20278
20279
20280
20281
20282
20283
20284
20285
20286
20287
20288
20289
20290
20291
20292
20293
20294
20295
20296
20297
20298
20299
20300
20301
20302
20303
20304
20305
20306
20307
20308
20309
20310
20311
20312
20313
20314
20315
20316
20317
20318
20319
20320
20321
20322
20323
20324
20325
20326
20327
20328
20329
20330
20331
20332
20333
20334
20335
20336
20337
20338
20339
20340
20341
20342
20343
20344
20345
20346
20347
20348
20349
20350
20351
20352
20353
20354
20355
20356
20357
20358
20359
20360
20361
20362
20363
20364
20365
20366
20367
20368
20369
20370
20371
20372
20373
20374
20375
20376
20377
20378
20379
20380
20381
20382
20383
20384
20385
20386
20387
20388
20389
20390
20391
20392
20393
20394
20395
20396
20397
20398
20399
20400
20401
20402
20403
20404
20405
20406
20407
20408
20409
20410
20411
20412
20413
20414
20415
20416
20417
20418
20419
20420
20421
20422
20423
20424
20425
20426
20427
20428
20429
20430
20431
20432
20433
20434
20435
20436
20437
20438
20439
20440
20441
20442
20443
20444
20445
20446
20447
20448
20449
20450
20451
20452
20453
20454
20455
20456
20457
20458
20459
20460
20461
20462
20463
20464
20465
20466
20467
20468
20469
20470
20471
20472
20473
20474
20475
20476
20477
20478
20479
20480
20481
20482
20483
20484
20485
20486
20487
20488
20489
20490
20491
20492
20493
20494
20495
20496
20497
20498
20499
20500
20501
20502
20503
20504
20505
20506
20507
20508
20509
20510
20511
20512
20513
20514
20515
20516
20517
20518
20519
20520
20521
20522
20523
20524
20525
20526
20527
20528
20529
20530
20531
20532
20533
20534
20535
20536
20537
20538
20539
20540
20541
20542
20543
20544
20545
20546
20547
20548
20549
20550
20551
20552
20553
20554
20555
20556
20557
20558
20559
20560
20561
20562
20563
20564
20565
20566
20567
20568
20569
20570
20571
20572
20573
20574
20575
20576
20577
20578
20579
20580
20581
20582
20583
20584
20585
20586
20587
20588
20589
20590
20591
20592
20593
20594
20595
20596
20597
20598
20599
20600
20601
20602
20603
20604
20605
20606
20607
20608
20609
20610
20611
20612
20613
20614
20615
20616
20617
20618
20619
20620
20621
20622
20623
20624
20625
20626
20627
20628
20629
20630
20631
20632
20633
20634
20635
20636
20637
20638
20639
20640
20641
20642
20643
20644
20645
20646
20647
20648
20649
20657
20658
20660
20662
20664
20665
20666
20667
20668
20669
20670
20671
20672
20673
20677
20678
20679
20680
20681
20682
20683
20684
20685
20686
20687
20688
20689
20690
20691
20692
20693
20694
20695
20696
20697
20698
20699
20701
20702
20703
20704
20705
20706
20707
20708
20709
20710
20711
20712
20713
20714
20715
20716
20720
20721
20722
20723
20750
20754
20755
20756
20758
20759
20760
20761
20762
20763
20768
20769
20770
20771
20772
20773
20774
20775
20779
20780
20781
20782
20783
20784
20785
20794
20795
20796
20797
20801
20802
20809
20810
20811
20815
20816
20817
20824
20825
20826
20827
20828
20839
20840
20841
20845
20846
20853
20854
20855
20856
20857
20863
20864
20865
20866
20867
20873
20874
20875
20876
20880
20881
20886
20887
20888
20889
20890
20891
20892
20893
20894
20895
20896
20897
20898
20899
20900
20904
20905
20907
20908
20909
20910
20911
20912
20913
20915
20916
20917
20918
20924
20929
20932
20934
20935
20936
20937
20938
20939
20940
20941
20942
20943
20944
20951
20952
20953
20954
20955
20956
20962
20963
20972
20973
20974
20981
20983
20984
20985
20986
20987
20993
20994
20996
20997
20998
21002
21006
21007
21008
21009
21010
21011
21012
21013
21019
21029
21030
21031
21033
21034
21041
21042
21043
21044
21045
21046
21047
21054
21055
21056
21061
21062
21063
21064
21065
21066
21067
21068
21069
21070
21076
21077
21078
21079
21080
21081
21087
21089
21090
21091
21092
21093
21094
21096
21097
21098
21099
21100
21101
21102
21103
21104
21105
21106
21107
21113
21114
21115
21122
21123
21125
21126
21128
21132
21134
21135
21139
21140
21141
21142
21143
21144
21145
21146
21147
21148
21149
21150
21151
21152
21153
21154
21161
21162
21165
21173
21174
21175
21176
21183
21184
21185
21186
21187
21188
21197
21198
21199
21200
21201
21202
21203
21204
21205
21206
21214
21215
21217
21218
21219
21222
21223
21224
21225
21226
21228
21229
21234
21235
21236
21237
21242
21254
21255
21256
21257
21258
21263
21264
21265
21266
21267
21268
21269
21270
21271
21272
21273
21274
21275
21276
21277
21278
21279
21280
21281
21282
21283
21284
21285
21301
21308
21309
21310
21314
21315
21316
21318
21324
21325
21326
21327
21328
21329
21335
21336
21337
21338
21339
21342
21352
21353
21354
21355
21356
21357
21362
21363
21364
21373
21378
21379
21380
21381
21382
21383
21391
21392
21393
21394
21395
21396
21397
21400
21401
21402
21408
21409
21410
21411
21419
21420
21421
21422
21423
21424
21431
21432
21433
21434
21435
21436
21437
21438
21469
21484
21485
21486
21487
21488
21496
21497
21498
21499
21500
21501
21502
21503
21504
21505
21506
21507
21508
21513
21514
21515
21516
21517
21518
21519
21520
21521
21522
21523
21524
21531
21532
21533
21534
21535
21536
21543
21544
21545
21546
21551
21552
21553
21554
21578
21579
21580
21596
21597
21603
21604
21605
21606
21607
21608
21609
21610
21611
21612
21613
21614
21615
21617
21620
21621
21622
21623
21628
21629
21644
21645
21646
21647
21648
21649
21663
21664
21665
21666
21668
21669
21670
21671
21672
21675
21676
21678
21679
21681
21682
21698
21699
21700
21701
21702
21703
21705
21706
21707
21708
21709
21710
21711
21712
21713
21714
21715
21717
21718
21719
21720
21721
21724
21725
21726
21734
21735
21736
21737
21738
21740
21741
21742
21743
21744
21745
21746
21747
21750
21751
21753
21754
21755
21756
21758
21760
21761
21762
21763
21764
21765
21789
21790
21795
21796
21805
21806
21807
21817
21818
21819
21820
21821
21825
21826
21827
21832
21837
21838
21839
21840
21841
21851
21852
21853
21854
21872
21873
21874
21875
21876
21877
21878
21879
21880
21887
21888
21889
21890
21891
21892
21893
21894
21895
21896
21897
21898
21901
21902
21903
21904
21905
21906
21907
21908
21909
21923
21924
21928
21929
21930
21931
21932
21933
21934
21935
21942
21943
21944
21945
21946
21947
21948
21955
21956
21957
21958
21959
21960
21961
21962
21971
21972
21973
21974
21975
21976
21977
21978
21979
21980
21989
21990
21991
21992
21993
21994
21995
21996
21997
21998
21999
22005
22006
22011
22012
22015
22016
22017
22018
22019
22020
22027
22028
22029
22030
22031
22032
22036
22037
22041
22042
22043
22044
22045
22046
22047
22048
22049
22050
22051
22052
22053
22054
22055
22056
22057
22058
22059
22060
22061
22062
22063
22064
22065
22066
22077
22078
22079
22080
22081
22082
22105
22106
22107
22109
22110
22111
22112
22119
22120
22121
22122
22123
22124
22125
22128
22132
22133
22134
22135
22138
22139
22140
22141
22148
22149
22150
22151
22152
22153
22154
22155
22156
22157
22158
22162
22163
22164
22168
22169
22170
22171
22172
22178
22179
22183
22191
22192
22193
22194
22195
22203
22204
22205
22206
22207
22208
22217
22218
22219
22224
22225
22226
22233
22234
22235
22236
22238
22239
22240
22241
22242
22243
22244
22245
22246
22247
22251
22252
22253
22254
22255
22256
22257
22258
22262
22263
22264
22273
22274
22275
22276
22277
22282
22283
22284
22285
22286
22287
22288
22289
22290
22298
22299
22306
22311
22312
22313
22314
22315
22322
22323
22324
22325
22326
22333
22338
22339
22340
22341
22342
22343
22344
22345
22346
22347
22348
22354
22355
22356
22357
22362
22363
22364
22365
22366
22367
22373
22374
22375
22376
22377
22378
22381
22382
22383
22384
22385
22393
22400
22401
22402
22407
22408
22409
22410
22411
22416
22417
22418
22419
22423
22424
22425
22426
22427
22428
22429
22442
22443
22444
22445
22446
22447
22452
22453
22454
22455
22456
22457
22458
22462
22463
22464
22466
22467
22468
22469
22470
22472
22473
22484
22485
22486
22487
22488
22490
22491
22492
22493
22494
22503
22504
22505
22510
22512
22513
22514
22515
22516
22523
22524
22525
22526
22527
22530
22531
22551
22552
22563
22564
22565
22566
22567
22568
22569
22570
22571
22572
22573
22574
22575
22576
22582
22583
22584
22597
22598
22599
22609
22615
22620
22621
22622
22623
22624
22625
22627
22628
22634
22635
22636
22637
22638
22639
22644
22645
22646
22647
22648
22649
22650
22651
22652
22653
22654
22655
22663
22681
22682
22683
22684
22685
22686
22687
22698
22699
22700
22701
22708
22709
22710
22711
22712
22713
22714
22715
22716
22717
22718
22719
22727
22728
22729
22730
22731
22732
22733
22734
22740
22741
22742
22743
22744
22745
22746
22747
22748
22749
22750
22751
22752
22753
22754
22755
22756
22761
22762
22763
22764
22765
22766
22767
22768
22769
22770
22771
22787
22814
22815
22816
22817
22818
22819
22820
22821
22822
22823
22824
22825
22826
22827
22828
22834
22835
22836
22837
22838
22839
22842
22851
22852
22853
22854
22855
22860
22872
22873
22874
22895
22896
22898
22899
22900
22901
22902
22903
22912
22913
22914
22915
22916
22920
22921
22922
22923
22924
22925
22943
22945
22946
22947
22948
22949
22950
22951
22952
22953
22954
22955
22956
22957
22958
22959
22964
22965
22966
22967
22968
22969
22979
22980
22983
22990
22991
22992
22993
22994
22995
22996
22997
22998
22999
23000
23001
23007
23008
23009
23010
23014
23015
23019
23020
23021
23022
23043
23044
23045
23046
23047
23048
23054
23055
23056
23057
23060
23061
23062
23063
23064
23065
23066
23067
23068
23069
23075
23076
23077
23078
23085
23086
23097
23098
23099
23100
23101
23106
23112
23113
23114
23115
23116
23132
23133
23158
23168
23181
23187
23188
23189
23192
23193
23194
23197
23199
23209
23210
23211
23212
23217
23218
23221
23222
23223
23224
23225
23226
23227
23228
23229
23230
23231
23233
23234
23235
23236
23237
23238
23239
23243
23251
23252
23253
23254
23255
23256
23258
23259
23260
23261
23262
23263
23264
23267
23268
23269
23272
23273
23274
23276
23277
23278
23279
23280
23281
23282
23292
23293
23301
23302
23303
23307
23308
23309
23320
23321
23322
23323
23329
23330
23337
23338
23339
23343
23344
23345
23346
23347
23348
23365
23366
23367
23368
23381
23382
23383
23384
23385
23386
23387
23388
23389
23395
23404
23405
23410
23411
23412
23413
23414
23415
23416
23417
23418
23419
23420
23421
23422
23429
23430
23431
23432
23433
23434
23445
23446
23453
23461
23462
23463
23470
23471
23472
23473
23474
23475
23476
23484
23485
23486
23487
23494
23495
23496
23497
23498
23499
23500
23501
23507
23508
23509
23510
23511
23512
23513
23514
23515
23523
23524
23525
23526
23527
23528
23529
23531
23532
23541
23554
23555
23556
23557
23558
23564
23565
23566
23567
23568
23569
23570
23571
23572
23577
23578
23579
23580
23581
23585
23586
23591
23592
23593
23594
23597
23598
23599
23600
23606
23607
23610
23611
23612
23613
23614
23615
23621
23622
23623
23624
23630
23631
23632
23633
23634
23635
23636
23637
23656
23657
23658
23659
23660
23661
23662
23663
23664
23668
23669
23676
23677
23678
23679
23680
23684
23685
23687
23688
23689
23690
23691
23692
23693
23701
23702
23707
23708
23709
23710
23711
23712
23713
23714
23720
23721
23722
23723
23724
23725
23726
23733
23734
23735
23737
23738
23739
23740
23741
23744
23752
23753
23754
23755
23756
23757
23758
23759
23761
23763
23764
23771
23772
23773
23779
23788
23789
23790
23791
23792
23793
23795
23796
23797
23798
23799
23812
23816
23817
23818
23819
23827
23828
23829
23840
23848
23849
23850
23851
23853
23858
23860
23861
23862
23863
23864
23865
23866
23867
23868
23869
23870
23871
23872
23873
23874
23875
23876
23877
23881
23882
23883
23884
23901
23902
23903
23915
23916
23917
23918
23919
23922
23923
23924
23925
23926
23927
23928
23929
23930
23931
23932
23939
23943
23944
23945
23946
23949
23950
23951
23956
23957
23958
23959
23965
23966
23967
23968
23969
23970
23971
23972
23973
23977
23978
23979
23980
23983
23984
23985
23986
23987
23994
23995
23996
23997
24006
24007
24009
24010
24011
24012
24016
24017
24018
24019
24020
24022
24026
24027
24028
24029
24030
24031
24032
24033
24034
24035
24036
24037
24038
24039
24041
24042
24043
24044
24045
24046
24050
24051
24052
24053
24054
24055
24056
24057
24058
24059
24060
24064
24070
24071
24072
24073
24080
24081
24091
24092
24093
24102
24103
24104
24105
24108
24109
24110
24111
24112
24113
24118
24142
24143
24144
24145
24154
24155
24166
24167
24168
24169
24170
24171
24176
24177
24179
24180
24181
24182
24183
24184
24185
24186
24187
24188
24190
24205
24206
24207
24208
24209
24215
24234
24235
24236
24237
24238
24239
24240
24241
24242
24243
24252
24253
24256
24257
24258
24259
24260
24269
24270
24284
24285
24286
24287
24288
24291
24294
24295
24296
24297
24298
24299
24300
24301
24302
24304
24305
24306
24307
24308
24309
24324
24325
24326
24327
24328
24330
24331
24332
24333
24340
24341
24342
24343
24344
24345
24346
24348
24349
24354
24355
24356
24357
24358
24359
24360
24361
24362
24363
24364
24369
24370
24371
24372
24373
24374
24375
24376
24377
24378
24379
24380
24381
24382
24383
24394
24401
24405
24406
24407
24408
24409
24410
24413
24414
24415
24416
24430
24431
24432
24433
24434
24439
24440
24441
24442
24444
24445
24446
24447
24448
24454
24455
24456
24458
24459
24465
24466
24467
24468
24471
24472
24473
24474
24475
24476
24477
24478
24488
24489
24490
24491
24492
24493
24494
24495
24498
24499
24500
24501
24508
24509
24511
24512
24520
24521
24528
24529
24530
24531
24540
24541
24542
24543
24544
24545
24546
24547
24548
24549
24550
24551
24556
24557
24558
24559
24560
24561
24562
24564
24565
24566
24567
24570
24571
24572
24577
24578
24579
24580
24581
24596
24597
24610
24611
24612
24613
24614
24623
24633
24634
24635
24636
24639
24643
24644
24645
24646
24647
24648
24650
24651
24652
24653
24654
24655
24658
24668
24669
24672
24673
24677
24681
24682
24685
24686
24687
24688
24699
24705
24706
24707
24708
24709
24712
24713
24714
24721
24722
24723
24724
24725
24727
24728
24729
24730
24731
24732
24733
24734
24740
24741
24742
24743
24744
24745
24746
24747
24748
24749
24761
24762
24763
24764
24765
24766
24767
24768
24769
24770
24771
24772
24773
24774
24775
24776
24777
24778
24779
24780
24781
24792
24793
24794
24800
24801
24802
24803
24804
24805
24806
24807
24808
24809
24810
24814
24815
24823
24827
24828
24829
24830
24831
24838
24839
24840
24841
24842
24843
24844
24872
24873
24874
24875
24887
24891
24892
24894
24895
24896
24897
24898
24899
24900
24901
24910
24911
24912
24913
24914
24916
24917
24918
24919
24921
24922
24923
24924
24925
24926
24933
24939
24940
24941
24951
24952
24953
24954
24955
24959
24960
24961
24962
24963
24980
24985
24986
24989
24990
24991
24992
24993
24994
24995
24996
25005
25006
25008
25009
25010
25011
25012
25013
25014
25015
25027
25028
25029
25030
25031
25032
25033
25034
25035
25036
25037
25038
25039
25040
25041
25046
25047
25049
25050
25051
25052
25053
25054
25055
25065
25066
25067
25068
25069
25078
25079
25080
25084
25085
25086
25089
25090
25094
25095
25096
25097
25098
25099
25100
25101
25102
25103
25104
25109
25110
25111
25114
25115
25121
25122
25123
25124
25125
25127
25130
25134
25135
25136
25137
25138
25139
25140
25141
25142
25143
25144
25145
25153
25158
25159
25160
25161
25162
25163
25164
25167
25169
25170
25171
25172
25173
25174
25179
25180
25186
25187
25190
25191
25192
25197
25198
25199
25200
25201
25205
25206
25207
25208
25209
25210
25217
25218
25225
25226
25227
25230
25231
25232
25233
25234
25242
25243
25244
25245
25247
25248
25249
25250
25251
25252
25253
25254
25255
25256
25257
25258
25259
25260
25271
25272
25273
25274
25280
25281
25282
25283
25284
25285
25286
25287
25288
25289
25291
25293
25294
25295
25296
25297
25298
25299
25300
25301
25302
25303
25304
25308
25309
25310
25311
25312
25313
25317
25318
25319
25322
25323
25324
25325
25327
25336
25337
25338
25339
25340
25352
25353
25354
25355
25356
25372
25384
25385
25386
25391
25392
25393
25394
25395
25397
25399
25400
25401
25406
25407
25408
25409
25410
25415
25416
25417
25422
25423
25424
25425
25426
25427
25428
25429
25431
25432
25433
25434
25435
25437
25444
25445
25446
25447
25448
25449
25450
25451
25453
25454
25455
25456
25457
25459
25461
25463
25464
25470
25471
25472
25473
25474
25475
25476
25477
25478
25479
25480
25483
25484
25485
25491
25492
25499
25500
25501
25503
25504
25505
25506
25507
25508
25509
25510
25513
25514
25515
25516
25517
25518
25519
25520
25526
25527
25529
25531
25532
25534
25535
25536
25537
25538
25539
25544
25545
25546
25547
25550
25551
25555
25556
25557
25558
25565
25566
25567
25568
25569
25570
25571
25572
25573
25574
25575
25577
25578
25579
25580
25586
25587
25588
25591
25592
25593
25594
25595
25596
25597
25598
25601
25602
25603
25604
25606
25607
25608
25609
25610
25611
25620
25621
25626
25627
25631
25635
25636
25637
25640
25641
25642
25643
25644
25645
25646
25647
25648
25649
25650
25651
25652
25653
25654
25655
25656
25657
25667
25668
25669
25670
25685
25686
25687
25688
25692
25693
25699
25700
25701
25702
25713
25714
25715
25716
25717
25718
25719
25720
25721
25722
25726
25727
25728
25729
25730
25732
25734
25745
25746
25747
25748
25749
25750
25751
25752
25753
25754
25755
25761
25762
25767
25768
25769
25774
25775
25776
25777
25787
25788
25789
25790
25791
25792
25793
25796
25797
25798
25799
25806
25814
25815
25816
25817
25818
25819
25820
25823
25827
25828
25829
25830
25831
25832
25833
25840
25841
25846
25847
25848
25849
25850
25856
25857
25858
25859
25860
25861
25866
25868
25869
25872
25880
25881
25882
25883
25887
25888
25889
25890
25891
25892
25899
25906
25907
25908
25909
25910
25911
25912
25916
25917
25918
25919
25920
25923
25924
25927
25928
25929
25930
25931
25932
25947
25948
25949
25950
25951
25958
25959
25960
25961
25962
25963
25964
25965
25975
25978
25979
25980
25981
25982
25989
25990
25993
25997
25998
26007
26009
26010
26011
26012
26014
26015
26016
26019
26020
26021
26022
26023
26024
26025
26030
26031
26032
26033
26034
26041
26042
26043
26044
26045
26047
26048
26049
26050
26051
26052
26053
26054
26055
26056
26057
26058
26059
26066
26067
26068
26069
26072
26073
26074
26075
26076
26077
26078
26079
26080
26085
26086
26087
26088
26089
26090
26091
26092
26093
26094
26095
26096
26097
26098
26100
26101
26106
26107
26108
26109
26110
26111
26112
26113
26114
26115
26116
26117
26118
26119
26122
26123
26124
26125
26126
26127
26128
26129
26134
26135
26136
26137
26138
26139
26140
26142
26145
26149
26150
26151
26152
26153
26158
26161
26162
26163
26164
26165
26168
26169
26170
26171
26172
26173
26174
26175
26176
26177
26178
26179
26180
26182
26183
26184
26185
26188
26189
26190
26191
26192
26193
26194
26195
26196
26197
26200
26201
26204
26217
26234
26235
26236
26237
26238
26239
26240
26256
26258
26259
26260
26261
26262
26263
26264
26265
26266
26267
26269
26270
26271
26272
26273
26274
26275
26276
26278
26279
26280
26281
26282
26283
26289
26290
26291
26292
26293
26294
26295
26296
26297
26305
26312
26313
26314
26315
26316
26317
26318
26319
26320
26321
26323
26324
26325
26326
26327
26328
26329
26330
26331
26333
26334
26335
26336
26337
26338
26339
26340
26341
26342
26343
26344
26345
26346
26347
26353
26354
26355
26356
26357
26358
26359
26364
26365
26366
26367
26368
26369
26370
26371
26372
26373
26374
26375
26377
26378
26379
26380
26384
26385
26386
26387
26388
26389
26390
26392
26393
26399
26400
26401
26402
26403
26404
26408
26409
26410
26416
26417
26418
26419
26424
26432
26433
26434
26435
26441
26443
26444
26445
26446
26447
26448
26449
26450
26451
26452
26453
26454
26455
26462
26464
26477
26478
26479
26480
26481
26490
26491
26492
26493
26494
26495
26496
26497
26498
26499
26501
26502
26505
26517
26518
26519
26520
26521
26522
26523
26524
26528
26529
26530
26531
26532
26533
26534
26535
26540
26541
26542
26543
26544
26545
26546
26547
26548
26549
26552
26553
26555
26556
26557
26559
26560
26561
26562
26563
26564
26565
26566
26569
26579
26584
26585
26593
26599
26600
26601
26602
26603
26606
26607
26608
26609
26610
26611
26613
26614
26615
26616
26617
26618
26619
26621
26622
26623
26631
26635
26637
26638
26639
26640
26641
26642
26643
26644
26646
26647
26648
26651
26654
26657
26658
26661
26662
26663
26664
26665
26668
26669
26670
26671
26672
26673
26674
26675
26678
26679
26680
26681
26682
26683
26687
26688
26689
26690
26691
26692
26693
26694
26695
26696
26697
26698
26701
26702
26703
26704
26705
26706
26707
26708
26714
26715
26716
26717
26718
26719
26724
26725
26726
26730
26731
26732
26735
26736
26739
26740
26741
26742
26743
26744
26745
26746
26747
26748
26749
26750
26751
26753
26754
26755
26756
26757
26758
26760
26761
26762
26763
26764
26770
26771
26772
26773
26774
26777
26778
26779
26783
26784
26786
26787
26790
26791
26792
26794
26795
26796
26797
26798
26799
26801
26802
26803
26804
26805
26806
26807
26808
26814
26815
26816
26817
26818
26819
26822
26823
26824
26825
26826
26827
26834
26835
26836
26837
26838
26839
26840
26841
26842
26843
26849
26850
26851
26852
26853
26854
26859
26860
26861
26862
26863
26867
26868
26869
26870
26871
26873
26874
26875
26876
26877
26878
26879
26880
26881
26882
26885
26887
26888
26890
26891
26892
26894
26895
26896
26897
26898
26900
26901
26902
26903
26904
26905
26906
26907
26908
26909
26910
26913
26914
26915
26916
26917
26918
26919
26920
26926
26927
26928
26930
26931
26933
26934
26935
26936
26937
26939
26940
26941
26942
26943
26944
26945
26946
26947
26948
26953
26954
26955
26956
26957
26958
26959
26960
26961
26963
26965
26966
26967
26968
26969
26970
26971
26972
26973
26974
26975
26976
26980
26981
26982
26983
26986
26987
26988
26989
26999
27000
27001
27002
27004
27005
27006
27007
27008
27009
27010
27011
27012
27013
27014
27015
27016
27017
27018
27019
27020
27021
27022
27025
27026
27027
27028
27029
27030
27031
27032
27033
27034
27035
27036
27037
27038
27039
27040
27041
27042
27045
27046
27047
27048
27049
27050
27051
27052
27056
27057
27058
27059
27060
27061
27067
27068
27069
27072
27073
27074
27075
27076
27077
27083
27086
27087
27088
27089
27090
27091
27098
27099
27100
27101
27104
27105
27106
27107
27108
27109
27110
27111
27117
27118
27119
27120
27121
27122
27123
27124
27125
27126
27128
27129
27130
27131
27132
27136
27137
27140
27145
27146
27150
27151
27152
27153
27154
27161
27162
27163
27164
27165
27166
27167
27168
27170
27171
27172
27173
27174
27177
27178
27179
27180
27181
27182
27183
27185
27186
27187
27191
27192
27193
27194
27195
27196
27197
27198
27199
27200
27201
27202
27203
27204
27205
27206
27207
27210
27220
27224
27225
27226
27227
27228
27232
27233
27234
27235
27238
27239
27240
27241
27242
27243
27244
27245
27246
27247
27248
27249
27250
27253
27254
27255
27256
27258
27259
27260
27261
27262
27263
27264
27265
27266
27267
27268
27269
27270
27271
27272
27273
27274
27277
27278
27279
27280
27281
27283
27284
27291
27292
27293
27294
27295
27296
27297
27298
27299
27300
27303
27304
27305
27306
27308
27309
27310
27311
27312
27313
27314
27315
27316
27317
27318
27319
27320
27321
27322
27323
27324
27325
27328
27329
27330
27331
27332
27333
27334
27335
27336
27339
27340
27341
27342
27344
27345
27347
27348
27350
27351
27352
27356
27357
27361
27362
27363
27364
27365
27366
27369
27370
27371
27375
27376
27377
27378
27379
27380
27381
27382
27383
27384
27385
27387
27388
27391
27392
27393
27396
27398
27399
27400
27401
27402
27403
27404
27405
27406
27407
27408
27409
27410
27411
27412
27413
27414
27415
27416
27417
27418
27420
27421
27422
27423
27424
27425
27426
27427
27428
27429
27430
27431
27432
27433
27434
27435
27440
27441
27442
27443
27444
27445
27446
27448
27449
27450
27451
27452
27453
27454
27455
27456
27457
27458
27459
27460
27461
27464
27465
27466
27467
27469
27470
27471
27472
27473
27474
27475
27476
27477
27483
27484
27485
27486
27487
27488
27489
27490
27491
27492
27493
27495
27496
27497
27498
27499
27500
27501
27502
27503
27508
27509
27510
27511
27512
27513
27514
27515
27516
27517
27518
27519
27520
27521
27522
27524
27525
27526
27527
27528
27529
27530
27531
27532
27533
27534
27535
27536
27537
27538
27539
27540
27541
27542
27543
27544
27545
27548
27549
27550
27551
27552
27553
27554
27555
27556
27557
27558
27559
27560
27562
27563
27564
27565
27566
27567
27568
27569
27570
27571
27572
27573
27574
27575
27576
27580
27581
27582
27583
27584
27585
27586
27587
27588
27589
27591
27592
27593
27594
27595
27596
27598
27599
27600
27601
27602
27603
27604
27606
27607
27608
27609
27610
27611
27612
27616
27617
27618
27619
27620
27621
27622
27624
27625
27626
27628
27629
27630
27631
27632
27633
27634
27637
27638
27639
27640
27641
27642
27643
27644
27645
27646
27647
27648
27649
27650
27651
27652
27653
27654
27655
27656
27657
27658
27659
27660
27661
27662
27663
27664
27665
27666
27667
27668
27669
27670
27672
27673
27674
27677
27678
27679
27683
27684
27685
27686
27687
27688
27689
27690
27691
27692
27694
27695
27696
27697
27698
27699
27700
27701
27702
27703
27704
27705
27706
27707
27708
27709
27712
27713
27714
27715
27717
27718
27719
27720
27721
27722
27723
27724
27725
27726
27727
27732
27733
27734
27735
27736
27737
27738
27739
27740
27741
27742
27743
27744
27745
27746
27747
27748
27749
27750
27751
27752
27753
27754
27755
27756
27757
27758
27759
27760
27761
27762
27763
27764
27765
27766
27767
27768
27769
27771
27772
27773
27774
27775
27776
27777
27778
27779
27780
27783
27784
27785
27786
27787
27788
27789
27790
27791
27792
27793
27794
27795
27796
27797
27798
27799
27800
27801
27802
27803
27804
27805
27806
27807
27808
27809
27810
27811
27813
27814
27815
27816
27817
27818
27819
27820
27821
27822
27823
27824
27825
27826
27827
27828
27829
27830
27831
27832
27833
27834
27835
27836
27837
27838
27839
27840
27841
27842
27843
27844
27845
27846
27847
27848
27849
27850
27851
27852
27853
27854
27855
27856
27857
27858
27859
27860
27861
27862
27863
27864
27865
27866
27867
27868
27869
27870
27871
27872
27873
27874
27875
27876
27877
27878
27879
27880
27881
27882
27883
27884
27885
27886
27887
27888
27889
27890
27891
27892
27893
27894
27895
27896
27897
27898
27899
27900
27901
27902
27903
27904
27905
27906
27907
27908
27909
27910
27911
27913
27914
27915
27916
27917
27918
27919
27920
27921
27922
27923
27924
27925
27926
27927
27928
27929
27930
27931
27932
27933
27934
27935
27936
27937
27938
27939
27940
27941
27942
27943
27944
27945
27946
27947
27948
27949
27950
27951
27952
27953
27954
27955
27956
27957
27958
27959
27960
27961
27962
27963
27964
27965
27966
27967
27968
27969
27970
27971
27972
27973
27974
27975
27976
27977
27978
27979
27980
27981
27982
27983
27984
27985
27986
27987
27988
27989
27990
27991
27992
27993
27994
27995
27996
27997
27998
27999
28000
28001
28002
28003
28004
28005
28006
28007
28008
28009
28010
28068
28069
28070
28071
28072
28073
28074
28075
28076
28077
28078
28079
28080
28081
28082
28083
28084
28085
28094
28095
28096
28097
28098
28099
28100
28101
28102
28103
28104
28105
28106
28107
28108
28109
28110
28111
28112
28113
28114
28115
28116
28117
28118
28119
28120
28121
28122
28127
28128
28129
28130
28139
28140
28141
28142
28143
28144
28145
28146
28147
28148
28149
28150
28151
28152
28153
28154
28155
28156
28157
28158
28159
28160
28161
28162
28163
28164
28165
28166
28167
28168
28169
28170
28171
28172
28173
28174
28175
28176
28177
28178
28179
28180
28181
28182
28183
28184
28185
28186
28187
28188
28189
28190
28191
28192
28193
28194
28195
28196
28197
28198
28199
28200
28274
28275
28299
28300
28303
28304
28312
28313
28314
28315
28317
28318
28319
28320
28321
28322
28363
28364
28365
28366
28379
28380
28383
28384
28392
28393
28394
28408
28409
28410
28411
28415
28416
28417
28418
28419
28420
28421
28422
28425
28426
28452
28453
28454
28455
28456
28457
28458
28459
28460
28467
28468
28469
28470
28471
28472
28473
28474
28475
28476
28477
28478
28485
28486
28487
28488
28489
28490
28499
28500
28501
28502
28503
28510
28511
28515
28516
28517
28518
28539
28540
28541
28542
28543
28546
28547
28548
28549
28565
28566
28567
28581
28582
28583
28584
28585
28586
28587
28588
28589
28590
28591
28592
28593
28594
28595
28596
28597
28598
28600
28601
28617
28618
28623
28624
28625
28626
28627
28628
28629
28630
28631
28632
28633
28638
28639
28640
28641
28647
28648
28649
28650
28651
28652
28657
28658
28659
28660
28670
28671
28672
28673
28674
28675
28676
28677
28678
28679
28680
28681
28682
28683
28684
28685
28686
28687
28688
28689
28691
28696
28697
28698
28699
28704
28707
28708
28709
28710
28711
28712
28713
28714
28715
28719
28720
28721
28722
28723
28724
28725
28726
28731
28732
28733
28734
28735
28736
28737
28738
28739
28751
28752
28753
28754
28756
28757
28762
28763
28766
28767
28772
28773
28776
28777
28778
28779
28781
28782
28783
28784
28785
28786
28787
28788
28789
28790
28791
28792
28793
28794
28796
28797
28798
28799
28800
28802
28803
28804
28805
28806
28807
28808
28814
28816
28821
28822
28827
28828
28829
28830
28831
28832
28833
28834
28835
28836
28837
28838
28840
28841
28842
28843
28844
28845
28846
28847
28848
28850
28851
28852
28853
28854
28855
28856
28857
28858
28859
28860
28861
28862
28863
28864
28865
28866
28867
28868
28869
28870
28871
28872
28873
28874
28875
28876
28877
28878
28879
28880
28881
28882
28883
28884
28885
28886
28887
28888
28889
28890
28891
28892
28901
28902
28903
28904
28911
28912
28913
28914
28915
28916
28917
28918
28919
28920
28921
28922
28923
28924
28925
28927
28928
28929
28930
28931
28932
28933
28934
28935
28936
28937
28938
28939
28940
28941
28942
28943
28944
28945
28954
28955
28956
28957
28958
28959
28978
28979
28980
28981
28982
28983
28984
28985
28986
28987
28988
28989
28994
28995
28996
28997
29018
29019
29020
29021
29038
29039
29040
29041
29042
29043
29044
29045
29071
29072
29073
29074
29119
29120
29121
29122
29123
29124
29186
29187
29188
29189
29190
29191
29192
29193
29226
29227
29229
29230
29238
29239
29240
29241
29243
29244
29245
29246
29247
29248
29249
29250
29251
29254
29255
29256
29257
29259
29260
29261
29262
29271
29272
29273
29274
29309
29310
29317
29318
29319
29320
29321
29331
29332
29333
29334
29335
29344
29345
29346
29347
29348
29353
29354
29355
29356
29357
29358
29359
29360
29361
29362
29363
29364
29365
29366
29367
29368
29369
29370
29371
29372
29373
29374
29375
29376
29377
29378
29379
29380
29381
29382
29383
29384
29385
29386
29387
29388
29389
29390
29391
29392
29393
29394
29395
29396
29397
29398
29399
29400
29401
29402
29403
29404
29405
29406
29407
29408
29409
29410
29411
29412
29413
29574
29576
29577
29578
29579
29580
29581
29582
29583
29584
29585
29586
29587
29588
29589
29590
29591
29592
29593
29594
29595
29596
29597
29598
29599
29600
29601
29602
29603
29604
29605
29606
29607
29608
29609
29610
29611
29612
29613
29614
29615
29616
29617
29618
29619
29620
29621
29622
29623
29624
29625
29626
29627
29628
29629
29630
29631
29632
29633
29634
29635
29636
29637
29638
29639
29640
29641
29642
29643
29644
29645
29646
29647
29648
29649
29650
29651
29652
29653
29654
29655
29656
29657
29658
29659
29660
29661
29662
29663
29664
29665
29666
29667
29668
29669
29670
29671
29672
29673
29674
29675
29676
29677
29678
29679
29680
29681
29682
29683
29684
29685
29686
29687
29688
29689
29690
29691
29692
29862
29863
29864
29865
29866
29867
29868
29869
29870
29871
29872
29873
29874
29875
29876
29877
29878
29879
29880
29881
29882
29883
29884
29885
29886
29887
29888
29889
29890
29891
29892
29893
29894
29895
29896
29897
29898
29899
29900
29901
29902
29903
29904
29905
29906
29907
29908
29909
29910
29911
29912
29913
29914
29915
29916
29917
29918
29919
29920
29921
29922
29923
29924
29925
29926
29927
29928
29929
29930
29931
29932
29933
29934
29935
29936
29937
29938
29939
29940
29941
29942
29943
29944
29945
29946
29947
29948
29949
29950
29951
29952
29953
29954
29955
29956
29957
29958
29959
29960
29961
29962
29963
29964
29965
29966
29967
29968
29969
29970
29971
29972
29973
29974
29975
30120
30121
30122
30123
30124
30125
30126
30127
30128
30129
30130
30131
30132
30133
30134
30135
30136
30137
30138
30139
30140
30141
30142
30143
30144
30145
30146
30147
30148
30149
30150
30151
30152
30153
30154
30155
30156
30157
30158
30159
30160
30161
30162
30163
30164
30165
30166
30167
30168
30169
30170
30175
30176
30177
30178
30179
30180
30181
30182
30183
30184
30185
30186
30187
30188
30189
30190
30191
30192
30193
30194
30195
30196
30197
30198
30199
30200
30201
30202
30203
30204
30205
30206
30207
30208
30209
30210
30211
30212
30213
30214
30215
30216
30217
30218
30219
30220
30221
30222
30223
30224
30225
30226
30227
30228
30229
30230
30231
30232
30233
30234
30235
30236
30390
30392
30393
30394
30395
30396
30397
30398
30399
30400
30401
30402
30403
30404
30405
30406
30407
30408
30409
30410
30411
30412
30413
30414
30415
30416
30417
30418
30419
30420
30421
30422
30423
30424
30425
30426
30427
30428
30429
30430
30431
30432
30433
30434
30435
30436
30437
30438
30439
30440
30441
30442
30443
30444
30445
30451
30452
30453
30454
30455
30456
30457
30458
30459
30460
30461
30462
30463
30464
30465
30466
30467
30468
30469
30470
30471
30472
30473
30474
30475
30476
30477
30478
30479
30480
30481
30482
30483
30484
30485
30486
30487
30488
30489
30490
30491
30492
30493
30494
30495
30496
30497
30498
30499
30500
30501
30502
30503
30504
30505
30506
30507
30508
30509
30510
30649
30651
30652
30653
30654
30655
30656
30657
30658
30659
30660
30661
30662
30663
30664
30665
30666
30667
30668
30669
30670
30671
30672
30673
30674
30675
30676
30677
30678
30679
30680
30681
30682
30683
30684
30685
30686
30687
30688
30689
30690
30691
30692
30693
30694
30695
30696
30697
30698
30699
30700
30702
30703
30704
30705
30706
30707
30708
30709
30710
30711
30712
30713
30714
30715
30716
30717
30718
30719
30720
30721
30722
30723
30724
30725
30726
30727
30728
30729
30730
30731
30732
30733
30734
30735
30736
30737
30738
30739
30740
30741
30742
30743
30744
30745
30746
30747
30748
30888
30890
30891
30892
30893
30894
30895
30896
30897
30898
30899
30900
30901
30902
30903
30904
30905
30906
30907
30908
30909
30910
30911
30912
30913
30914
30915
30916
30917
30918
30919
30920
30921
30922
30923
30924
30925
30926
30927
30928
30929
30930
30931
30932
30933
30934
30935
30936
30937
30938
30939
30946
30947
30948
30949
30950
30951
30952
30953
30954
30955
30956
30957
30958
30959
30960
30961
30962
30963
30964
30965
30966
30967
30968
30969
30970
30971
30972
30973
30974
30975
30976
30977
30978
30979
30980
30981
30982
30983
30984
30985
30986
30987
30988
30989
30990
30991
30992
30993
31122
31124
31125
31126
31127
31128
31129
31130
31131
31132
31133
31134
31135
31136
31137
31138
31139
31140
31141
31142
31143
31144
31145
31146
31147
31148
31149
31150
31151
31152
31153
31154
31155
31156
31157
31158
31159
31160
31161
31162
31163
31164
31165
31166
31167
31168
31169
31170
31171
31172
31173
31174
31175
31176
31177
31178
31179
31180
31181
31182
31183
31191
31192
31193
31194
31195
31196
31197
31198
31199
31200
31201
31202
31203
31204
31205
31206
31207
31208
31209
31210
31211
31212
31213
31214
31215
31216
31217
31218
31219
31220
31221
31222
31223
31224
31225
31226
31227
31228
31229
31230
31231
31232
31233
31234
31235
31236
31237
31238
31358
31360
31361
31362
31363
31364
31365
31366
31367
31368
31369
31370
31371
31372
31373
31374
31375
31376
31377
31378
31379
31380
31381
31382
31383
31384
31385
31386
31387
31388
31389
31390
31391
31392
31393
31394
31395
31396
31397
31398
31399
31400
31401
31402
31403
31404
31405
31406
31407
31408
31409
31410
31411
31412
31413
31414
31415
31416
31438
31439
31440
31441
31442
31443
31444
31445
31446
31447
31448
31449
31450
31451
31452
31453
31454
31455
31456
31457
31458
31459
31460
31461
31462
31463
31464
31465
31466
31467
31468
31469
31470
31471
31472
31473
31474
31475
31476
31477
31478
31479
31480
31481
31482
31483
31484
31485
31486
31487
31488
31489
31490
31612
31614
31615
31616
31617
31618
31619
31620
31621
31622
31623
31624
31625
31626
31627
31628
31629
31630
31631
31632
31633
31634
31635
31636
31637
31638
31639
31640
31641
31642
31643
31644
31645
31646
31647
31648
31649
31650
31651
31652
31653
31654
31655
31656
31657
31658
31659
31660
31661
31662
31663
31664
31665
31666
31667
31668
31669
31688
31689
31690
31691
31692
31693
31694
31695
31696
31697
31698
31699
31700
31701
31702
31703
31704
31705
31706
31707
31708
31709
31710
31711
31712
31713
31714
31715
31716
31717
31718
31719
31720
31721
31722
31723
31724
31725
31726
31727
31728
31729
31730
31731
31732
31733
31848
31850
31851
31852
31853
31854
31855
31856
31857
31858
31859
31860
31861
31862
31863
31864
31865
31866
31867
31868
31869
31870
31871
31872
31873
31874
31875
31876
31877
31878
31879
31880
31891
31892
31893
31894
31895
31896
31897
31898
31899
31900
31901
31902
31903
31904
31905
31906
31907
31908
31909
31910
31911
31912
31913
31914
31915
31916
31917
31918
31919
31920
31921
31922
31923
31924
31925
31926
31927
31928
31929
31930
31931
31932
31933
31934
31935
31936
31937
31938
31939
31940
31941
32050
32052
32053
32054
32055
32056
32057
32058
32059
32060
32061
32062
32063
32064
32065
32066
32067
32068
32069
32070
32071
32072
32073
32074
32075
32076
32077
32078
32079
32080
32081
32082
32083
32084
32085
32086
32087
32088
32089
32090
32106
32107
32108
32109
32110
32111
32112
32113
32114
32115
32116
32117
32118
32119
32120
32121
32122
32123
32124
32125
32126
32127
32128
32129
32130
32131
32132
32133
32134
32135
32136
32137
32138
32139
32140
32141
32142
32143
32144
32145
32146
32147
32148
32256
32257
32258
32259
32260
32261
32262
32263
32264
32265
32266
32267
32268
32269
32270
32271
32272
32273
32274
32275
32276
32277
32278
32279
32280
32281
32282
32283
32284
32285
32286
32287
32288
32289
32290
32291
32292
32293
32294
32295
32296
32297
32298
32299
32300
32301
32302
32303
32304
32305
32306
32307
32308
32328
32329
32330
32331
32332
32333
32334
32335
32336
32337
32338
32339
32340
32341
32342
32343
32344
32345
32346
32347
32348
32349
32350
32351
32352
32353
32354
32355
32356
32357
32358
32359
32360
32361
32362
32363
32364
32365
32366
32460
32461
32462
32463
32464
32465
32466
32467
32468
32469
32470
32471
32472
32473
32474
32475
32476
32477
32478
32479
32480
32481
32482
32483
32484
32485
32486
32487
32488
32489
32490
32491
32520
32521
32522
32523
32524
32525
32526
32527
32528
32529
32530
32531
32532
32533
32534
32535
32536
32537
32538
32539
32540
32541
32542
32543
32544
32545
32546
32547
32548
32549
32550
32551
32552
32553
32554
32555
32556
32557
32558
32559
32560
32561
32562
32563
32564
32565
32566
32567
32568
32569
32570
32571
32572
32573
32574
32575
32576
32577
32686
32687
32688
32689
32690
32691
32692
32693
32694
32695
32696
32697
32698
32699
32700
32701
32702
32703
32704
32705
32706
32707
32708
32709
32710
32711
32712
32713
32714
32715
32716
32717
32718
32719
32720
32721
32722
32723
32724
32725
32726
32727
32728
32729
32730
32731
32763
32764
32765
32766
32767
32768
32769
32770
32771
32772
32773
32774
32775
32776
32777
32778
32779
32780
32781
32782
32783
32784
32785
32786
32787
32788
32789
32790
32791
32792
32793
32794
32795
32796
32797
32798
32799
32800
32885
32886
32887
32888
32889
32890
32891
32892
32893
32894
32895
32896
32897
32898
32899
32900
32901
32902
32903
32904
32905
32906
32907
32908
32909
32910
32911
32912
32913
32914
32915
32916
32917
32918
32919
32920
32921
32922
32923
32924
32925
32926
32927
32928
32959
32960
32961
32962
32963
32964
32965
32966
32967
32968
32969
32970
32971
32972
32973
32974
32975
32976
32977
32978
32979
32980
32981
32982
32983
32984
32985
32986
32987
32988
32989
32990
32991
32992
32993
32994
32995
33087
33088
33089
33090
33091
33092
33093
33094
33095
33096
33097
33098
33099
33100
33101
33102
33103
33104
33105
33106
33107
33108
33109
33110
33111
33112
33113
33114
33115
33116
33117
33139
33140
33141
33142
33143
33144
33145
33146
33147
33148
33149
33150
33151
33152
33153
33154
33155
33156
33157
33158
33159
33160
33161
33162
33239
33240
33241
33242
33243
33244
33245
33246
33247
33248
33249
33250
33251
33252
33253
33254
33255
33256
33257
33258
33259
33260
33261
33262
33263
33264
33265
33266
33267
33280
33281
33282
33283
33284
33285
33286
33287
33288
33289
33290
33291
33292
33347
33348
33349
33350
33351
33352
33353
33354
33355
33356
33357
33358
33359
33360
33361
33362
33363
33364
33365
33366
33368
33369
)


// ************************************************************************* //
