/*--------------------------------*- C++ -*----------------------------------*\
| =========                 |                                                 |
| \\      /  F ield         | OpenFOAM: The Open Source CFD Toolbox           |
|  \\    /   O peration     | Version:  v2012                                 |
|   \\  /    A nd           | Website:  www.openfoam.com                      |
|    \\/     M anipulation  |                                                 |
\*---------------------------------------------------------------------------*/
FoamFile
{
    version     2.0;
    format      ascii;
    class       labelList;
    location    "constant/polyMesh";
    object      pointProcAddressing;
}
// * * * * * * * * * * * * * * * * * * * * * * * * * * * * * * * * * * * * * //


8198
(
15
16
17
18
19
20
21
22
23
24
25
26
27
28
29
30
31
32
33
34
35
36
37
38
39
40
41
42
43
44
45
46
47
63
64
65
66
67
68
69
70
71
72
73
74
75
76
77
78
79
80
81
82
83
84
85
86
87
88
89
90
91
92
93
94
95
96
97
98
99
100
101
102
103
104
105
106
107
108
109
110
111
112
113
114
115
116
117
118
119
120
121
122
123
124
125
126
127
128
129
130
131
132
133
134
135
136
137
138
139
140
141
142
143
144
145
146
147
148
149
150
151
152
153
154
155
156
157
158
159
160
161
162
163
164
165
166
167
168
169
170
171
172
173
174
175
176
177
178
179
180
181
182
183
184
185
186
187
188
189
190
191
192
193
194
195
196
197
198
199
200
201
202
203
204
205
206
207
208
209
210
211
212
213
214
215
216
217
218
219
220
221
222
223
224
225
226
227
228
229
230
231
232
233
234
235
236
237
238
239
240
241
242
243
244
245
246
247
248
249
250
251
252
253
254
255
256
257
258
259
260
261
262
263
264
265
266
267
268
269
270
271
272
273
274
275
276
277
278
279
280
281
282
283
284
285
286
287
288
289
290
291
292
293
544
545
546
562
563
564
565
566
567
571
572
573
574
575
579
580
581
582
583
584
585
586
587
588
604
607
615
616
617
618
619
620
621
622
623
624
625
626
627
628
629
630
631
632
633
634
635
636
637
638
639
640
641
642
643
644
645
646
647
648
649
650
651
652
653
654
655
656
657
658
659
660
661
662
663
664
665
666
667
668
669
670
671
672
673
674
675
676
677
678
679
680
681
682
683
684
685
686
687
688
689
690
691
692
693
694
695
696
699
700
701
702
703
704
705
706
710
711
712
713
714
715
716
717
718
719
720
721
722
723
730
731
732
733
734
735
736
748
749
750
756
757
758
759
760
761
762
763
764
765
775
776
777
778
779
780
781
782
783
784
785
786
787
788
789
790
795
796
808
809
810
811
812
813
818
819
820
821
822
826
827
828
829
830
831
832
836
837
838
841
842
856
857
858
860
861
862
863
864
865
866
867
868
869
870
871
872
873
874
875
876
878
879
880
881
886
887
888
889
890
891
892
893
894
898
905
906
919
920
921
922
923
924
925
926
927
928
935
936
937
938
939
940
941
942
943
944
955
956
957
964
967
968
969
972
973
974
975
976
980
981
982
983
984
985
990
991
994
997
998
999
1000
1001
1010
1011
1012
1013
1019
1021
1022
1023
1026
1027
1028
1035
1036
1037
1038
1039
1040
1041
1043
1045
1046
1047
1048
1049
1050
1057
1058
1059
1063
1064
1071
1072
1073
1080
1081
1082
1083
1084
1085
1086
1087
1093
1094
1095
1096
1097
1104
1105
1106
1125
1126
1127
1128
1129
1130
1138
1139
1140
1141
1142
1143
1146
1147
1148
1164
1165
1166
1167
1168
1169
1179
1180
1181
1182
1183
1184
1194
1195
1200
1201
1202
1206
1207
1208
1209
1210
1217
1218
1219
1223
1224
1225
1226
1227
1228
1232
1233
1234
1238
1239
1240
1253
1254
1255
1256
1257
1258
1259
1260
1261
1262
1263
1264
1269
1282
1283
1289
1290
1291
1304
1305
1306
1310
1311
1312
1321
1322
1323
1327
1328
1329
1333
1334
1335
1342
1348
1349
1350
1354
1355
1356
1373
1374
1375
1376
1377
1378
1390
1391
1392
1393
1394
1395
1396
1397
1398
1399
1400
1401
1402
1403
1404
1405
1406
1407
1408
1409
1410
1411
1412
1413
1414
1415
1416
1417
1418
1419
1420
1421
1422
1423
1424
1425
1431
1432
1433
1434
1435
1436
1437
1438
1439
1440
1441
1442
1443
1444
1445
1446
1447
1448
1449
1450
1453
1454
1466
1467
1468
1469
1470
1471
1472
1473
1474
1478
1479
1481
1482
1483
1484
1485
1486
1487
1488
1489
1490
1491
1492
1493
1494
1495
1496
1497
1498
1529
1530
1531
1532
1533
1534
1535
1536
1537
1538
1539
1541
1542
1543
1544
1545
1546
1556
1557
1558
1559
1560
1561
1562
1563
1564
1565
1566
1567
1568
1569
1570
1571
1572
1573
1574
1575
1576
1577
1578
1580
1581
1582
1583
1584
1588
1589
1590
1591
1592
1593
1594
1595
1596
1597
1598
1599
1600
1601
1628
1629
1630
1631
1632
1633
1635
1636
1637
1638
1639
1640
1641
1642
1643
1644
1645
1646
1647
1648
1649
1650
1651
1652
1653
1654
1655
1656
1660
1661
1667
1668
1672
1676
1678
1682
1683
1684
1688
1690
1691
1697
1698
1699
1700
1701
1702
1703
1704
1705
1706
1707
1708
1709
1710
1711
1712
1713
1714
1715
1716
1717
1718
1719
1720
1721
1722
1723
1724
1725
1726
1727
1728
1729
1730
1731
1732
1733
1734
1735
1736
1737
1738
1739
1740
1741
1742
1743
1744
1745
1746
1747
1748
1749
1750
1751
1752
1753
1754
1755
1756
1757
1758
1759
1760
1761
1762
1763
1764
1765
1766
1767
1868
1870
1873
1874
1875
1876
1877
1878
1879
1880
1881
1882
1883
1884
1885
1886
1887
1888
1889
1890
1891
1892
1893
1894
1895
1896
1897
1898
1899
1900
1901
1902
1903
1904
1905
1906
1907
1908
1909
1910
1911
1912
1913
1914
1915
1916
1917
1918
1919
1920
1921
1922
1923
1924
1925
1926
1927
1928
1929
1930
1931
1932
1933
1934
1935
1936
1937
1938
1939
1940
1941
1942
1943
1944
1945
1946
1947
1948
1949
1950
1951
1952
1953
1954
1955
1956
1957
1958
1959
1960
1961
1962
1963
1964
1965
1966
1967
2009
2010
2011
2083
2084
2085
2086
2087
2088
2089
2090
2091
2092
2093
2094
2095
2096
2097
2098
2099
2100
2101
2102
2103
2104
2105
2106
2107
2108
2109
2110
2111
2112
2113
2114
2115
2116
2117
2118
2119
2120
2121
2122
2123
2124
2125
2126
2127
2128
2129
2130
2131
2132
2133
2134
2135
2136
2137
2138
2139
2140
2141
2142
2143
2144
2145
2146
2147
2148
2149
2150
2151
2152
2153
2154
2155
2156
2157
2158
2159
2160
2161
2162
2163
2164
2165
2166
2167
2168
2169
2170
2171
2172
2173
2174
2175
2176
2177
2178
2179
2180
2181
2182
2183
2184
2185
2186
2187
2188
2189
2190
2191
2192
2299
2300
2301
2302
2303
2304
2305
2306
2307
2308
2309
2310
2311
2312
2313
2314
2315
2316
2317
2318
2319
2320
2321
2322
2323
2324
2325
2326
2327
2328
2329
2330
2331
2332
2333
2334
2335
2336
2337
2338
2339
2340
2341
2342
2343
2344
2345
2346
2347
2348
2349
2350
2351
2352
2353
2354
2355
2356
2357
2358
2359
2360
2361
2362
2363
2364
2365
2366
2367
2368
2369
2370
2371
2372
2373
2374
2375
2376
2377
2378
2379
2380
2381
2382
2383
2384
2385
2492
2493
2494
2495
2496
2497
2498
2499
2500
2501
2502
2503
2504
2505
2506
2507
2508
2509
2510
2511
2512
2513
2514
2515
2516
2517
2518
2519
2520
2521
2522
2523
2524
2525
2526
2527
2528
2529
2530
2531
2532
2533
2534
2535
2536
2537
2538
2539
2540
2541
2542
2543
2544
2574
2575
2576
2577
2578
2579
2580
2581
2582
2583
2584
2585
2586
2587
2588
2595
2596
2602
2603
2609
2610
2611
2613
2614
2615
2616
2617
2618
2626
2627
2628
2629
2634
2635
2644
2645
2646
2647
2648
2649
2650
2651
2652
2653
2654
2655
2656
2657
2658
2659
2660
2665
2672
2673
2674
2675
2676
2677
2680
2681
2686
2687
2689
2690
2691
2692
2698
2704
2705
2706
2707
2708
2709
2710
2711
2721
2722
2723
2727
2728
2729
2730
2731
2732
2733
2734
2735
2736
2737
2738
2742
2743
2744
2745
2746
2747
2748
2749
2750
2751
2752
2753
2754
2755
2756
2763
2764
2765
2766
2789
2790
2792
2793
2794
2799
2800
2801
2802
2803
2804
2805
2806
2807
2808
2809
2812
2813
2814
2815
2816
2819
2820
2829
2830
2831
2832
2837
2839
2840
2841
2842
2843
2844
2845
2848
2849
2850
2851
2852
2853
2854
2855
2859
2861
2865
2866
2868
2869
2870
2871
2876
2877
2878
2879
2880
2881
2882
2883
2884
2885
2889
2890
2891
2892
2899
2900
2901
2906
2907
2908
2909
2914
2915
2916
2917
2919
2920
2921
2922
2923
2924
2935
2936
2937
2938
2939
2940
2941
2943
2945
2946
2947
2948
2949
2950
2951
2952
2953
2962
2963
2965
2966
2967
2968
2969
2972
2973
2974
2975
2976
2980
2981
2982
2983
2989
2990
2991
2993
2994
2995
2996
2997
2998
3000
3001
3002
3003
3009
3011
3016
3017
3018
3019
3025
3026
3027
3028
3030
3035
3036
3037
3038
3039
3040
3041
3042
3046
3047
3048
3049
3050
3051
3052
3053
3057
3060
3066
3067
3069
3070
3071
3077
3078
3079
3080
3084
3085
3086
3087
3088
3092
3093
3094
3098
3099
3100
3101
3102
3103
3104
3105
3112
3117
3118
3119
3120
3124
3128
3129
3130
3131
3132
3133
3134
3135
3142
3143
3146
3147
3153
3154
3155
3156
3157
3163
3169
3170
3175
3176
3177
3178
3179
3180
3184
3185
3186
3187
3188
3189
3190
3191
3192
3193
3194
3197
3198
3199
3202
3203
3204
3209
3210
3211
3221
3222
3223
3224
3225
3232
3233
3236
3237
3238
3240
3241
3242
3243
3244
3248
3249
3250
3251
3252
3258
3259
3261
3269
3270
3272
3273
3274
3275
3276
3277
3278
3279
3280
3281
3286
3287
3288
3289
3290
3291
3292
3293
3294
3295
3296
3297
3305
3306
3308
3309
3310
3311
3317
3326
3334
3335
3336
3337
3338
3339
3340
3341
3347
3348
3349
3350
3351
3352
3353
3354
3355
3356
3358
3359
3360
3361
3363
3366
3367
3368
3369
3370
3371
3372
3373
3374
3375
3379
3386
3387
3392
3393
3395
3396
3397
3398
3399
3400
3401
3402
3403
3404
3405
3406
3409
3410
3411
3413
3414
3415
3416
3423
3425
3426
3427
3428
3429
3436
3437
3438
3439
3440
3441
3442
3443
3450
3451
3452
3453
3460
3466
3470
3471
3472
3473
3474
3475
3476
3477
3479
3480
3481
3485
3490
3491
3493
3496
3497
3498
3499
3500
3506
3507
3508
3509
3510
3511
3516
3517
3518
3538
3539
3540
3541
3542
3543
3544
3545
3546
3547
3548
3549
3550
3551
3552
3553
3556
3560
3561
3562
3563
3564
3574
3575
3576
3582
3583
3584
3585
3595
3596
3597
3598
3599
3600
3601
3605
3606
3607
3608
3609
3613
3614
3615
3616
3617
3618
3619
3620
3621
3622
3623
3624
3625
3630
3631
3632
3633
3634
3635
3636
3646
3648
3649
3654
3655
3656
3657
3658
3661
3662
3663
3664
3665
3666
3671
3672
3680
3681
3682
3687
3694
3695
3696
3697
3698
3699
3700
3701
3702
3703
3704
3707
3713
3714
3715
3716
3717
3724
3725
3726
3727
3728
3732
3733
3734
3741
3742
3743
3744
3745
3746
3747
3748
3749
3750
3751
3752
3763
3764
3765
3767
3768
3769
3770
3771
3772
3773
3774
3775
3776
3777
3778
3779
3780
3781
3782
3783
3784
3785
3786
3787
3788
3789
3790
3796
3797
3803
3804
3805
3812
3813
3814
3815
3816
3817
3818
3819
3820
3822
3823
3824
3825
3826
3827
3831
3832
3833
3835
3836
3845
3847
3850
3851
3852
3853
3854
3855
3856
3857
3858
3859
3860
3865
3866
3867
3871
3882
3883
3884
3885
3886
3887
3888
3889
3890
3897
3898
3899
3900
3901
3902
3903
3904
3905
3906
3907
3908
3909
3919
3920
3921
3922
3925
3926
3930
3931
3932
3933
3934
3941
3942
3943
3944
3945
3950
3951
3952
3953
3954
3955
3956
3957
3958
3964
3965
3966
3967
3968
3969
3980
3981
3982
3983
3984
3985
3986
3989
3990
3996
3997
3998
3999
4000
4001
4002
4006
4007
4016
4017
4018
4027
4028
4032
4033
4034
4035
4036
4037
4038
4039
4040
4042
4043
4046
4047
4048
4051
4054
4055
4056
4062
4063
4064
4065
4066
4067
4068
4072
4073
4074
4075
4076
4077
4078
4079
4080
4081
4082
4087
4088
4089
4092
4093
4094
4095
4096
4103
4110
4111
4112
4114
4120
4121
4122
4123
4124
4125
4126
4129
4130
4137
4138
4139
4140
4141
4142
4143
4144
4145
4146
4147
4148
4149
4152
4154
4155
4156
4157
4158
4164
4165
4166
4168
4169
4170
4171
4176
4177
4178
4179
4180
4181
4182
4183
4184
4191
4192
4198
4199
4200
4201
4212
4213
4214
4220
4221
4222
4223
4228
4229
4230
4231
4232
4233
4234
4235
4240
4241
4242
4243
4244
4245
4246
4247
4253
4254
4255
4256
4257
4258
4260
4261
4262
4263
4264
4265
4266
4267
4268
4269
4270
4271
4272
4273
4274
4278
4279
4280
4281
4282
4283
4284
4285
4290
4291
4292
4293
4294
4295
4296
4298
4299
4312
4313
4314
4315
4316
4317
4318
4322
4323
4324
4330
4331
4332
4333
4334
4335
4336
4337
4338
4339
4340
4341
4342
4344
4345
4346
4347
4354
4364
4365
4366
4367
4368
4369
4370
4371
4378
4379
4383
4384
4388
4389
4390
4391
4392
4393
4394
4395
4396
4397
4398
4406
4407
4408
4409
4412
4413
4414
4415
4416
4417
4419
4427
4428
4429
4430
4433
4434
4435
4436
4437
4440
4441
4442
4443
4447
4448
4449
4450
4451
4452
4453
4454
4455
4457
4458
4459
4462
4463
4464
4476
4486
4487
4493
4494
4495
4496
4497
4498
4500
4501
4502
4503
4508
4509
4510
4511
4512
4514
4515
4516
4518
4519
4520
4521
4522
4523
4524
4525
4528
4529
4530
4531
4535
4536
4544
4545
4546
4551
4552
4553
4554
4555
4556
4557
4558
4559
4563
4571
4572
4573
4582
4583
4584
4585
4586
4587
4588
4589
4590
4591
4592
4593
4594
4595
4596
4597
4605
4606
4607
4608
4609
4610
4611
4620
4621
4622
4623
4624
4625
4626
4627
4628
4634
4635
4636
4637
4638
4639
4640
4641
4642
4643
4644
4645
4646
4647
4648
4649
4666
4671
4672
4673
4674
4675
4678
4679
4680
4681
4682
4683
4684
4685
4694
4695
4701
4702
4703
4704
4705
4706
4707
4715
4720
4721
4722
4723
4726
4727
4728
4729
4730
4732
4733
4734
4735
4746
4747
4764
4765
4766
4772
4773
4774
4775
4776
4778
4779
4780
4783
4790
4792
4793
4798
4800
4801
4802
4803
4804
4805
4806
4807
4808
4809
4810
4812
4819
4820
4821
4822
4823
4824
4825
4826
4827
4828
4834
4835
4839
4840
4841
4842
4849
4850
4851
4852
4853
4858
4859
4860
4861
4867
4868
4869
4870
4871
4872
4873
4874
4875
4876
4884
4886
4887
4897
4898
4904
4905
4906
4908
4909
4913
4914
4915
4921
4922
4925
4928
4929
4932
4933
4934
4935
4936
4937
4938
4939
4943
4944
4945
4946
4947
4949
4957
4958
4961
4964
4965
4966
4967
4968
4969
4970
4971
4972
4973
4975
4976
4977
4978
4983
4984
4992
4993
4994
4995
4996
4997
4998
4999
5000
5003
5006
5007
5008
5009
5010
5011
5012
5014
5015
5023
5024
5025
5026
5027
5028
5033
5034
5035
5037
5042
5043
5048
5049
5054
5055
5067
5068
5069
5073
5074
5075
5077
5078
5082
5083
5084
5086
5087
5088
5091
5092
5093
5094
5095
5096
5102
5103
5104
5105
5106
5107
5108
5109
5115
5118
5119
5120
5121
5122
5126
5127
5131
5138
5140
5141
5143
5144
5145
5146
5154
5157
5158
5159
5160
5161
5162
5163
5165
5166
5167
5171
5172
5173
5174
5178
5179
5182
5184
5185
5186
5187
5188
5189
5191
5192
5199
5201
5202
5207
5211
5212
5214
5215
5216
5219
5222
5223
5224
5228
5229
5230
5231
5232
5233
5234
5235
5240
5241
5247
5248
5249
5255
5256
5257
5258
5259
5260
5271
5272
5273
5278
5279
5280
5281
5283
5284
5285
5286
5290
5291
5292
5293
5302
5303
5304
5305
5306
5310
5311
5312
5313
5314
5316
5322
5331
5332
5333
5337
5338
5339
5340
5341
5345
5346
5347
5348
5350
5351
5355
5357
5359
5369
5370
5371
5381
5382
5383
5384
5385
5395
5396
5397
5400
5404
5405
5407
5409
5410
5413
5414
5415
5416
5417
5418
5419
5422
5423
5424
5425
5426
5429
5430
5431
5435
5436
5437
5441
5443
5444
5445
5446
5447
5448
5449
5450
5451
5452
5458
5459
5468
5469
5470
5471
5472
5473
5476
5477
5486
5488
5489
5490
5492
5493
5499
5500
5502
5507
5509
5510
5512
5513
5514
5515
5518
5520
5528
5529
5530
5531
5535
5536
5537
5538
5540
5541
5542
5543
5544
5547
5550
5551
5552
5554
5555
5559
5560
5563
5564
5565
5566
5567
5568
5569
5570
5572
5573
5574
5575
5578
5581
5582
5591
5592
5595
5596
5597
5599
5602
5604
5605
5606
5607
5608
5609
5610
5611
5612
5613
5614
5615
5616
5617
5618
5619
5620
5621
5622
5623
5624
5625
5626
5627
5628
5629
5630
5631
5632
5633
5634
5635
5636
5637
5638
5639
5640
5641
5642
5643
5644
5645
5646
5647
5648
5649
5650
5651
5652
5653
5654
5655
5656
5657
5658
5659
5660
5661
5662
5663
5664
5665
5666
5667
5668
5669
5670
5671
5672
5673
5674
5675
5676
5677
5678
5679
5680
5681
5682
5683
5684
5685
5686
5687
5688
5689
5690
5691
5692
5693
5694
5695
5696
5697
5698
5699
5700
5701
5702
5703
5704
5705
5706
5707
5708
5709
5710
5711
5712
5713
5714
5715
5716
5717
5718
5719
5720
5721
5722
5723
5724
5725
5726
5727
5728
5729
5730
5731
5732
5733
5734
5735
5736
5737
5738
5739
5740
5741
5742
5743
5744
5745
5746
5747
5748
5749
5750
5751
5752
5753
5754
5755
5756
5757
5758
5759
5760
5761
5762
5763
5764
5765
5766
5767
5768
5769
5770
5771
5772
5773
5774
5775
5776
5777
5778
5779
5780
5781
5782
5783
5784
5785
5786
5787
5788
5789
5790
5791
5792
5793
5794
5795
5796
5797
5798
5799
5800
5801
5802
5803
5804
5805
5806
5807
5808
5809
5810
5811
5812
5813
5814
5815
5816
5817
5818
5819
5820
5821
5822
5823
5824
5825
5826
5827
5828
5829
5830
5831
5832
5833
5834
5835
5836
5837
5838
5839
5840
5841
5842
5843
5844
5845
5846
5847
5848
5849
5850
5851
5852
5853
5854
5855
5856
5857
5858
5859
5860
5861
5862
5863
5864
5865
5866
5867
5868
5869
5870
5871
5872
5873
5874
5875
5876
5877
5878
5879
5880
5881
5882
5883
5884
5885
5886
5887
5888
5889
5890
5891
5892
5893
5894
5895
5896
5897
5898
5899
5900
5901
5902
5903
5904
5905
5906
5907
5908
5909
5910
5911
5912
5913
5914
5915
5916
5917
5918
5919
5920
5921
5922
5923
5924
5925
5926
5927
5928
5929
5930
5931
5932
5933
5934
5935
5936
5937
5938
5939
5940
5941
5942
5943
5944
5945
5946
5947
5948
5949
5950
5951
5952
5953
5954
5955
5956
5957
5958
5959
5960
5961
5962
5963
5964
5965
5966
5967
5968
5969
5970
5971
5972
5973
5974
5975
5976
5977
5978
5979
5980
5981
5982
5983
5984
5985
5986
5987
5988
5989
5990
5991
5992
5993
5994
5995
5996
5997
5998
5999
6000
6001
6002
6003
6004
6005
6006
6007
6008
6009
6010
6011
6012
6013
6014
6015
6016
6017
6018
6019
6020
6021
6022
6023
6024
6025
6026
6027
6028
6029
6030
6031
6032
6033
6034
6035
6036
6037
6038
6039
6040
6041
6042
6043
6044
6045
6046
6047
6048
6049
6050
6051
6052
6053
6054
6055
6056
6057
6058
6059
6060
6061
6062
6063
6064
6065
6066
6067
6068
6069
6070
6071
6072
6073
6074
6075
6076
6077
6078
6079
6080
6081
6082
6083
6084
6085
6086
6087
6088
6089
6090
6091
6092
6093
6094
6095
6096
6097
6098
6099
6100
6101
6102
6103
6104
6105
6106
6107
6108
6109
6110
6111
6112
6113
6114
6115
6116
6117
6118
6119
6120
6121
6122
6123
6124
6125
6126
6127
6128
6129
6130
6131
6132
6133
6134
6135
6136
6137
6138
6139
6140
6141
6142
6143
6144
6145
6146
6147
6148
6149
6150
6151
6152
6153
6154
6155
6156
6157
6158
6159
6160
6161
6162
6163
6164
6165
6166
6167
6168
6169
6170
6171
6172
6173
6174
6175
6176
6177
6178
6179
6180
6181
6182
6183
6184
6185
6186
6187
6188
6189
6190
6191
6192
6193
6194
6195
6196
6197
6198
6199
6200
6201
6202
6203
6204
6205
6206
6207
6208
6209
6210
6211
6212
6213
6214
6215
6216
6217
6218
6219
6220
6221
6222
6223
6224
6225
6226
6227
6228
6229
6230
6231
6232
6233
6234
6235
6236
6237
6238
6239
6240
6241
6242
6243
6244
6245
6246
6247
6248
6249
6250
6251
6252
6253
6254
6255
6256
6257
6258
6259
6260
6261
6262
6263
6264
6265
6266
6267
6268
6269
6270
6271
6272
6273
6274
6275
6276
6277
6278
6279
6280
6281
6282
6283
6284
6285
6286
6287
6288
6289
6290
6291
6292
6293
6294
6295
6296
6297
6298
6299
6300
6301
6302
6303
6304
6305
6306
6307
6308
6309
6310
6311
6312
6313
6314
6315
6316
6317
6318
6319
6320
6321
6322
6323
6324
6325
6326
6327
6328
6329
6330
6331
6332
6333
6334
6335
6336
6337
6338
6339
6340
6341
6342
6343
6344
6345
6346
6347
6348
6349
6350
6351
6352
6353
6354
6355
6356
6357
6358
6359
6360
6361
6362
6363
6364
6365
6366
6367
6368
6369
6370
6371
6372
6373
6374
6375
6376
6377
6378
6379
6380
6381
6382
6383
6384
6385
6386
6387
6388
6389
6390
6391
6392
6393
6394
6395
6396
6397
6398
6399
6400
6401
6402
6403
6404
6405
6406
6407
6408
6409
6410
6411
6412
6413
6414
6415
6416
6417
6418
6419
6420
6421
6422
6423
6424
6425
6426
6427
6428
6429
6430
6431
6432
6433
6434
6435
6436
6437
6438
6439
6440
6441
6442
6443
6444
6445
6446
6447
6448
6449
6450
6451
6452
6453
6454
6455
6456
6457
6458
6459
6460
6461
6462
6463
6464
6465
6466
6467
6468
6469
6470
6471
6472
6473
6474
6475
6476
6477
6478
6479
6480
6481
6482
6483
6484
6485
6486
6487
6488
6489
6490
6491
6492
6493
6494
6495
6496
6497
6498
6499
6500
6501
6502
6503
6504
6505
6506
6507
6508
6509
6510
6511
6512
6513
6514
6515
6516
6517
6518
6519
6520
6521
6522
6523
6524
6525
6526
6527
6528
6529
6530
6531
6532
6533
6534
6535
6536
6537
6538
6539
6540
6541
6542
6543
6544
6545
6546
6547
6548
6549
6550
6551
6552
6553
6554
6555
6556
6557
6558
6559
6560
6561
6562
6563
6564
6565
6566
6567
6568
6569
6570
6571
6572
6573
6574
6575
6576
6577
6578
6579
6580
6581
6582
6583
6584
6585
6586
6587
6588
6589
6590
6591
6592
6593
6594
6595
6596
6597
6598
6599
6600
6601
6602
6603
6604
6605
6606
6607
6608
6609
6610
6611
6612
6613
6614
6615
6616
6617
6618
6619
6620
6621
6622
6623
6624
6625
6626
6627
6628
6629
6630
6631
6632
6633
6634
6635
6636
6637
6638
6639
6640
6641
6642
6643
6644
6645
6646
6647
6648
6649
6650
6651
6652
6653
6654
6655
6656
6657
6658
6659
6660
6661
6662
6663
6664
6665
6666
6667
6668
6669
6670
6671
6672
6673
6674
6675
6676
6677
6678
6679
6680
6681
6682
6683
6684
6685
6686
6687
6688
6689
6690
6691
6692
6693
6694
6695
6696
6697
6698
6699
6700
6701
6702
6703
6704
6705
6706
6707
6708
6709
6710
6711
6712
6713
6714
6715
6716
6717
6718
6719
6720
6721
6722
6723
6724
6725
6726
6727
6728
6729
6730
6731
6732
6733
6734
6735
6736
6737
6738
6739
6740
6741
6742
6743
6744
6745
6746
6747
6748
6749
6750
6751
6752
6753
6754
6755
6756
6757
6758
6759
6760
6761
6762
6763
6764
6765
6766
6767
6768
6769
6770
6771
6772
6773
6774
6775
6776
6777
6778
6779
6780
6781
6782
6783
6784
6785
6786
6787
6788
6789
6790
6791
6792
6793
6794
6795
6796
6797
6798
6799
6800
6801
6802
6803
6804
6805
6806
6807
6808
6809
6810
6811
6812
6813
6814
6815
6816
6817
6818
6819
6820
6821
6822
6823
6824
6825
6826
6827
6828
6829
6830
6831
6832
6833
6834
6835
6836
6837
6838
6839
6840
6841
6842
6843
7965
7966
7967
7968
7969
7970
7971
7972
7973
7974
7975
7976
7977
7978
7979
7980
7981
7982
7983
7984
7985
7986
7987
7988
7989
7990
7991
7992
7993
7994
7995
7996
7997
8013
8014
8015
8016
8017
8018
8019
8020
8021
8022
8023
8024
8025
8026
8027
8028
8029
8030
8031
8032
8033
8034
8035
8036
8037
8038
8039
8040
8041
8042
8043
8044
8045
8046
8047
8048
8049
8050
8051
8052
8053
8054
8055
8056
8057
8058
8059
8060
8061
8062
8063
8064
8065
8066
8067
8068
8069
8070
8071
8072
8073
8074
8075
8076
8077
8078
8079
8080
8081
8082
8083
8084
8085
8086
8087
8088
8089
8090
8091
8092
8093
8094
8095
8096
8097
8098
8099
8100
8101
8102
8103
8104
8105
8106
8107
8108
8109
8110
8111
8112
8113
8114
8115
8116
8117
8118
8119
8120
8121
8122
8123
8124
8125
8126
8127
8128
8129
8130
8131
8132
8133
8134
8135
8136
8137
8138
8139
8140
8141
8142
8143
8144
8145
8146
8147
8148
8149
8150
8151
8152
8153
8154
8155
8156
8157
8158
8159
8160
8161
8162
8163
8164
8165
8166
8167
8168
8169
8170
8171
8172
8173
8174
8175
8176
8177
8178
8179
8180
8181
8182
8183
8184
8185
8186
8187
8188
8189
8190
8191
8192
8193
8194
8195
8196
8197
8198
8199
8200
8201
8202
8203
8204
8205
8206
8207
8208
8209
8210
8211
8212
8213
8214
8215
8216
8217
8218
8219
8220
8221
8222
8223
8224
8225
8226
8227
8228
8229
8230
8231
8232
8233
8234
8235
8236
8237
8238
8239
8240
8241
8242
8243
8494
8495
8496
8512
8513
8514
8515
8516
8517
8521
8522
8523
8524
8525
8529
8530
8531
8532
8533
8534
8535
8536
8537
8538
8554
8557
8565
8566
8567
8568
8569
8570
8571
8572
8573
8574
8575
8576
8577
8578
8579
8580
8581
8582
8583
8584
8585
8586
8587
8588
8589
8590
8591
8592
8593
8594
8595
8596
8597
8598
8599
8600
8601
8602
8603
8604
8605
8606
8607
8608
8609
8610
8611
8612
8613
8614
8615
8616
8617
8618
8619
8620
8621
8622
8623
8624
8625
8626
8627
8628
8629
8630
8631
8632
8633
8634
8635
8636
8637
8638
8639
8640
8641
8642
8643
8644
8645
8646
8649
8650
8651
8652
8653
8654
8655
8656
8660
8661
8662
8663
8664
8665
8666
8667
8668
8669
8670
8671
8672
8673
8680
8681
8682
8683
8684
8685
8686
8698
8699
8700
8706
8707
8708
8709
8710
8711
8712
8713
8714
8715
8725
8726
8727
8728
8729
8730
8731
8732
8733
8734
8735
8736
8737
8738
8739
8740
8745
8746
8758
8759
8760
8761
8762
8763
8768
8769
8770
8771
8772
8776
8777
8778
8779
8780
8781
8782
8786
8787
8788
8791
8792
8806
8807
8808
8810
8811
8812
8813
8814
8815
8816
8817
8818
8819
8820
8821
8822
8823
8824
8825
8826
8828
8829
8830
8831
8836
8837
8838
8839
8840
8841
8842
8843
8844
8848
8855
8856
8869
8870
8871
8872
8873
8874
8875
8876
8877
8878
8885
8886
8887
8888
8889
8890
8891
8892
8893
8894
8905
8906
8907
8914
8917
8918
8919
8922
8923
8924
8925
8926
8930
8931
8932
8933
8934
8935
8940
8941
8944
8947
8948
8949
8950
8951
8960
8961
8962
8963
8969
8971
8972
8973
8976
8977
8978
8985
8986
8987
8988
8989
8990
8991
8993
8995
8996
8997
8998
8999
9000
9007
9008
9009
9013
9014
9021
9022
9023
9030
9031
9032
9033
9034
9035
9036
9037
9043
9044
9045
9046
9047
9054
9055
9056
9075
9076
9077
9078
9079
9080
9088
9089
9090
9091
9092
9093
9096
9097
9098
9114
9115
9116
9117
9118
9119
9129
9130
9131
9132
9133
9134
9144
9145
9150
9151
9152
9156
9157
9158
9159
9160
9167
9168
9169
9173
9174
9175
9176
9177
9178
9182
9183
9184
9188
9189
9190
9203
9204
9205
9206
9207
9208
9209
9210
9211
9212
9213
9214
9219
9232
9233
9239
9240
9241
9254
9255
9256
9260
9261
9262
9271
9272
9273
9277
9278
9279
9283
9284
9285
9292
9298
9299
9300
9304
9305
9306
9323
9324
9325
9326
9327
9328
9340
9341
9342
9343
9344
9345
9346
9347
9348
9349
9350
9351
9352
9353
9354
9355
9356
9357
9358
9359
9360
9361
9362
9363
9364
9365
9366
9367
9368
9369
9370
9371
9372
9373
9374
9375
9381
9382
9383
9384
9385
9386
9387
9388
9389
9390
9391
9392
9393
9394
9395
9396
9397
9398
9399
9400
9403
9404
9416
9417
9418
9419
9420
9421
9422
9423
9424
9428
9429
9431
9432
9433
9434
9435
9436
9437
9438
9439
9440
9441
9442
9443
9444
9445
9446
9447
9448
9479
9480
9481
9482
9483
9484
9485
9486
9487
9488
9489
9491
9492
9493
9494
9495
9496
9506
9507
9508
9509
9510
9511
9512
9513
9514
9515
9516
9517
9518
9519
9520
9521
9522
9523
9524
9525
9526
9527
9528
9530
9531
9532
9533
9534
9538
9539
9540
9541
9542
9543
9544
9545
9546
9547
9548
9549
9550
9551
9578
9579
9580
9581
9582
9583
9585
9586
9587
9588
9589
9590
9591
9592
9593
9594
9595
9596
9597
9598
9599
9600
9601
9602
9603
9604
9605
9606
9610
9611
9617
9618
9622
9626
9628
9632
9633
9634
9638
9640
9641
9647
9648
9649
9650
9651
9652
9653
9654
9655
9656
9657
9658
9659
9660
9661
9662
9663
9664
9665
9666
9667
9668
9669
9670
9671
9672
9673
9674
9675
9676
9677
9678
9679
9680
9681
9682
9683
9684
9685
9686
9687
9688
9689
9690
9691
9692
9693
9694
9695
9696
9697
9698
9699
9700
9701
9702
9703
9704
9705
9706
9707
9708
9709
9710
9711
9712
9713
9714
9715
9716
9717
9818
9820
9823
9824
9825
9826
9827
9828
9829
9830
9831
9832
9833
9834
9835
9836
9837
9838
9839
9840
9841
9842
9843
9844
9845
9846
9847
9848
9849
9850
9851
9852
9853
9854
9855
9856
9857
9858
9859
9860
9861
9862
9863
9864
9865
9866
9867
9868
9869
9870
9871
9872
9873
9874
9875
9876
9877
9878
9879
9880
9881
9882
9883
9884
9885
9886
9887
9888
9889
9890
9891
9892
9893
9894
9895
9896
9897
9898
9899
9900
9901
9902
9903
9904
9905
9906
9907
9908
9909
9910
9911
9912
9913
9914
9915
9916
9917
9959
9960
9961
10033
10034
10035
10036
10037
10038
10039
10040
10041
10042
10043
10044
10045
10046
10047
10048
10049
10050
10051
10052
10053
10054
10055
10056
10057
10058
10059
10060
10061
10062
10063
10064
10065
10066
10067
10068
10069
10070
10071
10072
10073
10074
10075
10076
10077
10078
10079
10080
10081
10082
10083
10084
10085
10086
10087
10088
10089
10090
10091
10092
10093
10094
10095
10096
10097
10098
10099
10100
10101
10102
10103
10104
10105
10106
10107
10108
10109
10110
10111
10112
10113
10114
10115
10116
10117
10118
10119
10120
10121
10122
10123
10124
10125
10126
10127
10128
10129
10130
10131
10132
10133
10134
10135
10136
10137
10138
10139
10140
10141
10142
10249
10250
10251
10252
10253
10254
10255
10256
10257
10258
10259
10260
10261
10262
10263
10264
10265
10266
10267
10268
10269
10270
10271
10272
10273
10274
10275
10276
10277
10278
10279
10280
10281
10282
10283
10284
10285
10286
10287
10288
10289
10290
10291
10292
10293
10294
10295
10296
10297
10298
10299
10300
10301
10302
10303
10304
10305
10306
10307
10308
10309
10310
10311
10312
10313
10314
10315
10316
10317
10318
10319
10320
10321
10322
10323
10324
10325
10326
10327
10328
10329
10330
10331
10332
10333
10334
10335
10442
10443
10444
10445
10446
10447
10448
10449
10450
10451
10452
10453
10454
10455
10456
10457
10458
10459
10460
10461
10462
10463
10464
10465
10466
10467
10468
10469
10470
10471
10472
10473
10474
10475
10476
10477
10478
10479
10480
10481
10482
10483
10484
10485
10486
10487
10488
10489
10490
10491
10492
10493
10494
10524
10525
10526
10527
10528
10529
10530
10531
10532
10533
10534
10535
10536
10537
10538
10545
10546
10552
10553
10559
10560
10561
10563
10564
10565
10566
10567
10568
10576
10577
10578
10579
10584
10585
10594
10595
10596
10597
10598
10599
10600
10601
10602
10603
10604
10605
10606
10607
10608
10609
10610
10615
10622
10623
10624
10625
10626
10627
10630
10631
10636
10637
10639
10640
10641
10642
10648
10654
10655
10656
10657
10658
10659
10660
10661
10671
10672
10673
10677
10678
10679
10680
10681
10682
10683
10684
10685
10686
10687
10688
10692
10693
10694
10695
10696
10697
10698
10699
10700
10701
10702
10703
10704
10705
10706
10713
10714
10715
10716
10739
10740
10742
10743
10744
10749
10750
10751
10752
10753
10754
10755
10756
10757
10758
10759
10762
10763
10764
10765
10766
10769
10770
10779
10780
10781
10782
10787
10789
10790
10791
10792
10793
10794
10795
10798
10799
10800
10801
10802
10803
10804
10805
10809
10811
10815
10816
10818
10819
10820
10821
10826
10827
10828
10829
10830
10831
10832
10833
10834
10835
10839
10840
10841
10842
10849
10850
10851
10856
10857
10858
10859
10864
10865
10866
10867
10869
10870
10871
10872
10873
10874
10885
10886
10887
10888
10889
10890
10891
10893
10895
10896
10897
10898
10899
10900
10901
10902
10903
10912
10913
10915
10916
10917
10918
10919
10922
10923
10924
10925
10926
10930
10931
10932
10933
10939
10940
10941
10943
10944
10945
10946
10947
10948
10950
10951
10952
10953
10959
10961
10966
10967
10968
10969
10975
10976
10977
10978
10980
10985
10986
10987
10988
10989
10990
10991
10992
10996
10997
10998
10999
11000
11001
11002
11003
11007
11010
11016
11017
11019
11020
11021
11027
11028
11029
11030
11034
11035
11036
11037
11038
11042
11043
11044
11048
11049
11050
11051
11052
11053
11054
11055
11062
11067
11068
11069
11070
11074
11078
11079
11080
11081
11082
11083
11084
11085
11092
11093
11096
11097
11103
11104
11105
11106
11107
11113
11119
11120
11125
11126
11127
11128
11129
11130
11134
11135
11136
11137
11138
11139
11140
11141
11142
11143
11144
11147
11148
11149
11152
11153
11154
11159
11160
11161
11171
11172
11173
11174
11175
11182
11183
11186
11187
11188
11190
11191
11192
11193
11194
11198
11199
11200
11201
11202
11208
11209
11211
11219
11220
11222
11223
11224
11225
11226
11227
11228
11229
11230
11231
11236
11237
11238
11239
11240
11241
11242
11243
11244
11245
11246
11247
11255
11256
11258
11259
11260
11261
11267
11276
11284
11285
11286
11287
11288
11289
11290
11291
11297
11298
11299
11300
11301
11302
11303
11304
11305
11306
11308
11309
11310
11311
11313
11316
11317
11318
11319
11320
11321
11322
11323
11324
11325
11329
11336
11337
11342
11343
11345
11346
11347
11348
11349
11350
11351
11352
11353
11354
11355
11356
11359
11360
11361
11363
11364
11365
11366
11373
11375
11376
11377
11378
11379
11386
11387
11388
11389
11390
11391
11392
11393
11400
11401
11402
11403
11410
11416
11420
11421
11422
11423
11424
11425
11426
11427
11429
11430
11431
11435
11440
11441
11443
11446
11447
11448
11449
11450
11456
11457
11458
11459
11460
11461
11466
11467
11468
11488
11489
11490
11491
11492
11493
11494
11495
11496
11497
11498
11499
11500
11501
11502
11503
11506
11510
11511
11512
11513
11514
11524
11525
11526
11532
11533
11534
11535
11545
11546
11547
11548
11549
11550
11551
11555
11556
11557
11558
11559
11563
11564
11565
11566
11567
11568
11569
11570
11571
11572
11573
11574
11575
11580
11581
11582
11583
11584
11585
11586
11596
11598
11599
11604
11605
11606
11607
11608
11611
11612
11613
11614
11615
11616
11621
11622
11630
11631
11632
11637
11644
11645
11646
11647
11648
11649
11650
11651
11652
11653
11654
11657
11663
11664
11665
11666
11667
11674
11675
11676
11677
11678
11682
11683
11684
11691
11692
11693
11694
11695
11696
11697
11698
11699
11700
11701
11702
11713
11714
11715
11717
11718
11719
11720
11721
11722
11723
11724
11725
11726
11727
11728
11729
11730
11731
11732
11733
11734
11735
11736
11737
11738
11739
11740
11746
11747
11753
11754
11755
11762
11763
11764
11765
11766
11767
11768
11769
11770
11772
11773
11774
11775
11776
11777
11781
11782
11783
11785
11786
11795
11797
11800
11801
11802
11803
11804
11805
11806
11807
11808
11809
11810
11815
11816
11817
11821
11832
11833
11834
11835
11836
11837
11838
11839
11840
11847
11848
11849
11850
11851
11852
11853
11854
11855
11856
11857
11858
11859
11869
11870
11871
11872
11875
11876
11880
11881
11882
11883
11884
11891
11892
11893
11894
11895
11900
11901
11902
11903
11904
11905
11906
11907
11908
11914
11915
11916
11917
11918
11919
11930
11931
11932
11933
11934
11935
11936
11939
11940
11946
11947
11948
11949
11950
11951
11952
11956
11957
11966
11967
11968
11977
11978
11982
11983
11984
11985
11986
11987
11988
11989
11990
11992
11993
11996
11997
11998
12001
12004
12005
12006
12012
12013
12014
12015
12016
12017
12018
12022
12023
12024
12025
12026
12027
12028
12029
12030
12031
12032
12037
12038
12039
12042
12043
12044
12045
12046
12053
12060
12061
12062
12064
12070
12071
12072
12073
12074
12075
12076
12079
12080
12087
12088
12089
12090
12091
12092
12093
12094
12095
12096
12097
12098
12099
12102
12104
12105
12106
12107
12108
12114
12115
12116
12118
12119
12120
12121
12126
12127
12128
12129
12130
12131
12132
12133
12134
12141
12142
12148
12149
12150
12151
12162
12163
12164
12170
12171
12172
12173
12178
12179
12180
12181
12182
12183
12184
12185
12190
12191
12192
12193
12194
12195
12196
12197
12203
12204
12205
12206
12207
12208
12210
12211
12212
12213
12214
12215
12216
12217
12218
12219
12220
12221
12222
12223
12224
12228
12229
12230
12231
12232
12233
12234
12235
12240
12241
12242
12243
12244
12245
12246
12248
12249
12262
12263
12264
12265
12266
12267
12268
12272
12273
12274
12280
12281
12282
12283
12284
12285
12286
12287
12288
12289
12290
12291
12292
12294
12295
12296
12297
12304
12314
12315
12316
12317
12318
12319
12320
12321
12328
12329
12333
12334
12338
12339
12340
12341
12342
12343
12344
12345
12346
12347
12348
12356
12357
12358
12359
12362
12363
12364
12365
12366
12367
12369
12377
12378
12379
12380
12383
12384
12385
12386
12387
12390
12391
12392
12393
12397
12398
12399
12400
12401
12402
12403
12404
12405
12407
12408
12409
12412
12413
12414
12426
12436
12437
12443
12444
12445
12446
12447
12448
12450
12451
12452
12453
12458
12459
12460
12461
12462
12464
12465
12466
12468
12469
12470
12471
12472
12473
12474
12475
12478
12479
12480
12481
12485
12486
12494
12495
12496
12501
12502
12503
12504
12505
12506
12507
12508
12509
12513
12521
12522
12523
12532
12533
12534
12535
12536
12537
12538
12539
12540
12541
12542
12543
12544
12545
12546
12547
12555
12556
12557
12558
12559
12560
12561
12570
12571
12572
12573
12574
12575
12576
12577
12578
12584
12585
12586
12587
12588
12589
12590
12591
12592
12593
12594
12595
12596
12597
12598
12599
12616
12621
12622
12623
12624
12625
12628
12629
12630
12631
12632
12633
12634
12635
12644
12645
12651
12652
12653
12654
12655
12656
12657
12665
12670
12671
12672
12673
12676
12677
12678
12679
12680
12682
12683
12684
12685
12696
12697
12714
12715
12716
12722
12723
12724
12725
12726
12728
12729
12730
12733
12740
12742
12743
12748
12750
12751
12752
12753
12754
12755
12756
12757
12758
12759
12760
12762
12769
12770
12771
12772
12773
12774
12775
12776
12777
12778
12784
12785
12789
12790
12791
12792
12799
12800
12801
12802
12803
12808
12809
12810
12811
12817
12818
12819
12820
12821
12822
12823
12824
12825
12826
12834
12836
12837
12847
12848
12854
12855
12856
12858
12859
12863
12864
12865
12871
12872
12875
12878
12879
12882
12883
12884
12885
12886
12887
12888
12889
12893
12894
12895
12896
12897
12899
12907
12908
12911
12914
12915
12916
12917
12918
12919
12920
12921
12922
12923
12925
12926
12927
12928
12933
12934
12942
12943
12944
12945
12946
12947
12948
12949
12950
12953
12956
12957
12958
12959
12960
12961
12962
12964
12965
12973
12974
12975
12976
12977
12978
12983
12984
12985
12987
12992
12993
12998
12999
13004
13005
13017
13018
13019
13023
13024
13025
13027
13028
13032
13033
13034
13036
13037
13038
13041
13042
13043
13044
13045
13046
13052
13053
13054
13055
13056
13057
13058
13059
13065
13068
13069
13070
13071
13072
13076
13077
13081
13088
13090
13091
13093
13094
13095
13096
13104
13107
13108
13109
13110
13111
13112
13113
13115
13116
13117
13121
13122
13123
13124
13128
13129
13132
13134
13135
13136
13137
13138
13139
13141
13142
13149
13151
13152
13157
13161
13162
13164
13165
13166
13169
13172
13173
13174
13178
13179
13180
13181
13182
13183
13184
13185
13190
13191
13197
13198
13199
13205
13206
13207
13208
13209
13210
13221
13222
13223
13228
13229
13230
13231
13233
13234
13235
13236
13240
13241
13242
13243
13252
13253
13254
13255
13256
13260
13261
13262
13263
13264
13266
13272
13281
13282
13283
13287
13288
13289
13290
13291
13295
13296
13297
13298
13300
13301
13305
13307
13309
13319
13320
13321
13331
13332
13333
13334
13335
13345
13346
13347
13350
13354
13355
13357
13359
13360
13363
13364
13365
13366
13367
13368
13369
13372
13373
13374
13375
13376
13379
13380
13381
13385
13386
13387
13391
13393
13394
13395
13396
13397
13398
13399
13400
13401
13402
13408
13409
13418
13419
13420
13421
13422
13423
13426
13427
13436
13438
13439
13440
13442
13443
13449
13450
13452
13457
13459
13460
13462
13463
13464
13465
13468
13470
13478
13479
13480
13481
13485
13486
13487
13488
13490
13491
13492
13493
13494
13497
13500
13501
13502
13504
13505
13509
13510
13513
13514
13515
13516
13517
13518
13519
13520
13522
13523
13524
13525
13528
13531
13532
13541
13542
13545
13546
13547
13549
13552
13554
13555
13556
13557
13558
13559
13560
13561
13562
13563
13564
13565
13566
13567
13568
13569
13570
13571
13572
13573
13574
13575
13576
13577
13578
13579
13580
13581
13582
13583
13584
13585
13586
13587
13588
13589
13590
13591
13592
13593
13594
13595
13596
13597
13598
13599
13600
13601
13602
13603
13604
13605
13606
13607
13608
13609
13610
13611
13612
13613
13614
13615
13616
13617
13618
13619
13620
13621
13622
13623
13624
13625
13626
13627
13628
13629
13630
13631
13632
13633
13634
13635
13636
13637
13638
13639
13640
13641
13642
13643
13644
13645
13646
13647
13648
13649
13650
13651
13652
13653
13654
13655
13656
13657
13658
13659
13660
13661
13662
13663
13664
13665
13666
13667
13668
13669
13670
13671
13672
13673
13674
13675
13676
13677
13678
13679
13680
13681
13682
13683
13684
13685
13686
13687
13688
13689
13690
13691
13692
13693
13694
13695
13696
13697
13698
13699
13700
13701
13702
13703
13704
13705
13706
13707
13708
13709
13710
13711
13712
13713
13714
13715
13716
13717
13718
13719
13720
13721
13722
13723
13724
13725
13726
13727
13728
13729
13730
13731
13732
13733
13734
13735
13736
13737
13738
13739
13740
13741
13742
13743
13744
13745
13746
13747
13748
13749
13750
13751
13752
13753
13754
13755
13756
13757
13758
13759
13760
13761
13762
13763
13764
13765
13766
13767
13768
13769
13770
13771
13772
13773
13774
13775
13776
13777
13778
13779
13780
13781
13782
13783
13784
13785
13786
13787
13788
13789
13790
13791
13792
13793
13794
13795
13796
13797
13798
13799
13800
13801
13802
13803
13804
13805
13806
13807
13808
13809
13810
13811
13812
13813
13814
13815
13816
13817
13818
13819
13820
13821
13822
13823
13824
13825
13826
13827
13828
13829
13830
13831
13832
13833
13834
13835
13836
13837
13838
13839
13840
13841
13842
13843
13844
13845
13846
13847
13848
13849
13850
13851
13852
13853
13854
13855
13856
13857
13858
13859
13860
13861
13862
13863
13864
13865
13866
13867
13868
13869
13870
13871
13872
13873
13874
13875
13876
13877
13878
13879
13880
13881
13882
13883
13884
13885
13886
13887
13888
13889
13890
13891
13892
13893
13894
13895
13896
13897
13898
13899
13900
13901
13902
13903
13904
13905
13906
13907
13908
13909
13910
13911
13912
13913
13914
13915
13916
13917
13918
13919
13920
13921
13922
13923
13924
13925
13926
13927
13928
13929
13930
13931
13932
13933
13934
13935
13936
13937
13938
13939
13940
13941
13942
13943
13944
13945
13946
13947
13948
13949
13950
13951
13952
13953
13954
13955
13956
13957
13958
13959
13960
13961
13962
13963
13964
13965
13966
13967
13968
13969
13970
13971
13972
13973
13974
13975
13976
13977
13978
13979
13980
13981
13982
13983
13984
13985
13986
13987
13988
13989
13990
13991
13992
13993
13994
13995
13996
13997
13998
13999
14000
14001
14002
14003
14004
14005
14006
14007
14008
14009
14010
14011
14012
14013
14014
14015
14016
14017
14018
14019
14020
14021
14022
14023
14024
14025
14026
14027
14028
14029
14030
14031
14032
14033
14034
14035
14036
14037
14038
14039
14040
14041
14042
14043
14044
14045
14046
14047
14048
14049
14050
14051
14052
14053
14054
14055
14056
14057
14058
14059
14060
14061
14062
14063
14064
14065
14066
14067
14068
14069
14070
14071
14072
14073
14074
14075
14076
14077
14078
14079
14080
14081
14082
14083
14084
14085
14086
14087
14088
14089
14090
14091
14092
14093
14094
14095
14096
14097
14098
14099
14100
14101
14102
14103
14104
14105
14106
14107
14108
14109
14110
14111
14112
14113
14114
14115
14116
14117
14118
14119
14120
14121
14122
14123
14124
14125
14126
14127
14128
14129
14130
14131
14132
14133
14134
14135
14136
14137
14138
14139
14140
14141
14142
14143
14144
14145
14146
14147
14148
14149
14150
14151
14152
14153
14154
14155
14156
14157
14158
14159
14160
14161
14162
14163
14164
14165
14166
14167
14168
14169
14170
14171
14172
14173
14174
14175
14176
14177
14178
14179
14180
14181
14182
14183
14184
14185
14186
14187
14188
14189
14190
14191
14192
14193
14194
14195
14196
14197
14198
14199
14200
14201
14202
14203
14204
14205
14206
14207
14208
14209
14210
14211
14212
14213
14214
14215
14216
14217
14218
14219
14220
14221
14222
14223
14224
14225
14226
14227
14228
14229
14230
14231
14232
14233
14234
14235
14236
14237
14238
14239
14240
14241
14242
14243
14244
14245
14246
14247
14248
14249
14250
14251
14252
14253
14254
14255
14256
14257
14258
14259
14260
14261
14262
14263
14264
14265
14266
14267
14268
14269
14270
14271
14272
14273
14274
14275
14276
14277
14278
14279
14280
14281
14282
14283
14284
14285
14286
14287
14288
14289
14290
14291
14292
14293
14294
14295
14296
14297
14298
14299
14300
14301
14302
14303
14304
14305
14306
14307
14308
14309
14310
14311
14312
14313
14314
14315
14316
14317
14318
14319
14320
14321
14322
14323
14324
14325
14326
14327
14328
14329
14330
14331
14332
14333
14334
14335
14336
14337
14338
14339
14340
14341
14342
14343
14344
14345
14346
14347
14348
14349
14350
14351
14352
14353
14354
14355
14356
14357
14358
14359
14360
14361
14362
14363
14364
14365
14366
14367
14368
14369
14370
14371
14372
14373
14374
14375
14376
14377
14378
14379
14380
14381
14382
14383
14384
14385
14386
14387
14388
14389
14390
14391
14392
14393
14394
14395
14396
14397
14398
14399
14400
14401
14402
14403
14404
14405
14406
14407
14408
14409
14410
14411
14412
14413
14414
14415
14416
14417
14418
14419
14420
14421
14422
14423
14424
14425
14426
14427
14428
14429
14430
14431
14432
14433
14434
14435
14436
14437
14438
14439
14440
14441
14442
14443
14444
14445
14446
14447
14448
14449
14450
14451
14452
14453
14454
14455
14456
14457
14458
14459
14460
14461
14462
14463
14464
14465
14466
14467
14468
14469
14470
14471
14472
14473
14474
14475
14476
14477
14478
14479
14480
14481
14482
14483
14484
14485
14486
14487
14488
14489
14490
14491
14492
14493
14494
14495
14496
14497
14498
14499
14500
14501
14502
14503
14504
14505
14506
14507
14508
14509
14510
14511
14512
14513
14514
14515
14516
14517
14518
14519
14520
14521
14522
14523
14524
14525
14526
14527
14528
14529
14530
14531
14532
14533
14534
14535
14536
14537
14538
14539
14540
14541
14542
14543
14544
14545
14546
14547
14548
14549
14550
14551
14552
14553
14554
14555
14556
14557
14558
14559
14560
14561
14562
14563
14564
14565
14566
14567
14568
14569
14570
14571
14572
14573
14574
14575
14576
14577
14578
14579
14580
14581
14582
14583
14584
14585
14586
14587
14588
14589
14590
14591
14592
14593
14594
14595
14596
14597
14598
14599
14600
14601
14602
14603
14604
14605
14606
14607
14608
14609
14610
14611
14612
14613
14614
14615
14616
14617
14618
14619
14620
14621
14622
14623
14624
14625
14626
14627
14628
14629
14630
14631
14632
14633
14634
14635
14636
14637
14638
14639
14640
14641
14642
14643
14644
14645
14646
14647
14648
14649
14650
14651
14652
14653
14654
14655
14656
14657
14658
14659
14660
14661
14662
14663
14664
14665
14666
14667
14668
14669
14670
14671
14672
14673
14674
14675
14676
14677
14678
14679
14680
14681
14682
14683
14684
14685
14686
14687
14688
14689
14690
14691
14692
14693
14694
14695
14696
14697
14698
14699
14700
14701
14702
14703
14704
14705
14706
14707
14708
14709
14710
14711
14712
14713
14714
14715
14716
14717
14718
14719
14720
14721
14722
14723
14724
14725
14726
14727
14728
14729
14730
14731
14732
14733
14734
14735
14736
14737
14738
14739
14740
14741
14742
14743
14744
14745
14746
14747
14748
14749
14750
14751
14752
14753
14754
14755
14756
14757
14758
14759
14760
14761
14762
14763
14764
14765
14766
14767
14768
14769
14770
14771
14772
14773
14774
14775
14776
14777
14778
14779
14780
14781
14782
14783
14784
14785
14786
14787
14788
14789
14790
14791
14792
14793
)


// ************************************************************************* //
