/*--------------------------------*- C++ -*----------------------------------*\
| =========                 |                                                 |
| \\      /  F ield         | OpenFOAM: The Open Source CFD Toolbox           |
|  \\    /   O peration     | Version:  v2012                                 |
|   \\  /    A nd           | Website:  www.openfoam.com                      |
|    \\/     M anipulation  |                                                 |
\*---------------------------------------------------------------------------*/
FoamFile
{
    version     2.0;
    format      ascii;
    class       labelList;
    location    "constant/polyMesh";
    object      cellProcAddressing;
}
// * * * * * * * * * * * * * * * * * * * * * * * * * * * * * * * * * * * * * //


6319
(
0
1
2
3
4
5
6
7
8
9
10
11
12
13
14
15
16
17
18
19
20
21
22
23
24
25
26
27
28
29
30
31
32
33
34
35
36
37
38
39
40
41
42
43
44
45
46
47
48
49
50
51
52
53
54
55
56
57
58
59
60
61
62
63
64
65
66
67
68
69
70
71
72
73
74
75
76
77
78
79
80
81
82
83
84
85
86
87
88
89
90
91
92
93
94
95
96
97
98
99
100
101
102
103
104
105
106
107
108
109
110
111
112
113
114
115
116
117
118
119
120
121
122
123
124
125
126
127
128
129
130
131
132
133
134
135
136
137
138
139
140
141
142
143
144
145
146
147
148
149
150
151
152
153
154
155
156
157
158
159
160
161
162
163
164
165
166
167
168
169
170
171
172
173
174
175
176
177
178
179
180
181
182
183
184
185
186
187
188
189
190
191
192
193
194
195
196
197
198
199
200
201
202
203
204
205
206
207
208
209
210
211
212
213
214
215
216
217
218
219
220
221
222
223
224
225
226
227
228
229
230
231
232
233
234
235
236
237
238
239
240
241
242
243
244
245
246
247
248
249
250
251
252
253
254
255
256
257
258
259
260
261
262
263
264
265
266
267
268
269
270
271
272
273
274
275
276
277
278
279
280
281
282
283
284
285
286
287
288
289
290
291
292
293
294
295
296
297
298
299
300
301
302
303
304
305
306
307
308
309
310
311
312
313
314
315
316
317
318
319
320
321
322
323
324
325
326
327
328
329
330
331
332
333
334
335
336
337
338
339
340
341
342
343
344
345
346
347
348
349
350
351
352
353
354
355
356
357
358
359
360
361
362
363
364
365
366
367
368
369
370
371
372
373
374
375
376
377
378
379
380
381
382
383
384
385
386
387
388
389
390
391
392
393
394
395
396
397
398
399
400
401
402
403
404
405
406
407
408
409
410
411
412
413
414
415
416
417
418
419
420
421
422
423
424
425
426
427
428
429
430
431
432
433
434
435
436
437
438
439
440
441
442
443
444
445
446
447
448
449
450
451
452
453
454
455
456
457
458
459
460
461
462
463
464
465
466
467
468
469
470
471
472
473
474
475
476
477
478
479
480
481
482
483
484
485
486
487
488
489
490
491
492
493
494
495
496
497
499
500
501
502
503
504
505
506
507
508
509
510
511
512
513
514
515
516
517
518
519
520
521
522
523
524
525
526
527
528
529
530
531
532
533
534
535
538
539
540
542
545
546
547
548
549
550
551
552
553
554
555
556
557
558
559
560
561
562
563
564
565
566
567
568
569
570
571
572
573
574
575
576
577
578
579
580
582
585
586
587
588
593
594
595
596
597
598
599
600
601
602
603
604
605
606
607
608
609
610
611
612
613
614
615
616
617
618
619
620
621
622
623
624
628
631
632
633
634
640
641
642
643
644
645
646
647
648
649
650
651
652
653
654
655
656
657
658
659
660
661
662
663
664
665
666
667
668
669
673
676
677
678
679
686
687
688
689
690
691
692
693
694
695
696
697
698
699
700
701
702
703
704
705
706
707
708
709
710
711
712
713
714
715
716
723
724
725
726
727
734
735
736
737
738
739
740
741
742
743
744
745
746
747
748
749
750
751
752
753
754
755
756
757
758
759
761
762
763
764
765
766
767
777
778
779
780
781
788
789
790
791
792
795
796
797
798
802
803
804
805
806
807
808
809
810
811
812
813
816
817
818
819
820
830
831
832
833
834
841
842
845
848
849
850
855
856
857
858
859
860
861
862
863
864
865
866
869
870
871
872
873
874
884
885
886
893
897
901
902
903
908
909
910
911
912
913
914
915
916
917
918
919
920
923
924
925
926
927
928
939
940
941
942
950
957
958
959
967
968
969
970
971
972
973
974
975
976
977
978
979
984
985
986
987
988
989
990
1001
1002
1003
1004
1005
1013
1020
1021
1030
1031
1032
1033
1034
1035
1036
1037
1038
1039
1040
1041
1046
1047
1048
1049
1050
1051
1052
1053
1064
1065
1066
1067
1081
1091
1092
1093
1094
1095
1096
1097
1098
1099
1100
1101
1107
1108
1109
1110
1111
1112
1113
1114
1115
1128
1129
1130
1131
1145
1156
1157
1158
1159
1160
1161
1162
1163
1164
1165
1166
1167
1174
1175
1176
1177
1178
1179
1180
1181
1193
1194
1195
1220
1221
1222
1223
1224
1225
1226
1227
1228
1229
1230
1231
1238
1239
1240
1241
1242
1243
1244
1245
1246
1257
1258
1259
1260
1283
1284
1285
1286
1287
1288
1289
1290
1291
1292
1293
1294
1295
1305
1306
1307
1308
1309
1310
1311
1323
1324
1325
1326
1327
1352
1353
1354
1355
1356
1357
1358
1359
1360
1361
1362
1372
1373
1374
1375
1376
1377
1378
1379
1391
1392
1393
1394
1419
1420
1421
1423
1424
1425
1426
1427
1428
1429
1430
1441
1442
1443
1444
1445
1446
1447
1448
1461
1462
1463
1464
1465
1489
1490
1491
1493
1494
1495
1496
1497
1498
1499
1500
1501
1512
1513
1514
1515
1516
1517
1518
1519
1520
1533
1534
1535
1536
1537
1538
1563
1564
1565
1568
1570
1571
1572
1573
1574
1575
1576
1577
1590
1591
1592
1593
1594
1595
1596
1597
1610
1611
1612
1613
1614
1615
1616
1640
1641
1642
1645
1647
1648
1649
1650
1651
1652
1653
1654
1667
1668
1669
1670
1671
1672
1673
1674
1687
1688
1689
1690
1691
1692
1693
1718
1719
1720
1724
1725
1726
1727
1728
1729
1730
1731
1732
1746
1747
1748
1749
1750
1751
1752
1767
1768
1769
1770
1771
1772
1773
1774
1798
1799
1800
1805
1806
1807
1808
1809
1810
1811
1812
1813
1814
1828
1829
1830
1831
1832
1833
1834
1851
1852
1853
1854
1855
1856
1857
1858
1881
1882
1883
1888
1889
1890
1891
1892
1893
1894
1895
1896
1897
1914
1915
1916
1917
1918
1919
1920
1936
1937
1938
1939
1940
1941
1942
1943
1967
1968
1969
1975
1976
1977
1978
1979
1980
1981
1982
1983
1984
2002
2003
2004
2005
2006
2007
2008
2009
2027
2028
2029
2030
2031
2032
2033
2034
2057
2058
2059
2060
2065
2066
2067
2068
2069
2070
2071
2072
2073
2074
2090
2091
2092
2093
2094
2095
2096
2097
2114
2115
2116
2117
2118
2119
2120
2121
2122
2147
2148
2149
2154
2155
2156
2157
2158
2159
2160
2161
2162
2163
2179
2180
2181
2182
2183
2184
2185
2199
2200
2201
2202
2203
2204
2205
2206
2207
2226
2227
2228
2235
2236
2237
2238
2239
2240
2241
2242
2243
2244
2245
2261
2262
2263
2264
2265
2266
2267
2268
2269
2279
2280
2281
2282
2283
2284
2285
2286
2303
2304
2305
2312
2313
2314
2315
2316
2317
2318
2319
2320
2321
2322
2340
2341
2342
2343
2344
2345
2346
2347
2348
2349
2358
2359
2360
2361
2362
2363
2364
2365
2366
2379
2380
2381
2382
2383
2385
2391
2392
2393
2394
2395
2396
2397
2398
2399
2400
2419
2420
2421
2422
2423
2424
2425
2426
2427
2434
2435
2436
2437
2438
2439
2440
2441
2442
2454
2455
2456
2457
2458
2467
2468
2469
2470
2471
2472
2473
2474
2475
2476
2495
2496
2497
2498
2499
2500
2501
2502
2503
2504
2505
2509
2510
2511
2512
2513
2514
2515
2516
2526
2527
2528
2529
2538
2539
2540
2541
2542
2543
2544
2545
2546
2547
2548
2549
2568
2569
2570
2571
2572
2573
2574
2575
2576
2577
2578
2581
2582
2583
2584
2585
2586
2587
2588
2589
2597
2598
2600
2609
2610
2611
2612
2613
2614
2615
2616
2617
2618
2619
2620
2640
2641
2642
2643
2644
2645
2646
2647
2648
2649
2651
2653
2654
2655
2656
2657
2658
2659
2660
2666
2667
2668
2670
2678
2679
2680
2681
2682
2683
2684
2685
2686
2687
2688
2689
2707
2708
2709
2710
2711
2712
2713
2714
2715
2716
2717
2718
2720
2721
2722
2723
2724
2725
2726
2727
2728
2734
2735
2736
2738
2739
2748
2749
2750
2751
2752
2753
2754
2755
2756
2757
2758
2759
2778
2779
2780
2781
2782
2783
2784
2785
2786
2787
2788
2789
2790
2793
2794
2795
2796
2797
2798
2799
2800
2801
2806
2807
2809
2811
2812
2824
2825
2826
2827
2828
2829
2830
2831
2832
2833
2834
2835
2836
2837
2856
2857
2858
2859
2860
2861
2862
2863
2864
2865
2866
2867
2868
2869
2870
2873
2874
2875
2876
2877
2878
2879
2880
2886
2887
2888
2890
2892
2893
2905
2906
2907
2908
2909
2910
2911
2912
2913
2914
2915
2916
2917
2918
2939
2940
2941
2942
2943
2944
2945
2946
2947
2948
2949
2950
2951
2952
2953
2954
2955
2956
2960
2961
2962
2963
2964
2965
2966
2967
2972
2973
2974
2977
2978
2989
2990
2991
2992
2993
2994
2995
2996
2997
2998
2999
3000
3001
3002
3003
3023
3024
3025
3026
3027
3028
3029
3030
3031
3032
3033
3034
3036
3037
3038
3039
3042
3043
3044
3045
3046
3047
3048
3053
3054
3055
3058
3059
3072
3073
3074
3075
3076
3077
3078
3079
3080
3081
3082
3083
3084
3104
3105
3106
3107
3108
3109
3110
3111
3112
3113
3114
3115
3116
3117
3118
3120
3121
3122
3123
3127
3128
3129
3130
3131
3132
3133
3134
3138
3139
3140
3143
3145
3146
3159
3160
3161
3162
3163
3164
3165
3166
3167
3168
3169
3170
3171
3172
3173
3174
3195
3196
3197
3198
3199
3200
3201
3202
3203
3204
3205
3206
3207
3208
3211
3212
3213
3214
3218
3219
3220
3221
3222
3223
3224
3225
3226
3229
3230
3231
3234
3236
3249
3250
3251
3252
3253
3254
3255
3256
3257
3258
3259
3260
3261
3262
3263
3264
3287
3288
3289
3290
3291
3292
3293
3294
3295
3296
3297
3298
3299
3300
3301
3302
3303
3304
3307
3308
3309
3310
3314
3315
3316
3317
3318
3319
3320
3321
3322
3325
3326
3327
3328
3334
3347
3348
3349
3350
3351
3352
3353
3354
3355
3356
3357
3358
3359
3360
3361
3362
3363
3364
3365
3385
3386
3387
3388
3389
3390
3391
3392
3393
3394
3395
3396
3397
3398
3399
3400
3401
3402
3404
3407
3408
3409
3410
3414
3415
3416
3417
3418
3419
3420
3421
3424
3425
3426
3427
3433
3449
3450
3451
3452
3453
3454
3455
3456
3457
3458
3459
3460
3461
3462
3463
3464
3465
3466
3489
3490
3491
3492
3493
3494
3495
3496
3497
3498
3499
3500
3501
3502
3503
3504
3505
3506
3508
3511
3512
3513
3517
3518
3519
3520
3521
3522
3523
3524
3525
3528
3529
3530
3531
3532
3538
3553
3554
3555
3556
3557
3558
3559
3560
3561
3562
3563
3564
3565
3566
3567
3568
3569
3570
3571
3572
3596
3597
3598
3599
3600
3601
3602
3603
3604
3605
3606
3607
3608
3609
3610
3611
3612
3613
3614
3615
3616
3617
3620
3623
3624
3625
3630
3631
3632
3633
3634
3635
3636
3637
3638
3639
3641
3642
3643
3644
3645
3651
3666
3667
3668
3669
3670
3671
3672
3673
3674
3675
3676
3677
3678
3679
3680
3681
3682
3683
3684
3685
3686
3710
3711
3712
3713
3714
3715
3716
3717
3718
3719
3720
3721
3722
3723
3724
3725
3726
3727
3728
3729
3730
3731
3732
3733
3736
3739
3740
3741
3742
3747
3748
3749
3750
3751
3752
3753
3754
3755
3757
3758
3759
3760
3761
3762
3763
3770
3771
3787
3788
3789
3790
3791
3792
3793
3794
3795
3796
3797
3798
3799
3800
3801
3802
3803
3804
3805
3806
3807
3834
3835
3836
3837
3838
3839
3840
3841
3842
3843
3844
3845
3846
3847
3848
3849
3850
3851
3852
3853
3854
3855
3856
3857
3858
3859
3865
3866
3867
3868
3873
3874
3875
3876
3877
3878
3879
3880
3881
3882
3883
3884
3885
3886
3887
3888
3889
3890
3897
3898
3916
3917
3918
3919
3920
3921
3922
3923
3924
3925
3926
3927
3928
3929
3930
3931
3932
3933
3934
3935
3936
3937
3938
3968
3969
3970
3971
3972
3973
3974
3975
3976
3977
3978
3979
3980
3981
3982
3983
3984
3985
3986
3987
3988
3989
3990
3991
3992
3993
3994
3995
3996
3997
4003
4004
4005
4006
4011
4012
4013
4014
4015
4016
4017
4018
4019
4020
4021
4022
4023
4024
4025
4026
4027
4028
4029
4037
4038
4058
4059
4060
4061
4062
4063
4064
4065
4066
4067
4068
4069
4070
4071
4072
4073
4074
4075
4076
4077
4078
4079
4080
4081
4082
4111
4112
4113
4114
4115
4116
4117
4118
4119
4120
4121
4122
4123
4124
4125
4126
4127
4128
4129
4130
4131
4132
4133
4134
4135
4136
4137
4138
4139
4140
4141
4142
4149
4150
4151
4152
4159
4160
4161
4162
4163
4164
4165
4166
4167
4168
4169
4170
4171
4173
4174
4175
4176
4177
4178
4179
4188
4189
4207
4208
4209
4210
4211
4212
4213
4214
4215
4216
4217
4218
4219
4220
4221
4222
4223
4224
4225
4226
4227
4228
4229
4258
4259
4260
4261
4262
4263
4264
4265
4266
4267
4268
4269
4270
4271
4272
4273
4274
4275
4276
4277
4278
4279
4280
4281
4282
4283
4284
4285
4286
4287
4288
4295
4296
4297
4298
4299
4305
4306
4307
4308
4309
4310
4311
4312
4313
4314
4315
4316
4317
4318
4319
4320
4321
4322
4323
4324
4325
4334
4335
4336
4355
4356
4357
4358
4359
4360
4361
4362
4363
4364
4365
4366
4367
4368
4369
4370
4371
4372
4373
4374
4375
4376
4377
4378
4379
4380
4381
4412
4413
4414
4415
4416
4417
4418
4419
4420
4421
4422
4423
4424
4425
4426
4427
4428
4429
4430
4431
4432
4433
4434
4435
4436
4437
4438
4439
4440
4441
4442
4443
4444
4451
4452
4453
4454
4455
4462
4463
4464
4465
4466
4467
4468
4469
4470
4471
4472
4473
4474
4476
4477
4478
4479
4480
4481
4482
4483
4493
4494
4495
4517
4518
4519
4520
4521
4522
4523
4524
4525
4526
4527
4528
4529
4530
4531
4532
4533
4534
4535
4536
4537
4538
4539
4540
4541
4542
4543
4544
4545
4580
4581
4582
4583
4584
4585
4586
4587
4588
4589
4590
4591
4592
4593
4594
4595
4596
4597
4598
4599
4600
4601
4602
4603
4604
4605
4606
4607
4608
4609
4610
4611
4612
4613
4614
4615
4623
4624
4625
4626
4627
4634
4635
4636
4637
4638
4639
4640
4641
4642
4643
4644
4645
4646
4647
4648
4649
4650
4651
4652
4653
4654
4666
4667
4668
4689
4690
4691
4692
4693
4694
4695
4696
4697
4698
4699
4700
4701
4702
4703
4704
4705
4706
4707
4708
4709
4710
4711
4712
4713
4714
4715
4716
4717
4718
4719
4756
4757
4758
4759
4760
4761
4762
4763
4764
4765
4766
4767
4768
4769
4770
4771
4772
4773
4774
4775
4776
4777
4778
4779
4780
4781
4782
4783
4784
4785
4786
4787
4788
4789
4790
4791
4792
4793
4794
4795
4796
4807
4808
4809
4810
4811
4817
4818
4819
4820
4821
4822
4823
4824
4825
4826
4827
4828
4829
4831
4832
4833
4834
4835
4836
4837
4838
4839
4852
4853
4854
4878
4879
4880
4881
4882
4883
4884
4885
4886
4887
4888
4889
4890
4891
4892
4893
4894
4895
4896
4897
4898
4899
4900
4901
4902
4903
4904
4905
4906
4907
4908
4909
4946
4947
4948
4949
4950
4951
4952
4953
4954
4955
4956
4957
4958
4959
4960
4961
4962
4963
4964
4965
4966
4967
4968
4969
4970
4971
4972
4973
4974
4975
4976
4977
4978
4979
4980
4981
4982
4983
4984
4985
4986
4987
4988
4989
4990
4991
4992
5003
5004
5005
5006
5007
5008
5014
5015
5016
5017
5018
5019
5020
5021
5022
5023
5024
5025
5026
5027
5028
5029
5030
5031
5032
5033
5034
5035
5036
5051
5052
5053
5054
5078
5079
5080
5081
5082
5083
5084
5085
5086
5087
5088
5089
5090
5091
5092
5093
5094
5095
5096
5097
5098
5099
5100
5101
5102
5103
5104
5105
5106
5107
5108
5109
5110
5111
5112
5113
5151
5152
5153
5154
5155
5156
5157
5158
5159
5160
5161
5162
5163
5164
5165
5166
5167
5168
5169
5170
5171
5172
5173
5174
5175
5176
5177
5178
5179
5180
5181
5182
5183
5184
5185
5186
5187
5188
5189
5190
5191
5192
5193
5194
5195
5196
5197
5209
5210
5211
5212
5213
5214
5220
5221
5222
5223
5224
5225
5226
5227
5228
5229
5230
5231
5232
5233
5235
5236
5237
5238
5239
5240
5241
5242
5243
5244
5245
5260
5261
5262
5263
5287
5288
5289
5290
5291
5292
5293
5294
5295
5296
5297
5298
5299
5300
5301
5302
5303
5304
5305
5306
5307
5308
5309
5310
5311
5312
5313
5314
5315
5316
5317
5318
5319
5320
5321
5322
5363
5364
5365
5366
5367
5368
5369
5370
5371
5372
5373
5374
5375
5376
5377
5378
5379
5380
5381
5382
5383
5384
5385
5386
5387
5388
5389
5390
5391
5392
5393
5394
5395
5396
5397
5398
5399
5400
5401
5402
5403
5404
5405
5406
5407
5408
5409
5410
5411
5412
5413
5414
5427
5428
5429
5430
5431
5437
5438
5439
5440
5441
5442
5443
5444
5445
5446
5447
5448
5449
5450
5451
5453
5454
5455
5456
5457
5458
5459
5460
5461
5462
5463
5481
5482
5483
5484
5485
5511
5512
5513
5514
5515
5516
5517
5518
5519
5520
5521
5522
5523
5524
5525
5526
5527
5528
5529
5530
5531
5532
5533
5534
5535
5536
5537
5538
5539
5540
5541
5542
5543
5544
5545
5546
5547
5548
5549
5550
5551
5552
5598
5599
5600
5601
5602
5603
5604
5605
5606
5607
5608
5609
5610
5611
5612
5613
5614
5615
5616
5617
5618
5619
5620
5621
5622
5623
5624
5625
5626
5627
5628
5629
5630
5631
5632
5633
5634
5635
5636
5637
5638
5639
5640
5641
5642
5643
5644
5645
5646
5647
5648
5649
5650
5651
5665
5666
5667
5668
5669
5676
5677
5678
5679
5680
5681
5682
5683
5684
5685
5686
5687
5688
5689
5690
5691
5692
5693
5694
5695
5696
5697
5698
5699
5700
5701
5702
5703
5704
5705
5724
5725
5726
5727
5728
5757
5758
5759
5760
5761
5762
5763
5764
5765
5766
5767
5768
5769
5770
5771
5772
5773
5774
5775
5776
5777
5778
5779
5780
5781
5782
5783
5784
5785
5786
5787
5788
5789
5790
5791
5792
5793
5794
5795
5796
5797
5798
5799
5800
5801
5802
5850
5851
5852
5853
5854
5855
5856
5857
5858
5859
5860
5861
5862
5863
5864
5865
5866
5867
5868
5869
5870
5871
5872
5873
5874
5875
5876
5877
5878
5879
5880
5881
5882
5883
5884
5885
5886
5887
5888
5889
5890
5891
5892
5893
5894
5895
5896
5897
5898
5899
5900
5901
5902
5903
5904
5905
5906
5907
5908
5909
5910
5911
5912
5914
5929
5930
5931
5932
5933
5940
5941
5942
5943
5944
5945
5946
5947
5948
5949
5950
5951
5952
5953
5954
5955
5956
5957
5958
5959
5960
5961
5962
5963
5964
5965
5966
5968
5969
5970
5971
5990
5991
5992
5993
5994
5995
6025
6026
6027
6028
6029
6030
6031
6032
6033
6034
6035
6036
6037
6038
6039
6040
6041
6042
6043
6044
6045
6046
6047
6048
6049
6050
6051
6052
6053
6054
6055
6056
6057
6058
6059
6060
6061
6062
6063
6064
6065
6066
6067
6068
6069
6119
6120
6121
6122
6123
6124
6125
6126
6127
6128
6129
6130
6131
6132
6133
6134
6135
6136
6137
6138
6139
6140
6141
6142
6143
6144
6145
6146
6147
6148
6149
6150
6151
6152
6153
6154
6155
6156
6157
6158
6159
6160
6161
6162
6163
6164
6165
6166
6167
6168
6169
6170
6171
6172
6173
6174
6175
6176
6177
6178
6179
6180
6181
6182
6183
6184
6185
6187
6201
6202
6203
6204
6205
6213
6214
6215
6216
6217
6218
6219
6220
6221
6222
6223
6224
6225
6226
6227
6228
6229
6230
6231
6232
6233
6234
6235
6236
6237
6238
6240
6241
6242
6243
6244
6245
6246
6269
6270
6271
6272
6273
6274
6307
6308
6309
6310
6311
6312
6313
6314
6315
6316
6317
6318
6319
6320
6321
6322
6323
6324
6325
6326
6327
6328
6329
6330
6331
6332
6333
6334
6335
6336
6337
6338
6339
6340
6341
6342
6343
6344
6345
6346
6347
6348
6349
6350
6351
6352
6406
6407
6408
6409
6410
6411
6412
6413
6414
6415
6416
6417
6418
6419
6420
6421
6422
6423
6424
6425
6426
6427
6428
6429
6430
6431
6432
6433
6434
6435
6436
6437
6438
6439
6440
6441
6442
6443
6444
6445
6446
6447
6448
6449
6450
6451
6452
6453
6454
6455
6456
6457
6458
6459
6460
6461
6462
6463
6464
6465
6466
6467
6468
6469
6472
6487
6488
6489
6490
6491
6492
6501
6502
6503
6504
6505
6506
6507
6508
6509
6510
6511
6512
6513
6514
6515
6516
6517
6518
6519
6520
6521
6522
6523
6524
6525
6526
6529
6530
6531
6532
6533
6534
6535
6556
6557
6558
6559
6560
6561
6562
6595
6596
6597
6598
6599
6600
6601
6602
6603
6604
6605
6606
6607
6608
6609
6610
6611
6612
6613
6614
6615
6616
6617
6618
6619
6620
6621
6622
6623
6624
6625
6626
6627
6628
6629
6630
6631
6632
6633
6634
6635
6636
6637
6638
6639
6640
6641
6642
6643
6644
6699
6700
6701
6702
6703
6704
6705
6706
6707
6708
6709
6710
6711
6712
6713
6714
6715
6716
6717
6718
6719
6720
6721
6722
6723
6724
6725
6726
6727
6728
6729
6730
6731
6732
6733
6734
6735
6736
6737
6738
6739
6740
6741
6742
6743
6744
6745
6746
6747
6748
6749
6750
6751
6752
6753
6754
6755
6756
6757
6758
6759
6760
6761
6762
6763
6764
6784
6785
6786
6787
6788
6789
6797
6798
6799
6800
6801
6802
6803
6804
6805
6806
6807
6808
6809
6810
6811
6812
6813
6814
6815
6816
6817
6818
6819
6820
6821
6822
6823
6824
6825
6828
6829
6830
6831
6832
6833
6834
6835
6857
6858
6859
6860
6861
6862
6863
6898
6899
6900
6901
6902
6903
6904
6905
6906
6907
6908
6909
6910
6911
6912
6913
6914
6915
6916
6917
6918
6919
6920
6921
6922
6923
6924
6925
6926
6927
6928
6929
6930
6931
6932
6933
6934
6935
6936
6937
6938
6939
6940
6941
6942
6943
6944
6945
6946
6947
6948
6949
6950
6951
6952
6953
6954
6955
6956
6957
7017
7018
7019
7020
7021
7022
7023
7024
7025
7026
7027
7028
7029
7030
7031
7032
7033
7034
7035
7036
7037
7038
7039
7040
7041
7042
7043
7044
7045
7046
7047
7048
7049
7050
7051
7052
7053
7054
7055
7056
7057
7058
7059
7060
7061
7062
7063
7064
7065
7066
7067
7068
7069
7070
7071
7072
7073
7074
7075
7076
7077
7078
7079
7080
7081
7082
7083
7103
7104
7105
7106
7107
7108
7109
7110
7120
7121
7122
7123
7124
7125
7126
7127
7128
7129
7130
7131
7132
7133
7134
7135
7136
7137
7138
7139
7140
7141
7142
7143
7144
7145
7146
7147
7148
7149
7153
7154
7155
7156
7157
7158
7159
7160
7161
7185
7186
7187
7188
7189
7190
7191
7229
7230
7231
7232
7233
7234
7235
7236
7237
7238
7239
7240
7241
7242
7243
7244
7245
7246
7247
7248
7249
7250
7251
7252
7253
7254
7255
7256
7257
7258
7259
7260
7261
7262
7263
7264
7265
7266
7267
7268
7269
7270
7271
7272
7273
7274
7275
7276
7277
7278
7279
7280
7281
7282
7283
7284
7285
7286
7287
7288
7289
7290
7354
7355
7356
7357
7358
7359
7360
7361
7362
7363
7364
7365
7366
7367
7368
7369
7370
7371
7372
7373
7374
7375
7376
7377
7378
7379
7380
7381
7382
7383
7384
7385
7386
7387
7388
7389
7390
7391
7392
7393
7394
7395
7396
7397
7398
7399
7400
7401
7402
7403
7404
7405
7406
7407
7408
7409
7410
7411
7412
7413
7414
7415
7416
7417
7418
7419
7420
7421
7422
7423
7445
7446
7447
7448
7449
7450
7451
7452
7463
7464
7465
7466
7467
7468
7469
7470
7471
7472
7473
7474
7475
7476
7477
7478
7479
7480
7481
7482
7483
7484
7485
7486
7487
7488
7489
7490
7491
7492
7493
7497
7498
7499
7500
7501
7502
7503
7504
7505
7506
7507
7533
7534
7535
7536
7537
7538
7539
7583
7584
7585
7586
7587
7588
7589
7590
7591
7592
7593
7594
7595
7596
7597
7598
7599
7600
7601
7602
7603
7604
7605
7606
7607
7608
7609
7610
7611
7612
7613
7614
7615
7616
7617
7618
7619
7620
7621
7622
7623
7624
7625
7626
7627
7628
7629
7630
7631
7632
7633
7634
7635
7636
7637
7638
7639
7640
7641
7642
7643
7644
7704
7705
7706
7707
7708
7709
7710
7711
7712
7713
7714
7715
7716
7717
7718
7719
7720
7721
7722
7723
7724
7725
7726
7727
7728
7729
7730
7731
7732
7733
7734
7735
7736
7737
7738
7739
7740
7741
7742
7743
7744
7745
7746
7747
7748
7749
7750
7751
7752
7753
7754
7755
7756
7757
7758
7759
7760
7761
7762
7763
7764
7765
7766
7767
7768
7769
7770
7771
7772
7773
7774
7775
7776
7800
7801
7802
7803
7804
7805
7817
7818
7819
7820
7821
7822
7823
7824
7825
7826
7827
7828
7829
7830
7831
7832
7833
7834
7835
7836
7837
7838
7839
7840
7841
7842
7843
7844
7845
7846
7847
7851
7852
7853
7854
7855
7856
7857
7858
7859
7860
7861
7890
7891
7892
7893
7894
7895
7896
7897
7898
7940
7941
7942
7943
7944
7945
7946
7947
7948
7949
7950
7951
7952
7953
7954
7955
7956
7957
7958
7959
7960
7961
7962
7963
7964
7965
7966
7967
7968
7969
7970
7971
7972
7973
7974
7975
7976
7977
7978
7979
7980
7981
7982
7983
7984
7985
7986
7987
7988
7989
7990
7991
7992
7993
7994
7995
7996
7997
7998
7999
8000
8001
8002
8065
8066
8067
8068
8069
8070
8071
8072
8073
8074
8075
8076
8077
8078
8079
8080
8081
8082
8083
8084
8085
8086
8087
8088
8089
8090
8091
8092
8093
8094
8095
8096
8097
8098
8099
8100
8101
8102
8103
8104
8105
8106
8107
8108
8109
8110
8111
8112
8113
8114
8115
8116
8117
8118
8119
8120
8121
8122
8123
8124
8125
8126
8127
8128
8130
8131
8132
8133
8134
8135
8136
8163
8164
8165
8166
8167
8168
8180
8181
8182
8183
8184
8185
8186
8187
8188
8189
8190
8191
8192
8193
8194
8195
8196
8197
8198
8199
8200
8201
8202
8203
8204
8205
8206
8207
8208
8209
8210
8211
8212
8216
8217
8218
8219
8220
8221
8222
8223
8224
8225
8226
8227
8228
8260
8261
8262
8263
8264
8265
8266
8267
8268
8319
8320
8321
8322
8323
8324
8325
8326
8327
8328
8329
8330
8331
8332
8333
8334
8335
8336
8337
8338
8339
8340
8341
8342
8343
8344
8345
8346
8347
8348
8349
8350
8351
8352
8353
8354
8355
8356
8357
8358
8359
8360
8361
8362
8363
8364
8365
8366
8367
8368
8369
8370
8371
8372
8373
8374
8375
8376
8377
8378
8379
8380
8444
8445
8446
8447
8448
8449
8450
8451
8452
8453
8454
8455
8456
8457
8458
8459
8460
8461
8462
8463
8464
8465
8466
8467
8468
8469
8470
8471
8472
8473
8474
8475
8476
8477
8478
8479
8480
8481
8482
8483
8484
8485
8486
8487
8488
8489
8490
8491
8492
8493
8494
8495
8496
8497
8498
8499
8500
8501
8502
8503
8504
8505
8506
8507
8510
8511
8512
8513
8514
8515
8516
8517
8547
8548
8549
8550
8551
8552
8562
8563
8564
8565
8566
8567
8568
8569
8570
8571
8572
8573
8574
8575
8576
8577
8578
8579
8580
8581
8582
8583
8584
8585
8586
8587
8588
8589
8590
8591
8592
8593
8594
8595
8596
8597
8601
8602
8603
8604
8605
8606
8607
8608
8609
8610
8611
8612
8613
8614
8647
8648
8649
8650
8651
8652
8653
8708
8709
8710
8711
8712
8713
8714
8715
8716
8717
8718
8719
8720
8721
8722
8723
8724
8725
8726
8727
8728
8729
8730
8731
8732
8733
8734
8735
8736
8737
8738
8739
8740
8741
8742
8743
8744
8745
8746
8747
8748
8749
8750
8751
8752
8753
8754
8755
8756
8757
8758
8759
8760
8761
8762
8763
8764
8765
8766
8767
8768
8835
8836
8837
8838
8839
8840
8841
8842
8843
8844
8845
8846
8847
8848
8849
8850
8851
8852
8853
8854
8855
8856
8857
8858
8859
8860
8861
8862
8863
8864
8865
8866
8867
8868
8869
8870
8871
8872
8873
8874
8875
8876
8877
8878
8879
8880
8881
8882
8883
8884
8885
8886
8887
8888
8889
8890
8891
8892
8893
8894
8895
8896
8899
8900
8901
8902
8903
8904
8905
8906
8907
8938
8939
8940
8941
8942
8943
8953
8954
8955
8956
8957
8958
8959
8960
8961
8962
8963
8964
8965
8966
8967
8968
8969
8970
8971
8972
8973
8974
8975
8976
8977
8978
8979
8980
8981
8982
8983
8984
8985
8986
8987
8988
8989
8990
8991
8992
8996
8997
8998
8999
9000
9001
9002
9003
9004
9005
9006
9008
9009
9010
9011
9012
9045
9046
9047
9048
9049
9050
9051
9107
9108
9109
9110
9111
9112
9113
9114
9115
9116
9117
9118
9119
9120
9121
9122
9123
9124
9125
9126
9127
9128
9129
9130
9131
9132
9133
9134
9135
9136
9137
9138
9139
9140
9141
9142
9143
9144
9145
9146
9147
9148
9149
9150
9151
9152
9153
9154
9155
9156
9157
9158
9159
9160
9161
9162
9163
9164
9165
9166
9234
9235
9236
9237
9238
9239
9240
9241
9242
9243
9244
9245
9246
9247
9248
9249
9250
9251
9252
9253
9254
9255
9256
9257
9258
9259
9260
9261
9262
9263
9264
9265
9266
9267
9268
9269
9270
9271
9272
9273
9274
9275
9276
9277
9278
9279
9280
9282
9285
9286
9287
9288
9289
9290
9291
9292
9293
9294
9324
9325
9326
9327
9328
9329
9339
9340
9341
9342
9343
9344
9345
9346
9347
9348
9349
9350
9351
9352
9353
9354
9355
9356
9357
9358
9359
9360
9361
9362
9363
9364
9365
9366
9367
9368
9369
9370
9371
9372
9373
9374
9375
9376
9377
9378
9382
9383
9384
9385
9386
9387
9388
9389
9390
9391
9392
9394
9395
9396
9397
9398
9433
9434
9435
9436
9437
9438
9439
9495
9496
9497
9498
9499
9500
9501
9502
9503
9504
9505
9506
9507
9508
9509
9510
9511
9512
9513
9514
9515
9516
9517
9518
9519
9520
9521
9522
9523
9524
9525
9526
9527
9528
9529
9530
9531
9532
9533
9534
9535
9536
9537
9538
9539
9540
9541
9542
9543
9544
9545
9546
9547
9548
9549
9550
9551
9552
9553
9554
9621
9622
9623
9624
9625
9626
9627
9628
9629
9630
9631
9632
9633
9634
9635
9636
9637
9638
9639
9640
9641
9642
9643
9644
9645
9646
9647
9648
9649
9651
9654
9655
9656
9657
9658
9659
9660
9661
9662
9663
9664
9665
9696
9697
9698
9699
9700
9701
9711
9712
9713
9714
9715
9716
9717
9718
9719
9720
9721
9722
9723
9724
9725
9726
9727
9728
9729
9730
9731
9732
9733
9734
9735
9736
9737
9738
9739
9740
9741
9742
9743
9744
9745
9746
9747
9748
9754
9755
9756
9757
9758
9759
9760
9761
9762
9763
9764
9768
9769
9770
9771
9772
9773
9807
9808
9809
9810
9811
9812
9813
9865
9866
9867
9868
9869
9870
9871
9872
9873
9874
9875
9876
9877
9878
9879
9880
9881
9882
9883
9884
9885
9886
9887
9888
9889
9890
9891
9892
9893
9894
9895
9896
9897
9898
9899
9900
9901
9902
9903
9904
9905
9906
9907
9908
9909
9910
9911
9912
9913
9914
9915
9916
9917
9918
9919
9920
9921
9922
9923
9924
9925
9993
9994
9995
9996
9997
9998
9999
10000
10001
10002
10003
10004
10005
10006
10007
10008
10009
10010
10011
10012
10013
10018
10019
10020
10021
10022
10023
10024
10025
10026
10027
10028
10029
10030
10060
10061
10062
10063
10073
10074
10075
10076
10077
10078
10079
10080
10081
10082
10083
10084
10085
10086
10087
10088
10089
10090
10091
10092
10093
10094
10095
10096
10097
10098
10099
10100
10101
10102
10103
10104
10105
10106
10107
10113
10114
10115
10116
10117
10118
10119
10120
10121
10122
10127
10128
10129
10130
10131
10132
10166
10167
10168
10169
10170
10171
10172
10225
10226
10227
10228
10229
10230
10231
10232
10233
10234
10235
10236
10237
10238
10239
10240
10241
10242
10243
10244
10245
10246
10247
10248
10249
10250
10251
10252
10253
10254
10255
10256
10257
10258
10259
10260
10261
10262
10263
10264
10265
10266
10267
10268
10269
10270
10271
10272
10273
10274
10275
10276
10277
10278
10279
10347
10348
10349
10350
10351
10352
10353
10354
10355
10356
10357
10358
10359
10360
10361
10362
10368
10369
10370
10371
10372
10373
10374
10375
10376
10377
10378
10379
10380
10381
10414
10424
10425
10426
10427
10428
10429
10430
10431
10432
10433
10434
10435
10436
10437
10438
10439
10440
10441
10442
10443
10444
10445
10446
10447
10448
10449
10450
10451
10452
10453
10454
10455
10456
10457
10461
10462
10463
10464
10465
10466
10467
10468
10469
10470
10471
10476
10477
10478
10479
10480
10481
10482
10483
10484
10519
10520
10521
10522
10523
10524
10525
10578
10579
10580
10581
10582
10583
10584
10585
10586
10587
10588
10589
10590
10591
10592
10593
10594
10595
10596
10597
10598
10599
10600
10601
10602
10603
10604
10605
10606
10607
10608
10609
10610
10611
10612
10613
10614
10615
10616
10617
10618
10619
10620
10621
10679
10680
10681
10682
10683
10684
10685
10686
10687
10694
10695
10696
10697
10698
10699
10700
10701
10702
10703
10704
10705
10706
10707
10708
10709
10710
10751
10752
10753
10754
10755
10756
10757
10758
10759
10760
10761
10762
10763
10764
10765
10766
10767
10768
10769
10770
10771
10772
10773
10774
10775
10776
10777
10778
10779
10780
10781
10786
10787
10788
10789
10790
10791
10792
10793
10794
10795
10796
10802
10803
10804
10805
10806
10807
10808
10809
10810
10811
10848
10849
10850
10851
10852
10853
10854
10906
10907
10908
10909
10910
10911
10912
10913
10914
10915
10916
10917
10918
10919
10920
10921
10922
10923
10924
10925
10926
10927
10928
10929
10930
10931
10932
10933
10934
10985
10986
10987
10997
10998
10999
11000
11001
11002
11003
11004
11005
11006
11007
11008
11009
11010
11011
11012
11049
11050
11051
11052
11053
11054
11055
11056
11057
11058
11059
11060
11061
11062
11063
11064
11065
11066
11067
11068
11069
11070
11071
11072
11073
11074
11081
11082
11083
11084
11085
11086
11087
11088
11089
11091
11096
11097
11098
11099
11100
11101
11102
11103
11104
11105
11106
11107
11144
11145
11146
11147
11148
11202
11203
11204
11205
11206
11207
11208
11209
11210
11211
11212
11213
11214
11257
11258
11269
11271
11272
11273
11274
11275
11276
11277
11278
11279
11280
11281
11282
11283
11284
11285
11286
11314
11315
11316
11317
11318
11319
11320
11321
11322
11323
11324
11325
11326
11327
11328
11329
11330
11331
11332
11333
11334
11341
11342
11343
11344
11345
11346
11347
11348
11349
11350
11358
11359
11360
11361
11362
11363
11364
11365
11366
11367
11368
11369
11370
11407
11408
11409
11465
11466
11467
11468
11469
11470
11471
11472
11473
11474
11475
11505
11516
11518
11519
11520
11521
11522
11523
11524
11525
11526
11527
11528
11529
11530
11531
11532
11549
11550
11551
11552
11553
11554
11561
11562
11563
11564
11565
11566
11567
11568
11569
11577
11578
11579
11580
11581
11582
11583
11584
11585
11586
11587
11588
11589
11674
11675
11676
11677
11678
11679
11680
11710
11711
11712
11713
11714
11715
11716
11717
11718
11719
11720
11721
11722
11723
11724
11725
11726
11738
11739
11746
11747
11748
11749
11750
11751
11760
11761
11762
11763
11764
11765
11766
11767
11768
11769
11770
11771
11772
11773
11837
11838
11839
11871
11872
11873
11874
11875
11876
11877
11878
11879
11880
11881
11882
11883
11884
11885
11894
11902
11903
11904
11905
11906
11916
11917
11918
11919
11920
11921
11922
11923
11924
11925
11926
11927
11928
11929
12005
12006
12007
12008
12009
12010
12011
12012
12013
12014
12015
12016
12017
12018
12019
12028
12030
12032
12039
12040
12041
12042
12043
12044
12045
12046
12047
12048
12049
12050
12051
12115
12116
12117
12118
12119
12120
12121
12122
12123
12124
12125
12126
12127
12128
12140
12146
12147
12148
12149
12150
12151
12152
12153
12154
12155
12156
12157
12158
12159
12160
12161
12212
12213
12215
12216
12217
12218
12219
12220
12221
12222
12223
12224
12236
12237
12238
12239
12240
12241
12242
12243
12244
12245
12246
12247
12248
12249
12291
12292
12294
12295
12296
12297
12298
12299
12300
12301
12302
12303
12313
12314
12315
12316
12317
12318
12319
12320
12321
12322
12323
12324
12326
12357
12358
12359
12360
12361
12362
12363
12364
12365
12366
12367
12368
12369
12370
12371
12379
12380
12381
12382
12383
12384
12385
12386
12387
12388
12389
12391
12413
12414
12417
12418
12419
12420
12421
12422
12423
12424
12425
12426
12427
12434
12435
12436
12437
12438
12439
12440
12441
12442
12443
12444
12445
12460
12461
12462
12464
12465
12466
12467
12468
12469
12470
12471
12472
12478
12479
12480
12481
12482
12483
12484
12485
12486
12487
12498
12499
12500
12502
12503
12504
12505
12506
12507
12508
12509
12515
12516
12517
12518
12519
12520
12521
12522
12523
12524
12525
12526
12534
12535
12536
12537
12539
12540
12541
12542
12543
12544
12545
12551
12552
12553
12554
12555
12556
12557
12558
12560
12561
12562
12569
12570
12571
12572
12573
12574
12575
12576
12577
12583
12584
12585
12586
12587
12588
12590
12591
12592
12600
12601
12602
12603
12604
12605
12611
12612
12613
12614
12615
12622
12623
12628
12629
)


// ************************************************************************* //
