/*--------------------------------*- C++ -*----------------------------------*\
| =========                 |                                                 |
| \\      /  F ield         | OpenFOAM: The Open Source CFD Toolbox           |
|  \\    /   O peration     | Version:  v2012                                 |
|   \\  /    A nd           | Website:  www.openfoam.com                      |
|    \\/     M anipulation  |                                                 |
\*---------------------------------------------------------------------------*/
FoamFile
{
    version     2.0;
    format      ascii;
    class       volScalarField;
    location    "0";
    object      k;
}
// * * * * * * * * * * * * * * * * * * * * * * * * * * * * * * * * * * * * * //

dimensions      [0 2 -2 0 0 0 0];


internalField   nonuniform List<scalar> 
6320
(
0.000164063
0.00015888
0.000153242
0.000172083
0.000196736
0.000185127
0.000150781
0.000167936
0.000157257
0.000185357
0.000214361
0.00021655
0.000193858
0.000144583
0.000149974
0.00015656
0.00017506
0.000166153
0.000194532
0.000243865
0.000223552
0.000229538
0.000212979
0.000143051
0.000154058
0.00016238
0.000188157
0.000170043
0.000211356
0.000306712
0.000252997
0.000256056
0.000223541
0.00037538
0.000146539
0.000160433
0.000151486
0.000140124
0.000197332
0.000177297
0.000222572
0.000289752
0.000535633
0.000268076
0.000272582
0.000248821
0.000138234
0.000145468
0.000164705
0.000154411
0.000142846
0.000140071
0.000214938
0.00019414
0.000186079
0.00017766
0.000245405
0.000389896
0.00140791
0.000312274
0.000309984
0.00026216
0.000169114
0.000158246
0.000144206
0.00015398
0.000140203
0.000139173
0.000137107
0.000150085
0.000170873
0.000159167
0.000144706
0.000142851
0.000226276
0.000211537
0.000194179
0.000185074
0.000259565
0.000383686
0.000664376
0.000331794
0.000333175
0.000297508
0.000204914
0.000198084
0.000179602
0.000165975
0.000143551
0.000149966
0.000161481
0.000140439
0.000141831
0.000136961
0.000150821
0.00017092
0.000160245
0.000147911
0.000144047
0.000246144
0.000218785
0.000203025
0.000183373
0.000292339
0.000541292
0.00175267
0.000416783
0.000387749
0.000317817
0.000222704
0.000207032
0.000199477
0.000194176
0.000176138
0.000165764
0.000147317
0.000155015
0.000165041
0.000143201
0.000142781
0.000138475
0.000155484
0.000177293
0.000165815
0.000149142
0.000147052
0.000259017
0.000215337
0.000238669
0.000198522
0.000190077
0.000314027
0.000567325
0.00097071
0.000448612
0.00041498
0.00037604
0.000267112
0.000240487
0.000245997
0.000225397
0.000206612
0.000185846
0.000174581
0.000141043
0.000145652
0.000151314
0.000161546
0.000154676
0.000173716
0.000143308
0.000142066
0.000145824
0.000140354
0.000136687
0.000155908
0.000178174
0.000167606
0.000152605
0.000148202
0.000289104
0.000226711
0.000244792
0.000205435
0.000185613
0.000358153
0.00109824
0.00205871
0.000594978
0.000518712
0.000423161
0.000401428
0.000273314
0.000279206
0.000241876
0.000198941
0.000226946
0.000183003
0.0001385
0.000140643
0.000147945
0.000153517
0.000166303
0.000160431
0.000179414
0.000145911
0.000143971
0.000146111
0.000140416
0.000137329
0.000160136
0.000174439
0.000164693
0.00015318
0.000151138
0.000307988
0.000218472
0.00026222
0.000198278
0.000189531
0.000411903
0.000371247
0.00200985
0.0011399
0.000602033
0.000519596
0.000557786
0.000301679
0.000379369
0.000275021
0.000208934
0.000240165
0.000192383
0.000136789
0.000142304
0.000151022
0.00015794
0.000173437
0.00016526
0.000161108
0.000190336
0.000146856
0.000135616
0.000142522
0.000148249
0.000139249
0.000137055
0.000159053
0.000177933
0.000168486
0.000156287
0.000152515
0.000351312
0.000301136
0.000226795
0.000285405
0.000258433
0.000201801
0.000185519
0.000490444
0.000443536
0.00213885
0.000805723
0.00062202
0.00146098
0.000302826
0.000354384
0.000678593
0.000295145
0.000223964
0.000203384
0.000264673
0.000137163
0.000141245
0.000144699
0.000152579
0.000159819
0.000177841
0.000170885
0.000166692
0.000198109
0.000149608
0.000143236
0.000147089
0.00015143
0.000139898
0.000138467
0.000136089
0.000162072
0.000174729
0.000166126
0.000156069
0.000381268
0.000342853
0.000242298
0.000212666
0.000304629
0.000278414
0.000190925
0.000644944
0.000489774
0.00138905
0.000802277
0.000360114
0.000413349
0.00170589
0.000284944
0.000343855
0.000229991
0.000213683
0.000276691
0.000135531
0.000139094
0.00014313
0.000145258
0.00015625
0.000164486
0.000185201
0.000171304
0.000168458
0.000194637
0.000211535
0.000147934
0.000141557
0.000145195
0.000149097
0.000153671
0.000138914
0.000137249
0.000158809
0.000179297
0.00016905
0.000437011
0.000359555
0.000245297
0.000215941
0.000331927
0.000269376
0.000191375
0.000875603
0.00057211
0.00244505
0.00129892
0.000391974
0.000551911
0.000941208
0.000326238
0.00037485
0.000248747
0.000307478
0.000135962
0.000138283
0.000143704
0.000157195
0.000165735
0.000185477
0.000177974
0.000174105
0.00020565
0.000220858
0.000149233
0.000141845
0.000145455
0.000147733
0.000151365
0.000156479
0.000140539
0.00013822
0.000137314
0.000136286
0.000159856
0.000174036
0.000185877
0.000166872
0.00047981
0.000407737
0.000234706
0.000210657
0.000344798
0.000286595
0.00020076
0.000896261
0.00152585
0.000721931
0.000572523
0.000497272
0.00061894
0.00206507
0.000340537
0.000453231
0.00024875
0.000320805
0.000135108
0.000139487
0.000146134
0.000141503
0.000155129
0.000161731
0.000170985
0.000193437
0.000177771
0.00017705
0.000204632
0.000234729
0.000151704
0.000143419
0.000145003
0.000148485
0.000152509
0.000155974
0.000140371
0.0001391
0.00013824
0.000136048
0.00016335
0.000173273
0.000188735
0.000169028
0.000480263
0.000396908
0.000246805
0.000219893
0.000309271
0.000294314
0.000196798
0.00156408
0.00244873
0.000927873
0.00070799
0.000567428
0.00114629
0.000387875
0.000504321
0.000268929
0.000293042
0.000368411
0.0001364
0.000138926
0.000145398
0.00014184
0.000157117
0.000161356
0.000170065
0.00019176
0.000184453
0.000183116
0.000216128
0.000241815
0.000149795
0.000135364
0.0001428
0.000146519
0.000150439
0.000152415
0.000158767
0.000141482
0.000139335
0.000137932
0.000136886
0.000136098
0.000161952
0.000177169
0.000183008
0.000165381
0.000581537
0.000441987
0.000265179
0.000231719
0.000210784
0.000323954
0.000286239
0.000201688
0.0024457
0.00155592
0.000773756
0.00078974
0.00206366
0.000457006
0.000386349
0.000680457
0.000264893
0.000310497
0.00040394
0.000137858
0.000140618
0.00014765
0.000143782
0.000154782
0.000164743
0.000174633
0.000200765
0.000187522
0.000210438
0.000233774
0.000152038
0.000135849
0.000144009
0.000145767
0.000151027
0.000155253
0.000159401
0.000141637
0.000140516
0.000138798
0.000136746
0.000136295
0.000174863
0.000184458
0.000166111
0.00058993
0.000515214
0.000438081
0.000261641
0.000230878
0.000210806
0.000350078
0.000308657
0.000196635
0.0024046
0.00105458
0.0008596
0.00131657
0.000531327
0.000455794
0.000856561
0.000281589
0.000343168
0.000390985
0.000480681
0.000138575
0.000141337
0.000148139
0.000144542
0.000156812
0.000164509
0.000170015
0.000180654
0.000204416
0.000194598
0.000223301
0.000249016
0.000152308
0.00013493
0.000137377
0.000134134
0.000143811
0.000147016
0.000150114
0.000153518
0.000157734
0.000162969
0.000142725
0.000140487
0.000139818
0.000138442
0.000137584
0.000137121
0.000170397
0.000178619
0.00019023
0.000786399
0.000572061
0.000393956
0.000510875
0.000283863
0.000246254
0.000220462
0.000201636
0.000338391
0.0016752
0.00106033
0.00149489
0.00240164
0.000692572
0.00147749
0.000277265
0.00034516
0.000455348
0.000572714
0.000139996
0.000142847
0.000150108
0.000146171
0.00015447
0.000159239
0.000162182
0.000171411
0.000183552
0.000213458
0.000191686
0.00023877
0.00022647
0.000135636
0.000137427
0.000134232
0.000144918
0.000146097
0.000148597
0.000151539
0.000153741
0.00015947
0.000162758
0.000142644
0.000141688
0.000140248
0.000139099
0.000137534
0.000169538
0.000178893
0.000189492
0.000859572
0.000678933
0.000418995
0.000559165
0.000290226
0.000250152
0.000224875
0.000201605
0.000369973
0.00265556
0.00171666
0.0023659
0.000885264
0.00236758
0.000302835
0.000384664
0.000555721
0.00045101
0.000760349
0.000139941
0.000142328
0.000149934
0.000145203
0.000154274
0.00015901
0.000164682
0.000175506
0.000167711
0.000185833
0.000205927
0.000198529
0.000255076
0.000237297
0.000136571
0.000134955
0.000138667
0.000143686
0.000146781
0.000148426
0.000151474
0.000155807
0.000158038
0.000165528
0.000141384
0.000140504
0.000139943
0.000138919
0.000138351
0.000136994
0.000173159
0.000177446
0.000185041
0.000195396
0.00115961
0.000683457
0.000479633
0.000559641
0.000319838
0.000267504
0.000237491
0.00021787
0.000209875
0.000381805
0.00250105
0.00152724
0.000297624
0.000371321
0.000703947
0.000508984
0.0010214
0.00014115
0.000143603
0.000148093
0.000152046
0.000146303
0.000156455
0.000161387
0.000171587
0.000180458
0.000167735
0.000193407
0.000213683
0.000200937
0.000275175
0.000252318
0.000225452
0.000136873
0.000135173
0.000138572
0.000134445
0.000143976
0.00014624
0.000149707
0.000153232
0.000156446
0.000160107
0.000164543
0.000142156
0.000141524
0.000140155
0.00013951
0.000138359
0.000137168
0.000170601
0.000181558
0.000186407
0.000196725
0.00117191
0.00177885
0.000858909
0.00048733
0.000677073
0.00030715
0.000358203
0.000263004
0.000234914
0.000222249
0.000202904
0.000444931
0.00245417
0.000336743
0.00043216
0.000772428
0.000899315
0.000613468
0.00168693
0.000141377
0.000142814
0.000148251
0.000151747
0.000144962
0.000155503
0.000161211
0.000173159
0.000182098
0.000164578
0.000189891
0.000209148
0.000286385
0.000264647
0.000232947
0.000136046
0.000137744
0.000139518
0.000134666
0.000143972
0.000145383
0.000147616
0.000149696
0.000152491
0.000154884
0.00015866
0.000162671
0.000167614
0.000143095
0.000141396
0.000140774
0.000139444
0.000138936
0.00013786
0.000136913
0.000172079
0.000179629
0.000191276
0.00181269
0.00273961
0.000856034
0.000574496
0.000678848
0.000331293
0.000279969
0.000393912
0.000245295
0.000216326
0.000200209
0.000483898
0.000355751
0.000463674
0.00101303
0.00142669
0.000654669
0.00262081
0.000140572
0.000143468
0.000146895
0.000150019
0.000153553
0.000145355
0.000157267
0.000159524
0.000169945
0.000178081
0.000182412
0.000164072
0.000194648
0.000216137
0.000313467
0.000250283
0.000229879
0.000136115
0.000137862
0.000138814
0.000134342
0.000135619
0.000145055
0.000145907
0.000146866
0.000148758
0.000151208
0.000153362
0.000154954
0.000159782
0.000164264
0.000166737
0.00014277
0.000142018
0.00014083
0.000140038
0.00013906
0.000137843
0.000137303
0.000175397
0.00016871
0.000182788
0.000188013
0.00254967
0.00114653
0.000590433
0.00082369
0.000373464
0.000315213
0.000265776
0.000453201
0.000236676
0.000206206
0.000222942
0.000191907
0.000564733
0.000400312
0.000454648
0.00057009
0.000891914
0.00158859
0.000141167
0.000142475
0.000147177
0.000150078
0.000153587
0.000144417
0.00015548
0.000160921
0.00017104
0.000166593
0.000178328
0.000188463
0.000201984
0.000209856
0.000310477
0.000258781
0.00024078
0.000137114
0.000139301
0.000134949
0.000136089
0.00014509
0.000147057
0.000149201
0.000150414
0.000153525
0.000156365
0.000162116
0.000157989
0.000143382
0.000141536
0.000140564
0.000139615
0.000138724
0.000138275
0.000137133
0.000174345
0.000166021
0.000178472
0.00180907
0.00102283
0.000719811
0.000845201
0.000411902
0.000341311
0.000282069
0.000245441
0.000502217
0.000200323
0.000215135
0.000188818
0.000647172
0.00040517
0.000519131
0.000651535
0.00116495
0.00254732
0.000140402
0.000143038
0.000146216
0.000148697
0.000151861
0.000144927
0.00015644
0.000159344
0.000167975
0.000174503
0.00016559
0.000182858
0.000187753
0.000204641
0.00021942
0.000279508
0.000345331
0.000233206
0.000134596
0.000137313
0.000139256
0.000135534
0.000136796
0.000146021
0.000144218
0.000148055
0.000151021
0.000152209
0.000154747
0.00016111
0.000158331
0.000142686
0.000141577
0.000140911
0.000139682
0.000138848
0.00013816
0.000137483
0.000170875
0.000162749
0.00016709
0.000179013
0.00270954
0.00131579
0.000770554
0.00107737
0.000479883
0.000387217
0.000597944
0.000193358
0.000183566
0.000385854
0.000476383
0.000607388
0.000824315
0.00113142
0.00179943
0.000140839
0.000142646
0.000146567
0.000148862
0.000151857
0.000144587
0.000155583
0.000160689
0.000168097
0.000174848
0.000163277
0.000134846
0.000134573
0.000138053
0.000138636
0.000140075
0.000135547
0.000137047
0.000145611
0.000143998
0.000147611
0.000149551
0.000151036
0.00015332
0.000157
0.00014273
0.000142039
0.000140635
0.000140127
0.000139239
0.000138482
0.00013788
0.000137369
0.000171191
0.000160524
0.000164423
0.00195941
0.000959016
0.00132465
0.000560775
0.00042913
0.000680992
0.000527063
0.000690232
0.000860283
0.0017795
0.00272539
0.000141719
0.000143554
0.000147748
0.000145423
0.000150387
0.000153655
0.000157316
0.000159408
0.000165073
0.00016295
0.000134854
0.000134913
0.000137724
0.00013877
0.000140081
0.000136091
0.000136728
0.00014461
0.000146334
0.000143286
0.000148402
0.00014948
0.000151649
0.00015393
0.000155335
0.000158368
0.000142175
0.000141499
0.000140954
0.00013989
0.000139258
0.000138471
0.000137917
0.00013761
0.000161364
0.00277765
0.000849169
0.00126257
0.00200475
0.000683214
0.000581611
0.00049863
0.000636925
0.00110952
0.00254215
0.000141563
0.000143248
0.000148292
0.000145193
0.000150538
0.00015318
0.000156008
0.000160482
0.000135559
0.000135481
0.000138089
0.000139408
0.000140825
0.000136049
0.00013721
0.000143996
0.000145818
0.000142836
0.000147542
0.000149184
0.00015141
0.000152422
0.00015527
0.000156641
0.000142192
0.000141635
0.000140567
0.000139607
0.000140193
0.000139154
0.000138915
0.000138279
0.000137799
0.000159503
0.00103882
0.00181786
0.00282186
0.000863253
0.000727426
0.000742441
0.00176804
0.000940519
0.000142335
0.000144049
0.000147448
0.000149713
0.000146197
0.000151965
0.000154371
0.000157037
0.000135872
0.000135549
0.000138223
0.000139506
0.000140878
0.000136569
0.000137851
0.000137037
0.000144317
0.000143175
0.000144969
0.000146503
0.000147998
0.000150158
0.000152433
0.00015384
0.000155616
0.000141796
0.000141185
0.000140744
0.000139602
0.000140091
0.000139384
0.000139213
0.000138661
0.000138622
0.00158165
0.00109652
0.000918296
0.00265024
0.00117196
0.00014221
0.000143812
0.000148049
0.000150424
0.000145624
0.000151621
0.000152699
0.000135915
0.000136375
0.000138958
0.000140217
0.000141577
0.00013664
0.000138117
0.000137437
0.00014377
0.000142863
0.000144619
0.000145921
0.000147428
0.000149243
0.000150787
0.000153779
0.000141983
0.000141296
0.00014059
0.000139914
0.000140366
0.000139702
0.000139166
0.000139863
0.000138969
0.000139124
0.00260431
0.00176835
0.00181504
0.000142978
0.000144621
0.000147163
0.000149309
0.000146145
0.000152208
0.000136365
0.000136338
0.000136676
0.000138972
0.000140113
0.000141817
0.000137151
0.000138653
0.00013791
0.000143917
0.000143226
0.000142365
0.000145047
0.000146401
0.000148042
0.000149589
0.000150473
0.000141654
0.00014113
0.000140856
0.000140229
0.000140544
0.00014004
0.000140248
0.000140033
0.00014061
0.00013986
0.000140157
0.000140874
0.00262041
0.000142611
0.000143965
0.000146845
0.000149107
0.000145588
0.000136759
0.000137242
0.000139569
0.000140672
0.00014133
0.000137463
0.000138873
0.000138291
0.000143533
0.000142807
0.000142136
0.000144632
0.000145887
0.000147899
0.000148626
0.000141645
0.000141386
0.00014099
0.000140596
0.000140904
0.000140786
0.000140887
0.00014074
0.000141418
0.000140685
0.000142455
0.000143106
0.000144166
0.000145966
0.000147724
0.000144883
0.000137461
0.000137633
0.000137548
0.000139422
0.000140466
0.000141506
0.000138121
0.000138813
0.000138409
0.000143879
0.000142962
0.000142388
0.00014187
0.000145051
0.000146342
0.000147058
0.000147482
0.000141522
0.000141372
0.00014125
0.000141234
0.000141231
0.000141441
0.000141514
0.000141718
0.00014222
0.000141803
0.000143123
0.00014281
0.000142497
0.000143393
0.000145296
0.000144574
0.000138651
0.000138196
0.000138287
0.000138161
0.000139767
0.000140179
0.000140815
0.000141154
0.000142019
0.000138345
0.000138397
0.000139233
0.000138976
0.000143621
0.000142588
0.000142087
0.000141684
0.00014463
0.000145479
0.000146662
0.000141468
0.000141539
0.000141374
0.000141513
0.00014151
0.000141599
0.000142324
0.000142153
0.00014243
0.0001422
0.000142951
0.000144307
0.000143836
0.0001425
0.000142906
0.000143309
0.000145706
0.000144009
0.000140012
0.000139226
0.000138503
0.000139221
0.000139589
0.000140244
0.000140561
0.000141233
0.000141631
0.000138781
0.000138816
0.000139226
0.000139073
0.000143107
0.000144038
0.000142701
0.000142193
0.000141836
0.000144918
0.000145092
0.000141427
0.000141552
0.000141556
0.000141586
0.000141955
0.000142143
0.000142007
0.000142444
0.000142851
0.00014249
0.000143176
0.000143264
0.00014372
0.00014501
0.000143903
0.000144928
0.000142042
0.000142361
0.000142857
0.000144257
0.000140408
0.000140941
0.000139373
0.000139929
0.000139757
0.000140032
0.000140613
0.000140948
0.000141659
0.000139519
0.000139472
0.000139567
0.00014301
0.000143694
0.000142377
0.000141992
0.000141702
0.000144227
0.000141563
0.000141645
0.000141863
0.000141878
0.000142513
0.000142567
0.000142288
0.000143156
0.000143312
0.000143039
0.000143794
0.00014361
0.000144424
0.000146359
0.000144753
0.000145889
0.00014197
0.000142298
0.000143109
0.000143823
0.000141437
0.000142323
0.000139953
0.000140751
0.000139667
0.000139965
0.000140357
0.000140975
0.00014127
0.000140023
0.000140119
0.00013969
0.000139935
0.000140107
0.000143348
0.000142776
0.000143852
0.00014235
0.000142112
0.000141876
0.000141707
0.000141879
0.000141778
0.000142229
0.000142089
0.000143019
0.000143221
0.000142808
0.000143482
0.000144373
0.000144695
0.000144498
0.000145321
0.000147604
0.00014562
0.000145018
0.000147153
0.000141592
0.000141991
0.000142888
0.000142474
0.000141466
0.000142806
0.000140924
0.000139782
0.000140193
0.000140366
0.000140534
0.000140737
0.000141258
0.00014081
0.000140802
0.000140118
0.000140613
0.000140849
0.000143161
0.000142564
0.000142907
0.00014334
0.000142143
0.000142102
0.000142051
0.000141938
0.000142126
0.000142001
0.000142012
0.000142611
0.000142569
0.000143897
0.000143999
0.000143179
0.000144503
0.000145349
0.000145414
0.000146537
0.000149045
0.000147909
0.000146658
0.000146388
0.000148105
0.000141581
0.000142329
0.000143489
0.000142548
0.000144012
0.000141665
0.000140096
0.000140301
0.000140503
0.000140757
0.000140989
0.000141519
0.000141438
0.000140523
0.00014083
0.000140973
0.000141449
0.000142365
0.000142542
0.000142234
0.000142034
0.000142045
0.000142102
0.00014204
0.000142713
0.000142286
0.000142278
0.000143029
0.000142876
0.000144373
0.000144256
0.000144856
0.000143816
0.000145105
0.000145257
0.000146509
0.000146621
0.000147011
0.000147408
0.000150848
0.000149467
0.000147678
0.000147106
0.000149574
0.000141342
0.000142157
0.000143433
0.000144394
0.000142911
0.000144642
0.000144723
0.000142619
0.000140354
0.000140535
0.000140531
0.000140681
0.000141055
0.000142233
0.000142167
0.000140933
0.000141312
0.00014165
0.000142128
0.000142371
0.0001422
0.000142031
0.000142267
0.000142303
0.000142903
0.000142605
0.000142417
0.000143669
0.000143385
0.000145312
0.000145462
0.000145652
0.00014414
0.000146238
0.000146292
0.000147436
0.000148725
0.000148504
0.000152566
0.00015092
0.000150178
0.000148932
0.000148589
0.000150292
0.000141443
0.000141805
0.000144331
0.000145618
0.000144057
0.000146176
0.000145877
0.000143427
0.000140629
0.000140596
0.000140767
0.000140688
0.000140798
0.000141062
0.000143259
0.000142849
0.000140871
0.000141332
0.000141851
0.000142233
0.000142081
0.0001428
0.000142057
0.000142114
0.000142227
0.00014214
0.000142403
0.00014233
0.000143456
0.000142897
0.000142721
0.000143801
0.000144048
0.000145548
0.000146043
0.000146257
0.000146624
0.000144744
0.000146941
0.000147212
0.000148665
0.000149247
0.000149538
0.000149685
0.000154551
0.000152519
0.000152096
0.000149371
0.000149794
0.000151871
0.000141304
0.000141758
0.000145508
0.000146552
0.000146076
0.000144796
0.00014681
0.000144601
0.000140861
0.000141052
0.000140803
0.00014092
0.000140969
0.000144071
0.000143719
0.000141227
0.000141616
0.000142344
0.000143098
0.000143042
0.000143505
0.000142141
0.000142274
0.000142271
0.000142288
0.000142681
0.000142566
0.000143672
0.000144045
0.000143324
0.000142875
0.000144688
0.0001449
0.000146432
0.000147481
0.000147607
0.000147889
0.000145155
0.00014841
0.000148645
0.000149551
0.000151146
0.000151447
0.000151301
0.000155046
0.000156218
0.000154145
0.000153373
0.000151144
0.000151721
0.000152214
0.000153198
0.000141517
0.000146567
0.000147904
0.000147615
0.000146255
0.000148554
0.000145796
0.000141152
0.000140957
0.000141346
0.000141222
0.000141223
0.000145312
0.000144561
0.000141616
0.000142185
0.00014311
0.000143624
0.000143465
0.000144364
0.00014181
0.000142347
0.000142438
0.000142468
0.00014273
0.000142771
0.000144135
0.0001447
0.000143522
0.000143225
0.000145696
0.000147351
0.000146363
0.000148316
0.000147922
0.000148364
0.000149161
0.000149227
0.000151212
0.000152578
0.00015265
0.000152238
0.000153147
0.000157203
0.000158346
0.000155662
0.000155263
0.000152022
0.000153374
0.000153694
0.000154908
0.000141517
0.000148359
0.000149154
0.000148507
0.000148601
0.000147375
0.000149917
0.000146001
0.000147101
0.000141451
0.000141359
0.000141856
0.000141441
0.000141359
0.000146139
0.000145692
0.000142259
0.000142532
0.000143975
0.000144804
0.000144311
0.000145108
0.000141881
0.000142641
0.000142154
0.000142653
0.000142691
0.000143102
0.000143093
0.000144287
0.00014462
0.000145458
0.000144021
0.00014334
0.000146211
0.000145685
0.000148677
0.000146851
0.000149748
0.000149128
0.000150123
0.000150686
0.000151447
0.000152169
0.000154013
0.000154616
0.000153921
0.000154549
0.000158297
0.000158743
0.000159867
0.000157701
0.000156807
0.000153826
0.000154738
0.000155125
0.000156629
0.000149729
0.00015088
0.000150002
0.00015046
0.000149176
0.000151837
0.000147592
0.000148425
0.000141738
0.000141534
0.000141629
0.000142292
0.000142011
0.000141816
0.000141698
0.000147539
0.000146634
0.000143226
0.00014388
0.000144594
0.000145522
0.000145014
0.000146242
0.000142692
0.000142347
0.000142958
0.000143036
0.000143289
0.000143254
0.000145038
0.000145114
0.000145958
0.000144195
0.000143882
0.000146672
0.000146318
0.000149521
0.000148729
0.000147739
0.000150526
0.00015063
0.000150269
0.000150969
0.000151031
0.000151872
0.00015244
0.000153813
0.000155849
0.00015621
0.000155161
0.000154687
0.000156183
0.000160977
0.000160976
0.00016195
0.000159396
0.000159005
0.000154985
0.000156595
0.000156907
0.00015864
0.000151694
0.000151324
0.000152128
0.000152186
0.000150437
0.000152389
0.000153324
0.000148477
0.000148243
0.000149834
0.000142171
0.000142136
0.000142015
0.000142809
0.000142577
0.000141912
0.00014213
0.00014858
0.000148135
0.00014369
0.000144206
0.000145731
0.000146839
0.000145518
0.000145921
0.000147124
0.000142964
0.000142249
0.000143169
0.000143781
0.00014363
0.00014531
0.000145649
0.000146898
0.000144887
0.0001442
0.000147654
0.000147114
0.000151165
0.000149998
0.000148266
0.000152164
0.000152142
0.000151533
0.000152359
0.000152449
0.000153689
0.000154172
0.000155233
0.000157168
0.000158188
0.000157108
0.00015669
0.000157185
0.000163391
0.000162275
0.000162615
0.000162821
0.000161401
0.000160579
0.00015669
0.000157476
0.000157827
0.00015752
0.000158779
0.000160081
0.000153652
0.000152655
0.000153284
0.000153586
0.00015418
0.000154181
0.000152205
0.000154604
0.000154994
0.000150399
0.000149733
0.000151093
0.000142719
0.000142557
0.000142392
0.000143477
0.000142946
0.000142467
0.000150288
0.000149156
0.000144922
0.000146285
0.000147892
0.000146762
0.000146995
0.000148549
0.000143163
0.000142526
0.00014349
0.000143914
0.000143845
0.000146029
0.000146356
0.000147459
0.000147238
0.000145487
0.000144748
0.000147944
0.000151964
0.000149722
0.000151389
0.00015329
0.000153112
0.000152817
0.000153104
0.000153945
0.000155053
0.000155509
0.000157325
0.000159515
0.000158572
0.00016005
0.000157933
0.000159749
0.00016515
0.000164126
0.00016522
0.000165148
0.000163546
0.000162565
0.000160087
0.000159634
0.000159829
0.000160695
0.000162339
0.000154867
0.000154956
0.000153262
0.000154894
0.000155599
0.000156053
0.000153521
0.000156984
0.000150915
0.000150712
0.000153145
0.000143253
0.000143188
0.00014286
0.00014406
0.00014377
0.000142864
0.000151668
0.000151021
0.000145857
0.00014547
0.000147981
0.000149379
0.000147739
0.00014838
0.000149747
0.000142966
0.000143595
0.000143855
0.000144406
0.000144105
0.000146572
0.000146484
0.000148585
0.000147723
0.000146326
0.00014539
0.000144782
0.000149359
0.000153915
0.000150239
0.000152774
0.000155001
0.000154908
0.000154505
0.000155125
0.00015557
0.000157235
0.000158055
0.000159235
0.000160746
0.000160798
0.00016094
0.000162248
0.000160627
0.000161291
0.000165607
0.000165051
0.000166126
0.000166328
0.000163899
0.000163716
0.000160771
0.000161205
0.000161187
0.000160766
0.000162375
0.000163116
0.000157389
0.000155703
0.000156178
0.000156691
0.000155412
0.000157361
0.00015757
0.000158145
0.000155724
0.000158922
0.000152701
0.000152769
0.000154649
0.000143793
0.000143438
0.000143677
0.000143482
0.00014501
0.000144133
0.000143285
0.00015343
0.000151757
0.000151964
0.000146924
0.000146683
0.00014895
0.000148771
0.000150346
0.000149388
0.000149792
0.00015125
0.000143351
0.000143704
0.000143899
0.000144827
0.000144582
0.00014739
0.000147585
0.000149332
0.000149619
0.000148914
0.00014701
0.000145988
0.000145455
0.000155175
0.000155025
0.000151727
0.000154474
0.00015281
0.000156026
0.00015587
0.000155994
0.000156114
0.000157569
0.000158392
0.000158785
0.00015935
0.000161567
0.000163143
0.000163172
0.000161728
0.000162308
0.000163966
0.000162137
0.000163528
0.000168927
0.000167908
0.000166906
0.000168473
0.000168234
0.000166227
0.000165581
0.000163441
0.000163505
0.000163263
0.000162816
0.000163787
0.000165505
0.000157961
0.000158208
0.000156919
0.000158638
0.000158656
0.000158404
0.000158999
0.000158651
0.000160056
0.000157381
0.000160995
0.000154297
0.000153971
0.000156877
0.000144464
0.000144336
0.000144365
0.000144
0.00014554
0.000145028
0.000143744
0.000154742
0.000154026
0.000153683
0.000147918
0.000147572
0.000151178
0.000150251
0.000152402
0.000151592
0.000153
0.00014416
0.000144496
0.000145419
0.00014501
0.000147974
0.000148123
0.000150739
0.000150684
0.000149725
0.00014788
0.000146801
0.000146015
0.000145823
0.000157256
0.000157291
0.000152435
0.000155811
0.000154961
0.000158552
0.000158024
0.000157833
0.000158077
0.000159683
0.000160514
0.00016157
0.000161769
0.000163234
0.000164564
0.000164236
0.000164474
0.000164641
0.000163897
0.00016461
0.000165442
0.00016485
0.00016468
0.000169311
0.000167982
0.000169298
0.000167918
0.000169703
0.000169231
0.000169416
0.000167876
0.000166799
0.000166479
0.000164986
0.000165137
0.000165076
0.000165908
0.000166765
0.000161263
0.000158893
0.000159908
0.000159072
0.000160464
0.000160843
0.000160459
0.000161196
0.000161411
0.000162149
0.00015755
0.000159471
0.00016309
0.000156397
0.000156201
0.0001586
0.000145254
0.000144779
0.000145058
0.000144464
0.000146538
0.000144182
0.000156634
0.00015523
0.000154377
0.000154921
0.000149111
0.000149029
0.000147546
0.000152029
0.000152048
0.000150522
0.000151372
0.00015346
0.000153689
0.000153172
0.000144661
0.000144941
0.000145593
0.000148975
0.0001491
0.000151959
0.000151791
0.000150874
0.000148647
0.000147629
0.000146593
0.000146504
0.000158555
0.000158228
0.000158874
0.000154099
0.000157735
0.000155406
0.000159439
0.000159454
0.00015877
0.000159661
0.000161765
0.000162293
0.000161999
0.000162891
0.000165613
0.000166574
0.00016603
0.000166886
0.000166944
0.000165164
0.000165178
0.000167209
0.000166991
0.000166985
0.000171384
0.000169783
0.000170546
0.000170034
0.000171337
0.000171328
0.000171244
0.000169885
0.000168814
0.000168528
0.000166748
0.000167269
0.000166443
0.000167135
0.000168883
0.00016145
0.000161831
0.000160627
0.000159905
0.000162804
0.000161649
0.000162313
0.000161834
0.000163237
0.000162843
0.000164226
0.000159959
0.000160979
0.000164758
0.000158399
0.000156926
0.000157619
0.000160521
0.000145995
0.000145637
0.000144988
0.000145941
0.000144624
0.000147344
0.000158094
0.000157466
0.000155936
0.000157215
0.000150461
0.000148874
0.000154157
0.000154033
0.000151872
0.000153192
0.000155731
0.000156039
0.000154687
0.000145263
0.000145464
0.000146215
0.000149804
0.00015187
0.000153318
0.000153385
0.000151251
0.000148515
0.000149542
0.0001475
0.000147324
0.000160358
0.000160274
0.000160898
0.000154709
0.000158811
0.000156925
0.000161685
0.00016203
0.000161017
0.000161637
0.000164187
0.00016427
0.00016387
0.000165607
0.000166739
0.000167133
0.00016867
0.000167622
0.000168154
0.000168968
0.000167039
0.000167293
0.000168893
0.000168905
0.000168079
0.000172583
0.00017204
0.000172143
0.00017181
0.000172004
0.00017274
0.000172196
0.000170143
0.000171675
0.000169587
0.000169629
0.000167964
0.000168823
0.000168277
0.000168964
0.000170372
0.000165299
0.000163009
0.000163966
0.000162388
0.000162373
0.000164926
0.000163923
0.000164972
0.000164394
0.000165393
0.000165246
0.000166251
0.000161152
0.00016309
0.000167251
0.000160204
0.000159607
0.000160031
0.000162884
0.000147019
0.000146191
0.000145856
0.000146546
0.000145328
0.000148739
0.000160334
0.000158679
0.000157616
0.000156701
0.00015036
0.00015205
0.000155582
0.000155498
0.000154687
0.000153397
0.000156837
0.000157521
0.000156539
0.000145634
0.000146102
0.000146997
0.000150625
0.000152818
0.00015403
0.000152043
0.000149451
0.000150309
0.000147942
0.00014757
0.000161391
0.000161122
0.000161143
0.000162293
0.000155663
0.000158151
0.000160174
0.000156819
0.000162355
0.000163213
0.000162969
0.000163095
0.00016358
0.000164683
0.000165867
0.000166226
0.000165615
0.000167286
0.000168833
0.000169731
0.000170293
0.00016978
0.000170239
0.000171097
0.000168917
0.000168911
0.000171107
0.000170839
0.000170266
0.000174129
0.000173623
0.00017342
0.000172902
0.000173295
0.000173461
0.000173865
0.000173514
0.000171997
0.000173319
0.000171775
0.000171456
0.00017029
0.00017124
0.000169816
0.000170351
0.000172401
0.000167578
0.000165237
0.000165681
0.000164421
0.000164288
0.000167594
0.000165465
0.000165124
0.000166394
0.000165523
0.000167234
0.000166807
0.000168597
0.000163556
0.000164512
0.000164548
0.00016807
0.000168793
0.000162386
0.000161227
0.000161137
0.000161242
0.000163594
0.000164695
0.00014783
0.000147369
0.000146471
0.000146143
0.000147455
0.000149683
0.000162388
0.000161087
0.000159444
0.000159046
0.000151487
0.000153754
0.000157669
0.000157796
0.000156435
0.000155071
0.00015935
0.000159948
0.000158089
0.000146539
0.000146767
0.000147573
0.000151398
0.000153685
0.000152801
0.000154942
0.000152158
0.000150263
0.000149626
0.000151225
0.000148881
0.000148413
0.000162803
0.000160937
0.000162572
0.000162651
0.000163408
0.000155572
0.000159012
0.000160709
0.000157402
0.000164177
0.000164756
0.000164843
0.000165214
0.000164974
0.000167022
0.000167839
0.000167304
0.000167352
0.000169084
0.000169858
0.000170372
0.00017124
0.000172477
0.000171522
0.000171386
0.000172837
0.000170996
0.000170843
0.000173062
0.00017261
0.000171676
0.000171022
0.000174317
0.000174125
0.000174527
0.000173643
0.00017435
0.000174772
0.000174095
0.000174768
0.000173107
0.00017246
0.000174606
0.000172492
0.000172674
0.000171918
0.00017233
0.000172198
0.000171767
0.000172756
0.000174055
0.000167817
0.000168244
0.000166589
0.000166488
0.000168528
0.000169218
0.000167517
0.000167064
0.000168598
0.000167933
0.000168807
0.000169114
0.000170229
0.000169243
0.000166798
0.00016727
0.000170538
0.000170837
0.000164262
0.000163663
0.000163918
0.000163713
0.000166452
0.000167113
0.000149313
0.000147917
0.000147451
0.000146803
0.000148283
0.000151172
0.000164669
0.000162674
0.000162242
0.000161278
0.000160157
0.00015282
0.000154036
0.00015538
0.000159546
0.000159569
0.000158187
0.0001569
0.000160997
0.000160947
0.000160944
0.000159846
0.000147182
0.000147386
0.000148387
0.000154502
0.000153895
0.000155708
0.000152946
0.000150964
0.00015057
0.000151942
0.000149198
0.000163381
0.000163244
0.000161968
0.000163353
0.00016514
0.000156478
0.000158667
0.000160468
0.000162061
0.000157252
0.000165333
0.000165895
0.000165933
0.000165949
0.000166707
0.00016829
0.000167788
0.000169241
0.000169986
0.000168898
0.000170982
0.000171729
0.000172617
0.000173564
0.00017395
0.000173353
0.000173693
0.000173639
0.000174678
0.000173227
0.000172634
0.000173364
0.000174262
0.000174645
0.00017362
0.000172916
0.000175718
0.000175243
0.000175099
0.000175397
0.000175159
0.000174854
0.000175576
0.000175032
0.000175086
0.000175368
0.000174362
0.000174175
0.000175435
0.000174242
0.000174451
0.000173562
0.000173774
0.00017392
0.000173076
0.000173961
0.000175132
0.000172085
0.000169603
0.000168436
0.000168735
0.000171238
0.000170758
0.000169559
0.000168443
0.000169758
0.000169836
0.000168953
0.000170726
0.000172064
0.000171882
0.000167939
0.000168546
0.000168944
0.00017158
0.000171578
0.000166432
0.000165224
0.000165063
0.00016752
0.000167996
0.000168711
0.000149987
0.000149135
0.000148072
0.000148147
0.000147746
0.000149179
0.000152536
0.000166492
0.0001656
0.000164788
0.000163395
0.000162304
0.000154115
0.000155789
0.000157309
0.000161434
0.000161838
0.000160513
0.000158792
0.000163388
0.000162929
0.000163413
0.000161498
0.000147879
0.000147921
0.00014905
0.00015544
0.000154596
0.000153947
0.000156637
0.000153263
0.000151719
0.000151071
0.000151147
0.000152762
0.000150023
0.000165026
0.000165088
0.000164972
0.000166053
0.000159361
0.000162107
0.000163414
0.000158448
0.000167106
0.000167671
0.000168144
0.000167689
0.000167805
0.000170479
0.000169704
0.000170882
0.000170927
0.000171343
0.000170307
0.000172399
0.000173062
0.000174347
0.000174847
0.000174497
0.000175771
0.000175246
0.000175268
0.000174497
0.000174708
0.0001761
0.000174889
0.000174454
0.00017502
0.000175954
0.000175258
0.000173945
0.000175489
0.00017531
0.000175346
0.000175799
0.000175692
0.000176237
0.000176144
0.000175456
0.000175842
0.000175149
0.000175045
0.000176172
0.000174916
0.000175463
0.000175021
0.000174866
0.000174361
0.000175365
0.000174653
0.000175474
0.000176024
0.000173741
0.000171354
0.000170511
0.000170669
0.000171976
0.000172495
0.000172096
0.000171597
0.00017025
0.000170906
0.000170592
0.000172119
0.000172086
0.000171286
0.000171964
0.000172621
0.000172928
0.000173046
0.000169927
0.000170397
0.000171045
0.000173257
0.000173177
0.00016862
0.000167698
0.000168114
0.0001697
0.000170756
0.000171148
0.000151318
0.000149792
0.000149152
0.000149265
0.000148853
0.00014966
0.000153784
0.000152491
0.000168404
0.000166756
0.00016643
0.000165616
0.00016363
0.0001638
0.000155568
0.000156909
0.000157626
0.000158944
0.000163385
0.000163525
0.000162185
0.000160749
0.00016467
0.00016453
0.000163295
0.00016479
0.00014875
0.000148772
0.000149901
0.000156026
0.000155591
0.000154573
0.000157655
0.000154145
0.00015217
0.000151888
0.000150804
0.000152094
0.000153251
0.000166608
0.000165761
0.000165249
0.000166723
0.000167726
0.000160634
0.00016209
0.000163517
0.000158649
0.000168232
0.000169042
0.000168773
0.000169007
0.000169048
0.000169498
0.000171445
0.000171096
0.000170464
0.000172577
0.000172946
0.000173575
0.000172398
0.00017391
0.000175198
0.000176429
0.000176543
0.000176643
0.000176804
0.000176022
0.000176276
0.000176799
0.000176224
0.000176094
0.000177417
0.000176688
0.000176067
0.000176744
0.00017748
0.000176352
0.000175159
0.000175303
0.000175597
0.000175328
0.000175607
0.000176182
0.000175945
0.000176269
0.000176258
0.000176376
0.000175691
0.000175799
0.000176098
0.000176054
0.00017643
0.000176214
0.000176332
0.000175794
0.000175633
0.000176112
0.000175871
0.000176325
0.000175691
0.000176029
0.000176661
0.000174336
0.000173958
0.000172776
0.00017253
0.000173898
0.000174477
0.00017384
0.000173277
0.000172347
0.000172671
0.000172118
0.000173293
0.000173122
0.000173416
0.000174064
0.000174308
0.000174548
0.000171348
0.000172118
0.000172556
0.000173702
0.000173787
0.000169003
0.000170379
0.000169157
0.000169427
0.000171453
0.000171824
0.000172396
0.000151722
0.000150825
0.000150231
0.000149997
0.000150681
0.0001552
0.000153891
0.000170107
0.000169327
0.00016904
0.000167526
0.000165822
0.000166023
0.000156091
0.000158631
0.000158974
0.000160592
0.000165035
0.000165501
0.000164401
0.000162454
0.000166667
0.000166518
0.000164924
0.000167109
0.000149204
0.000150611
0.000157
0.000156425
0.000155359
0.000157818
0.000154454
0.00015293
0.000152475
0.000151559
0.000152227
0.000154007
0.000167947
0.00016729
0.000166411
0.00016891
0.000168381
0.000169046
0.000161083
0.000163756
0.000165454
0.000159864
0.000169982
0.000170598
0.000170529
0.0001711
0.000170847
0.000170597
0.000173552
0.000172967
0.000172286
0.000174114
0.000173827
0.000174216
0.00017452
0.000175617
0.000176756
0.000177676
0.000177724
0.000177996
0.000177802
0.000177319
0.000177449
0.000177693
0.000177819
0.000177395
0.000178114
0.000177829
0.000177184
0.000177405
0.000177871
0.000178367
0.0001775
0.000176283
0.000174601
0.000175257
0.000174378
0.000175219
0.000175482
0.00017604
0.000176126
0.000176144
0.000176157
0.000176229
0.000176501
0.000175642
0.000175586
0.000176245
0.000176529
0.000176628
0.000176591
0.000176743
0.000176569
0.000176878
0.000176995
0.000176727
0.000177198
0.000176777
0.00017693
0.000177108
0.000174758
0.000174568
0.00017428
0.00017397
0.000174852
0.000175387
0.000174761
0.000174176
0.000173087
0.000173341
0.000173272
0.00017449
0.000174341
0.00017426
0.000174727
0.000174525
0.000174885
0.000175402
0.000173234
0.000173482
0.000174231
0.000174376
0.000174423
0.00017151
0.000172239
0.000171429
0.00017163
0.000173172
0.000173869
0.000173932
0.000152793
0.000151243
0.000151179
0.000150505
0.000151512
0.000155192
0.00015397
0.000171427
0.000170819
0.000170053
0.000170778
0.000169614
0.000167595
0.000167958
0.00015769
0.000158728
0.000160538
0.000162317
0.00016681
0.000165933
0.000167122
0.000165152
0.000164244
0.000168163
0.000168197
0.000166501
0.000168534
0.000150004
0.000151267
0.000150682
0.000157439
0.000156188
0.000155709
0.000159126
0.000155149
0.000153648
0.000153446
0.000151828
0.000152916
0.000154586
0.000169862
0.00016825
0.00016939
0.000170191
0.000170262
0.000170991
0.000162631
0.000163966
0.000165444
0.000166088
0.000160167
0.000171121
0.000171755
0.000172024
0.000172312
0.000172402
0.000172185
0.000174858
0.000173468
0.000174732
0.000173022
0.000175779
0.000175736
0.000176282
0.000176454
0.000177076
0.000178912
0.000179291
0.000179395
0.000179371
0.00017785
0.00017843
0.0001782
0.000178464
0.000177718
0.00017809
0.000178424
0.00017853
0.00017897
0.000179196
0.000178969
0.000178514
0.000179077
0.000179678
0.000177866
0.000177088
0.000174428
0.000173832
0.000174601
0.000174848
0.000175598
0.000175584
0.000175666
0.000175656
0.00017607
0.000176018
0.000176418
0.000174843
0.000174648
0.000176624
0.000176745
0.000176562
0.000176744
0.000176949
0.000176969
0.000177406
0.000177401
0.000177274
0.000177358
0.000176884
0.000177461
0.000177128
0.000177165
0.000177137
0.000174598
0.000174558
0.000174467
0.000175103
0.000175324
0.000175673
0.000176027
0.000175467
0.000175249
0.000174387
0.000174476
0.00017415
0.000174725
0.000174785
0.000174714
0.000174237
0.000174618
0.000175384
0.000175228
0.000175302
0.00017594
0.000174347
0.000174941
0.000175308
0.000174523
0.000174652
0.000172647
0.00017224
0.000173126
0.000173111
0.000172418
0.000173275
0.00017434
0.000175013
0.00017441
0.000175087
0.000153025
0.000152246
0.000152042
0.000151369
0.000152526
0.000156656
0.000155157
0.000172558
0.000172544
0.000172537
0.000172791
0.000171622
0.000169644
0.000169821
0.000158402
0.000160437
0.000161799
0.000164162
0.000168369
0.000168165
0.000169279
0.000167406
0.000166148
0.000170458
0.000169862
0.000168179
0.000170359
0.000151777
0.000151518
0.000158335
0.000156977
0.000156386
0.000159444
0.0001556
0.000154437
0.000154051
0.000152512
0.00015362
0.000153094
0.000155372
0.000171038
0.000170732
0.000169353
0.00017235
0.000172119
0.000171371
0.000172573
0.000162795
0.000166309
0.000167006
0.000168438
0.00016139
0.000173206
0.000173645
0.000174005
0.00017442
0.000174247
0.000173483
0.000176644
0.000175338
0.000176602
0.000174713
0.00017708
0.000176645
0.000176926
0.000177437
0.000177553
0.000178447
0.000179469
0.000179284
0.000180263
0.0001801
0.000179979
0.000178672
0.000178835
0.000178823
0.000178544
0.000178223
0.000179183
0.00017919
0.00017908
0.000179194
0.000179184
0.000180009
0.000179748
0.000179561
0.000179617
0.000180276
0.000177786
0.000178203
0.000173912
0.000173818
0.000171335
0.000173865
0.000174484
0.000174537
0.00017523
0.000175302
0.000175273
0.00017511
0.000175255
0.000175068
0.000176091
0.000174374
0.000173567
0.000176676
0.000176728
0.00017613
0.000176739
0.000177032
0.000176736
0.000177964
0.000177638
0.000177582
0.00017742
0.000177449
0.000177378
0.000177653
0.000177345
0.00017709
0.000176933
0.000174432
0.00017437
0.000174362
0.000174228
0.000175738
0.000176042
0.000176264
0.000176213
0.000176307
0.00017614
0.00017606
0.000174774
0.000174761
0.000175364
0.000175252
0.000175149
0.000174782
0.00017482
0.000175923
0.000175417
0.00017555
0.00017622
0.000176011
0.000175577
0.000175785
0.00017631
0.000174536
0.000174663
0.000174408
0.000173755
0.000174619
0.00017456
0.000174074
0.000175324
0.000175044
0.000175328
0.000176655
0.000175917
0.000176174
0.000154125
0.000152958
0.000152826
0.000152041
0.000151915
0.000157739
0.000156823
0.00015508
0.000156174
0.000174285
0.000174678
0.00017405
0.000174639
0.000173524
0.000171463
0.000171713
0.000159929
0.000161608
0.000160955
0.000163487
0.000164496
0.000166175
0.000170386
0.000169878
0.000168914
0.000170937
0.000168163
0.000171158
0.000172021
0.000169827
0.00017158
0.000171878
0.000152379
0.000158457
0.000156996
0.000157899
0.000156411
0.000160389
0.000155347
0.000154787
0.0001543
0.0001538
0.000156166
0.000173208
0.00017301
0.000171906
0.000173783
0.000173231
0.000173978
0.000173184
0.000174161
0.000163954
0.000167102
0.000169526
0.000170023
0.000161936
0.000174535
0.000175062
0.000175996
0.000176171
0.000176624
0.000175357
0.000178728
0.000176449
0.000175928
0.000178402
0.000178885
0.00017881
0.000179011
0.000179405
0.000179385
0.000179522
0.000179338
0.000179965
0.000182466
0.000181936
0.000182208
0.000178895
0.000178789
0.000178534
0.000178461
0.000179459
0.000179442
0.000179751
0.000179432
0.000181339
0.000181027
0.000180706
0.000181645
0.000177948
0.000178144
0.000173931
0.000172391
0.000165432
0.000173372
0.000173719
0.000173807
0.000174656
0.000174377
0.000174266
0.00017404
0.000174353
0.000174198
0.000174685
0.000175158
0.00017347
0.000173443
0.000173555
0.000176417
0.000176314
0.000175765
0.000176087
0.000176508
0.000176115
0.000178026
0.000177871
0.000177672
0.000177392
0.000177411
0.000177347
0.000177519
0.000177161
0.000176851
0.000176699
0.000176247
0.000174178
0.000174164
0.000174323
0.000173913
0.000176212
0.000176864
0.000176573
0.000176351
0.000176628
0.000176678
0.000176635
0.000176637
0.000175108
0.000174952
0.000175469
0.000175582
0.00017531
0.000175215
0.000174986
0.000174755
0.000176016
0.000175805
0.000175835
0.000176341
0.00017623
0.000176317
0.000176861
0.00017698
0.000174375
0.000174524
0.000174661
0.000175291
0.00017501
0.000176514
0.000175346
0.000177001
0.00017689
0.00017691
0.000176777
0.000177713
0.00017698
0.000154194
0.000153556
0.000152862
0.000152751
0.000159041
0.000158131
0.000156089
0.000157331
0.000175445
0.000175357
0.000176294
0.000176619
0.000175376
0.000173457
0.00017358
0.000160405
0.000163709
0.000162701
0.000164628
0.000166428
0.000168058
0.00017197
0.000172398
0.0001713
0.000173421
0.000170225
0.000173261
0.000173962
0.000171653
0.000173246
0.00017366
0.000153053
0.000159929
0.000158091
0.000158647
0.000157085
0.000160498
0.000161421
0.000156152
0.000155538
0.000155197
0.000154449
0.000154946
0.000153759
0.000156981
0.000174125
0.000174264
0.000174089
0.000177904
0.000176957
0.000176441
0.00017428
0.000176298
0.000163591
0.000165774
0.000170653
0.000172381
0.000173208
0.000177079
0.000177545
0.000178065
0.000178372
0.000178248
0.000177355
0.000177461
0.000180011
0.000179356
0.000178481
0.000178052
0.000179675
0.000179917
0.000179931
0.000180095
0.000180479
0.000180503
0.000182702
0.000186932
0.000186136
0.000186563
0.000179112
0.000180461
0.000178152
0.000179821
0.000180387
0.000180072
0.000182317
0.00018171
0.000185153
0.00018462
0.000184065
0.000185659
0.000178126
0.000177831
0.000130553
0.000173973
0.000169664
0.000157713
0.000172983
0.000173541
0.000173358
0.000174016
0.000173588
0.000173508
0.000173581
0.000173391
0.00017283
0.000172878
0.000172639
0.000173458
0.000174193
0.000173383
0.000174273
0.000173242
0.000175889
0.000175812
0.000174616
0.000175532
0.000175515
0.000175929
0.000175732
0.000178005
0.000177849
0.000177739
0.000177393
0.000177113
0.000177239
0.000176603
0.000176927
0.000175641
0.000175272
0.000175296
0.000173864
0.000173875
0.000174105
0.000174425
0.000176569
0.000177141
0.000177091
0.000176801
0.000176791
0.000176927
0.000176968
0.000176918
0.000177114
0.00017512
0.000175072
0.000175572
0.000175723
0.000175451
0.000175343
0.000174964
0.000174716
0.000175988
0.000176109
0.00017586
0.000176284
0.000176431
0.000176143
0.000177139
0.00017729
0.000177246
0.000177693
0.000174107
0.000174334
0.000174477
0.000177113
0.000177054
0.000177403
0.000177452
0.000177205
0.000177515
0.000178345
0.000177553
0.000177371
0.000177722
0.000177567
0.000178492
0.00017766
0.000154797
0.000154292
0.000153511
0.000153216
0.000153316
0.000159146
0.00015851
0.000157157
0.000156207
0.0001772
0.000177567
0.000177661
0.000176946
0.00017802
0.000177157
0.000175387
0.000175536
0.000161784
0.000164089
0.000163687
0.000166249
0.00016777
0.000166952
0.000170078
0.000174355
0.000174229
0.000173026
0.00017215
0.000175112
0.000171444
0.000170534
0.000174479
0.000174363
0.000175651
0.000173294
0.000174991
0.000175237
0.000160641
0.000158492
0.00015983
0.00015796
0.000162092
0.000162341
0.000157039
0.000156091
0.000155909
0.000155177
0.000155653
0.000154458
0.000157667
0.000176678
0.00017741
0.000177807
0.000179125
0.000179615
0.000179816
0.000179045
0.000176724
0.000177999
0.000164455
0.000167419
0.000172651
0.00017312
0.000175478
0.000175781
0.000178566
0.000178287
0.000179057
0.000180646
0.000180668
0.000180786
0.000180231
0.000178883
0.000183021
0.000182921
0.000179222
0.000182779
0.000183075
0.000183093
0.000183074
0.000182993
0.000182869
0.000187246
0.000189766
0.000186754
0.000188289
0.000181092
0.000168708
0.000179166
0.000166569
0.000183496
0.000182912
0.000174743
0.000172816
0.000183513
0.00018184
0.000180136
0.00018516
0.0001785
0.000177519
0.000149052
5.92592e-05
0.000172423
0.000159173
0.000155257
0.000171914
0.000173245
0.000172722
0.000172316
0.000172109
0.000171815
0.000172146
0.000171504
0.000169949
0.000170813
0.000169714
0.000171471
0.000171651
0.00017306
0.000174191
0.000173134
0.000169955
0.000171074
0.000169244
0.000175128
0.000175002
0.000173532
0.00017438
0.00017409
0.000174677
0.000174501
0.000177209
0.000176905
0.00017632
0.000176041
0.00017577
0.000175713
0.000172893
0.00017473
0.00017415
0.000173639
0.000173822
0.000173927
0.000175158
0.000176415
0.000177596
0.000177675
0.000176636
0.000176927
0.000177172
0.000177149
0.000177304
0.000177433
0.00017517
0.00017498
0.000175492
0.00017562
0.000175775
0.000175357
0.000175183
0.000174765
0.000174485
0.000175925
0.000175845
0.000175856
0.000176133
0.000176268
0.00017607
0.000177758
0.000178023
0.000178107
0.000177934
0.000174115
0.000174342
0.000174407
0.000177984
0.000177802
0.000179023
0.000178809
0.000178143
0.000177686
0.000179253
0.00017941
0.000178543
0.000178578
0.000178734
0.000178447
0.000179041
0.000178753
0.000178318
0.000155554
0.000155057
0.000154159
0.000154029
0.000154139
0.000160561
0.000159541
0.000157733
0.000157141
0.000178369
0.000178261
0.000178376
0.000179358
0.000179314
0.000179487
0.000179126
0.000177368
0.000177268
0.000161838
0.000163243
0.000165705
0.000165454
0.00016772
0.000169098
0.0001686
0.00017139
0.000175738
0.000176548
0.000174964
0.000173968
0.000177786
0.000172647
0.000172464
0.000176682
0.000176486
0.000177527
0.000175253
0.000176626
0.000177014
0.000162067
0.00015949
0.000160302
0.000158754
0.000163357
0.000163987
0.000156965
0.000157705
0.000156448
0.000155835
0.000155142
0.000156302
0.00015468
0.000158481
0.000178878
0.000177669
0.000179515
0.000179309
0.000180643
0.000181921
0.000180287
0.00018272
0.000183324
0.00018285
0.000179977
0.00016662
0.000170957
0.000176902
0.000178002
0.000179704
0.000180236
0.000181132
0.000181288
0.000181211
0.00018244
0.000182469
0.000181715
0.000181425
0.000182491
0.000187729
0.000187608
0.000182621
0.000187436
0.000187817
0.000187849
0.000187818
0.000187697
0.000187505
0.000191171
0.000156079
0.000146364
0.000151085
0.000170796
0.00012024
0.000164407
0.000120847
0.000178391
0.000176602
0.000123288
0.000121629
0.000137917
0.000134255
0.000130955
0.000141987
0.000162251
0.000177826
0.000124947
0.000221824
0.000170761
0.000153076
0.000142846
0.00017148
0.000168211
0.000171347
0.000171362
0.000170212
0.000169323
0.000170186
0.000169929
0.000168035
0.000167199
0.000167652
0.000163652
0.000166728
0.000164458
0.000171699
0.000172865
0.000168076
0.000156857
0.000160442
0.000153683
0.000173519
0.000173639
0.000171907
0.000173096
0.000173446
0.000172757
0.000173609
0.000177146
0.00017646
0.000175069
0.000174358
0.000153719
0.000173636
0.000145255
0.000172144
0.000171369
0.000173431
0.000173526
0.000173636
0.000165366
0.000173712
0.000176031
0.000177769
0.000177675
0.00017577
0.000173612
0.000176714
0.000177327
0.000177038
0.000177427
0.000174956
0.000174926
0.000175231
0.000175374
0.000175611
0.000175156
0.000174963
0.000174498
0.000174291
0.000175862
0.000175357
0.000175597
0.000175842
0.000175342
0.000175654
0.00017826
0.000178332
0.000178536
0.00017848
0.000173953
0.00017424
0.000174241
0.000178947
0.000179035
0.000179988
0.000179543
0.000179415
0.000179434
0.000179993
0.000180244
0.00017921
0.000179377
0.000178804
0.000180316
0.000180008
0.000155686
0.000154932
0.000154442
0.000154478
0.000160743
0.00015955
0.000158684
0.00015716
0.000179617
0.000179774
0.000179721
0.000180384
0.000180465
0.000180539
0.00017922
0.000177743
0.00017918
0.000162954
0.000164601
0.000167165
0.000166543
0.000167895
0.000169063
0.00017073
0.000173287
0.000178099
0.000178308
0.000177502
0.000175297
0.000177019
0.000174897
0.000178771
0.000178736
0.000174191
0.000174291
0.000177732
0.000177362
0.000177587
0.000179206
0.000176642
0.000178516
0.000178613
0.00016296
0.000163203
0.000160172
0.000161533
0.000159802
0.000165092
0.000165456
0.000157566
0.000158685
0.000157206
0.000156624
0.000155857
0.000157087
0.000155475
0.000158983
0.000180725
0.00017972
0.000183782
0.000183233
0.000183669
0.000184266
0.00018334
0.000185262
0.000185739
0.000186231
0.000181111
0.000168247
0.00017331
0.000179812
0.000179475
0.000180988
0.000182883
0.00018263
0.000182686
0.000182654
0.000185563
0.000185795
0.000185308
0.000185108
0.000186954
0.000197422
0.000198094
0.000187222
0.000198644
0.000196646
0.000195771
0.000194789
0.000193694
0.000192484
0.000161295
0.000146294
0.000186244
0.000164162
0.00012055
0.000696764
0.000122503
0.000781266
0.000128023
0.000125451
0.000480049
0.000545792
0.000243806
0.000279867
0.000321108
0.0002127
0.000125335
0.000160098
0.0024459
5.84499e-05
0.000981105
0.000160138
0.000130368
0.000114378
0.000168274
0.000161323
0.000166172
0.000169519
0.000163906
0.000165059
0.000166628
0.000165034
0.000160968
0.000160469
0.000160991
0.000157723
0.000155763
0.000159204
0.000167243
0.000154399
0.000147205
0.000144081
0.000147967
0.000139444
0.000172266
0.00016602
0.000168954
0.000169768
0.000168091
0.000170578
0.000157957
0.00015583
0.000151596
0.000149473
0.000150128
0.000147354
0.000201008
0.000143242
0.000141301
0.000172386
0.000173668
0.000173272
0.000148237
0.000171099
0.000178175
0.000177882
0.00017288
0.000145847
0.00017434
0.000177306
0.000175047
0.000177591
0.000174639
0.00017463
0.000175066
0.000175007
0.000175111
0.000174988
0.000175253
0.000174908
0.00017458
0.000174401
0.000174276
0.000173866
0.000175522
0.000174186
0.000174636
0.000175439
0.00017487
0.000172119
0.00017879
0.00017909
0.0001794
0.00017845
0.000173487
0.000173948
0.000174055
0.0001796
0.000181806
0.000181513
0.000180292
0.000182082
0.00018235
0.000180624
0.000180924
0.000179708
0.000182231
0.000181636
0.000156429
0.000155486
0.000155232
0.000155328
0.000161726
0.000160538
0.000159106
0.000157942
0.000180562
0.000180428
0.000183338
0.000183413
0.000183203
0.000180576
0.000179561
0.000180426
0.000164428
0.000162972
0.000166318
0.000168617
0.00016852
0.000169592
0.000170561
0.000172214
0.00017491
0.00017474
0.000179071
0.000179223
0.00018079
0.000180768
0.00017762
0.000179039
0.000177007
0.000181726
0.00018124
0.000176162
0.00017649
0.000179362
0.000179078
0.000179005
0.000180444
0.000178571
0.000179763
0.000179825
0.000164755
0.000162595
0.000164802
0.000161595
0.000160362
0.000166472
0.000167561
0.000158316
0.000159252
0.000157741
0.000157326
0.000156578
0.000156067
0.000157678
0.000155792
0.000159993
0.000185153
0.000186048
0.000191267
0.000192475
0.000193603
0.000194565
0.000195347
0.000185007
0.000171402
0.000177299
0.000184636
0.000179469
0.000183837
0.00018611
0.000190189
0.000186064
0.000186366
0.000186654
0.000198715
0.000199012
0.00019834
0.000197908
0.000199319
0.000189582
0.000193117
0.000199064
0.000196419
0.000185752
0.000181537
0.000176882
0.000171861
0.000166578
0.000132379
0.00183787
0.00221234
0.00202198
0.000618061
0.00428136
0.00087128
0.00448789
0.000368039
0.000420906
0.00365023
0.00386139
0.00260845
0.00281245
0.00301977
0.0024079
0.000966611
0.000129411
0.00308955
1.08228e-05
0.0014397
0.000140774
0.000118292
0.000124532
0.000160248
0.000153679
0.00013928
0.000151612
0.000159867
0.000141803
0.000157596
0.000158242
0.00015842
0.000147698
0.00015353
0.000153694
0.000129099
0.000128519
0.000129741
0.000130611
0.000141711
0.000119486
0.000113593
0.000122059
0.000121469
0.00016736
0.000131664
0.000135912
0.000137614
0.000134344
0.000139423
0.00013486
0.000141721
0.000160177
0.00017197
0.00139174
0.000185546
0.00186469
0.000218302
0.00023742
0.000171558
0.000167892
0.000171425
0.00017318
0.000171529
0.000175236
7.31842e-05
0.00014896
0.000177785
0.000177113
0.000143855
0.000201747
0.00014793
0.000175746
0.00015004
0.000176435
0.000173812
0.000174122
0.000174731
0.000174224
0.000174193
0.000173998
0.000174468
0.000174431
0.000174198
0.000173648
0.000173851
0.000172935
0.000174895
0.000169759
0.000170555
0.000174764
0.000171346
0.000141931
0.000179109
0.000179759
0.000180398
0.00016067
0.000172483
0.000173432
0.00017299
0.000181222
0.000185038
0.000184505
0.000182613
0.000185552
0.000186033
0.000182815
0.000183391
0.000181024
0.00017339
0.000171378
0.000156935
0.000156149
0.000155657
0.000161651
0.000160726
0.000159991
0.000158618
0.000157907
0.000182844
0.000183035
0.00018773
0.000187875
0.00018344
0.000187519
0.000183404
0.000165812
0.000164271
0.000167959
0.000170125
0.000170277
0.000170936
0.000172033
0.000174264
0.000178302
0.000178094
0.000181273
0.000182487
0.000182664
0.000182449
0.000178193
0.000178847
0.000180974
0.00017779
0.000182635
0.000178878
0.000180047
0.000179907
0.000183331
0.000182673
0.000182874
0.000165381
0.000164181
0.000166772
0.000162104
0.000161627
0.000169104
0.000169263
0.000158829
0.0001589
0.000160313
0.000158566
0.000158122
0.000157443
0.000156748
0.00015878
0.000156793
0.000160773
0.000196753
0.000196046
0.000203512
0.000204784
0.000205903
0.000206858
0.000207609
0.000197386
0.000173903
0.000178723
0.00018735
0.000183228
0.00018869
0.000190006
0.000202161
0.000199232
0.00019937
0.000199421
0.000208368
0.000207878
0.000208659
0.000208805
0.000202074
0.000114366
0.000118311
0.00019943
0.000123747
0.000111897
0.000110978
0.000112026
0.000115585
0.000122233
0.0016594
0.00812997
0.00861263
0.00838679
0.00407224
0.00933475
0.00469073
0.00931759
0.00322856
0.00343899
0.00933829
0.00934843
0.00896632
0.00909489
0.00919313
0.00880572
0.00488917
0.00106664
0.00598368
0.00655976
0.000122205
0.00321957
0.000112892
0.00010816
0.000147268
0.000125678
0.000118946
0.00013886
0.000126315
0.000136225
0.000151934
0.000102507
0.000128629
0.000126681
0.000478757
0.000510352
0.000447745
0.000417335
0.000110321
0.000116608
0.00012438
0.0001177
0.000118757
0.000119342
0.000131502
0.000132914
0.000387705
0.000305627
0.000281123
0.000331617
0.000258372
0.00117102
0.00127959
0.00150711
0.0016248
0.00556141
0.00174434
0.00602153
0.00198495
0.00210452
0.000164739
0.000160628
0.000162538
0.000171796
0.000169934
0.00231304
0.000366971
8.39965e-05
0.000120206
0.000158535
0.000156404
0.000219
0.00187025
0.000186269
0.000152165
0.000172678
0.000154291
0.000172574
0.00017314
0.000173882
0.000173975
0.000172903
0.000172999
0.000173055
0.000173538
0.000172923
0.000173159
0.000171528
0.000169136
0.000173738
0.000136589
0.000168916
0.000138275
0.000140065
0.000238095
0.000162811
0.000164974
0.000167145
0.000129937
0.000170174
0.000171705
0.000171031
0.000183954
0.000182419
0.000180713
0.000186482
0.000184093
0.000185733
0.000175316
0.000177166
0.000169287
0.000122006
0.000120955
0.000156712
0.000156716
0.000156496
0.000162693
0.000161908
0.000160254
0.000159462
0.000158405
0.000186891
0.000187237
0.00019305
0.000194243
0.000187936
0.000191746
0.000187941
0.000167966
0.000165819
0.000164784
0.000170046
0.000172336
0.000172657
0.00017308
0.000174374
0.000175736
0.000180303
0.000178979
0.000182589
0.000186953
0.000186149
0.000185863
0.000180375
0.000181
0.00018252
0.000179651
0.000186455
0.000180032
0.000183207
0.000183052
0.000187864
0.000187188
0.000187395
0.000167799
0.000164592
0.000169791
0.000163624
0.000162553
0.000172195
0.000172789
0.000159893
0.000159926
0.000160516
0.000159199
0.000159159
0.000158171
0.00015752
0.000157307
0.000157145
0.000161974
0.000208627
0.000208218
0.000225435
0.00022276
0.000218979
0.000214355
0.000209295
0.000208808
0.000176994
0.000181483
0.000197897
0.000185293
0.000199381
0.000200751
0.000226924
0.000207109
0.000205921
0.000204263
0.000178169
0.000171441
0.000184129
0.000189458
0.000138505
0.000800389
0.000698404
0.000130573
0.000604701
0.000912668
0.00103716
0.00117535
0.00132647
0.00148874
0.0078438
0.00711929
0.00711151
0.00710792
0.00934627
0.0073003
0.00929638
0.00729511
0.00926392
0.00931112
0.00728072
0.00729382
0.0071499
0.00717827
0.0072081
0.00712676
0.00507718
0.00927325
0.00623648
0.00620949
0.000375444
0.00611097
0.00131539
0.000121251
0.00016516
0.000118916
0.000123225
0.000115439
0.000108732
0.000131614
0.000155792
0.000118077
0.000134194
0.000640249
0.000214529
0.000542297
0.000574682
0.00307338
0.00316316
0.00297955
0.00288188
0.000111153
0.000110275
0.000141068
0.00017202
0.000151026
0.000154697
0.000146097
0.000245343
0.000359053
0.00278015
0.00245417
0.00233969
0.002566
0.00222289
0.00525232
0.00541385
0.00569546
0.00581651
0.00918826
0.00592478
0.00610703
0.00912473
0.00618247
0.000127166
0.000153419
0.000164209
0.00247312
0.000911838
9.73837e-05
0.000119581
0.000135414
0.000142311
0.00199047
0.0060286
0.00174981
0.00016085
0.00163014
0.000150753
0.000169736
0.000170821
0.000170864
0.000171094
0.000171561
0.000165974
0.000166883
0.00016814
0.000168205
0.000169638
0.000170184
0.000171955
0.000166264
0.000160884
0.000306129
0.000135042
0.000281704
0.000259019
0.00211
0.000125827
0.000122963
0.000121288
0.00107062
0.000164389
0.000168467
0.000166383
0.000178964
0.000134632
0.000131323
0.000187328
0.0001383
0.00014231
0.000123654
0.000125795
0.000120661
0.000548255
0.000620608
0.000157564
0.000157594
0.000162841
0.000164259
0.000162314
0.000161334
0.000159773
0.000159319
0.000158212
0.000188865
0.000190347
0.000167067
0.000172232
0.000195329
0.000161786
0.000196297
0.000170467
0.000167185
0.000167195
0.000172392
0.000173958
0.000173463
0.000174962
0.000174976
0.000178703
0.000183525
0.000180042
0.000186688
0.000199571
0.000199462
0.000199241
0.000185524
0.000181273
0.000181754
0.000199612
0.000180686
0.000187742
0.000187579
0.000197151
0.000199359
0.000198998
0.000169338
0.000168462
0.000166832
0.000170353
0.000171782
0.000164881
0.000163999
0.000174413
0.000175608
0.000160538
0.000161785
0.000159996
0.000159844
0.000159253
0.000158086
0.000157961
0.000157849
0.000162362
0.000199302
0.000204333
0.000194439
0.000179588
0.000165914
0.000154856
0.00014782
0.000194399
0.000179161
0.000183332
0.000224577
0.000195854
0.000226381
0.000227246
0.000209561
0.000163919
0.000155668
0.000147095
0.000206034
0.000235531
0.000183259
0.000166297
0.000441942
0.00575391
0.00538455
0.000519037
0.00501758
0.00612342
0.00648991
0.00684983
0.0071988
0.00753181
0.00714798
0.00730019
0.00728641
0.00723664
0.00726147
0.00925069
0.00727558
0.00730018
0.00574874
0.00603199
0.00803455
0.00441769
0.00125523
0.000180295
0.000339876
0.000166468
0.000106389
0.000103382
0.000117783
0.000133868
0.000214482
0.000223411
0.000607368
0.00348227
0.000674286
0.00324871
0.00333017
0.00655941
0.00657809
0.00653702
0.00651047
0.000120696
0.000127869
0.000264089
0.000241129
0.000268831
0.00027761
0.000781313
0.00267469
0.00647969
0.00635954
0.00630793
0.00640495
0.00624908
0.0092287
0.00920751
0.00917024
0.00915379
0.00722901
0.00913893
0.00911136
0.00717792
0.00909879
0.000120145
0.000135856
0.000153942
0.000157001
0.00685088
0.00551693
0.00121887
7.82395e-05
0.000109976
0.00117523
0.00128412
0.00611389
0.00913518
0.00593204
0.00151217
0.0058239
0.00139651
0.000165603
0.000168043
0.000165975
0.000168371
0.000169395
0.000166664
0.000168916
0.000160072
0.000132393
0.000131359
0.000133626
0.000161259
0.000163107
0.000161268
0.000153856
0.000149616
0.00245947
0.000332003
0.00234508
0.00222835
0.0061892
0.000970375
0.000874787
0.000784405
0.0050845
0.000155985
0.000158525
0.000157563
0.000128371
0.000281386
0.000322781
0.000146705
0.000245189
0.000214046
0.000482352
0.000423051
0.000699542
0.00386717
0.00407803
0.000158131
0.000164714
0.000165617
0.000163875
0.000161274
0.000159884
0.000159258
0.000151486
0.000156559
0.000123142
0.000116428
0.000177236
0.000133298
0.00018191
0.000173138
0.000170549
0.000169007
0.000175145
0.000176419
0.000176484
0.00017756
0.000177895
0.000180577
0.00018593
0.000185855
0.0001849
0.000199649
0.000202171
0.000207105
0.000207986
0.000198921
0.000185222
0.000184994
0.000205849
0.000184847
0.000197887
0.000198503
0.000186276
0.000199777
0.000196982
0.000171049
0.000169497
0.000167726
0.000172992
0.000173112
0.000166295
0.000164457
0.000176
0.000178487
0.000161555
0.000162836
0.000161271
0.000160963
0.000159769
0.000158886
0.000158757
0.000158826
0.000163639
0.000147745
0.000145449
0.000867817
0.00104168
0.00122715
0.00141921
0.0016112
0.000154688
0.000193807
0.000237028
0.000222039
0.000232588
0.000222947
0.000710813
0.00027238
0.000318661
0.000374778
0.00283931
0.00309093
0.0026037
0.00238259
0.00430744
0.00773148
0.00791872
0.00465721
0.00813571
0.00757547
0.00744801
0.00734432
0.00726063
0.00719517
0.00726397
0.00666632
0.00494158
0.005576
0.0060957
0.00874779
0.00680217
0.0043867
0.00115653
0.00699793
0.000316199
0.000302183
0.000117524
0.000123369
0.000161601
0.000744793
0.000709004
0.00340786
0.00663151
0.00355363
0.00659395
0.0066079
0.00898227
0.00896837
0.00899561
0.00900894
0.000162565
0.000175943
0.000855593
0.000817955
0.000893875
0.000933462
0.00375269
0.00644487
0.00902234
0.0090612
0.00907382
0.00904842
0.00908641
0.00725232
0.00724073
0.00721726
0.00720483
0.00719185
0.00716319
0.00714792
0.000189251
0.000125034
0.000117958
0.000116038
0.000132072
0.000137088
0.0065476
0.00638382
5.146e-05
0.00321047
0.000166522
0.00525964
0.00542122
0.00912213
0.00718846
0.0091491
0.00570286
0.00916373
0.0055688
0.000159508
0.000158058
0.00015934
0.000163246
0.000163672
0.000157437
0.000162221
0.000130504
0.000387811
0.00041725
0.000359319
0.000155184
0.00015508
0.000143234
0.000130111
0.000122665
0.00636598
0.00257115
0.00631446
0.00625572
0.00910988
0.00489645
0.00469779
0.00449444
0.00925964
0.000133895
0.000144145
0.000141993
0.000369927
0.00281656
0.00302403
0.00018742
0.00261232
0.00241231
0.00365573
0.00344453
0.00428742
0.00935654
0.0093544
0.000158873
0.000165216
0.000167955
0.000164683
0.00016187
0.000161044
0.000159507
0.000165241
0.000147238
0.00148991
0.00132941
0.000112749
0.00166057
0.000111671
0.000177372
0.000173298
0.000172051
0.000169315
0.000179431
0.000178594
0.000177777
0.000178438
0.000181165
0.000179942
0.000183535
0.000195878
0.00019504
0.000196692
0.000204218
0.000138698
0.000161676
0.00016948
0.000208585
0.000198521
0.000198029
0.00015379
0.000197436
0.000190224
0.000193811
0.00011281
0.000131749
0.000125444
0.000172388
0.000174135
0.000170392
0.000168399
0.000177045
0.000167198
0.000165973
0.000179766
0.00016194
0.000162559
0.000164705
0.000161704
0.000161958
0.000160608
0.00015934
0.000159247
0.000159322
0.000165276
0.00198856
0.00179983
0.00905144
0.00970003
0.010196
0.0105316
0.0107132
0.00218083
0.000219099
0.000191715
0.000235933
0.000383497
0.000464862
0.000574413
0.00827345
0.00336302
0.00365665
0.00397204
0.00992342
0.00967468
0.0101615
0.010382
0.008633
0.00837654
0.00338207
0.00545519
0.00458265
0.00681761
0.00673563
0.00859477
0.00687823
0.00428588
0.00110736
0.00757211
0.00792254
0.000165451
0.00021165
0.00368858
0.00362238
0.00662018
0.00664252
0.00890933
0.00895426
0.00893974
0.00699262
0.00697631
0.00700955
0.00702695
0.000289206
0.000288183
0.00387588
0.00381519
0.00393568
0.00399427
0.000974901
0.00667526
0.00903544
0.00704497
0.0070985
0.00711567
0.00708094
0.00713208
0.000318688
0.000155423
0.000106718
0.000116385
0.00012679
0.000127998
0.00613594
0.00672601
0.00732978
0.00597289
0.000457485
0.00613384
0.00130755
0.00923775
0.0092171
0.0071743
0.00720196
0.00917997
0.00721463
0.00919781
0.000152013
0.000149991
0.000155215
0.00013964
0.000156541
0.000129885
0.00044743
0.00278496
0.00288647
0.0026797
0.000129406
0.000127694
0.000130573
0.000128602
0.000125596
0.000124697
0.000128308
0.00641128
0.00907319
0.0090855
0.0090978
0.00715969
0.009282
0.0093048
0.00932597
0.00727206
0.000121219
0.000124625
0.000121124
0.00323338
0.00910328
0.00920143
0.00221652
0.00897521
0.00881487
0.00934617
0.00931914
0.00934297
0.00730023
0.00730701
0.000166964
0.000169686
0.000164156
0.000166945
0.000163096
0.000161403
0.000160516
0.00202524
0.00183927
0.00754166
0.00720916
0.0011786
0.00785303
0.00104001
0.000179486
0.000180408
0.000177239
0.00017456
0.000173229
0.000182285
0.000181947
0.000182127
0.000181698
0.00018377
0.000183267
0.00018579
0.000208016
0.000207244
0.000194173
0.0002086
0.000146145
0.00044463
0.000281299
0.00024329
0.000177083
0.00020893
0.000209037
0.000327162
0.000208933
0.000115711
0.000120062
0.000912552
0.000517234
0.000599725
0.000183388
0.000186615
0.000179719
0.000168645
0.000189187
0.00016741
0.000166836
0.000163696
0.000164305
0.00016506
0.00016397
0.000164215
0.000162463
0.000160177
0.000161902
0.000160562
0.00016015
0.0107048
0.0107616
0.0105702
0.000215643
0.000232296
0.000329649
0.00556822
0.00648462
0.00740234
0.00942052
0.00916032
0.00889644
0.0031337
0.00214131
0.00407139
0.00556081
0.00733504
0.00636547
0.0086395
0.00682642
0.00422702
0.00106043
0.00795601
0.000294546
0.00666403
0.00665315
0.00892477
0.00889369
0.00691264
0.00696044
0.00694483
0.00101697
0.00669945
0.00668682
0.00671283
0.00672749
0.00405269
0.0088445
0.00706298
0.00124508
0.000314272
0.000128923
0.000109183
0.000112696
0.00011527
0.00827364
0.00705884
0.00669702
0.00509567
0.00627299
0.0080519
0.00441698
0.0072608
0.00724964
0.00722681
0.00723827
0.000134267
0.000106539
0.000154146
0.000112987
0.000129335
0.000478197
0.00298386
0.00648588
0.00651658
0.00645114
0.000541128
0.000573142
0.000134183
0.000136333
0.00014053
0.000142677
0.000171293
0.00906073
0.00711232
0.0071288
0.00714453
0.00728348
0.0072942
0.00730269
0.000122392
0.000114612
0.000119196
0.00927204
0.00718422
0.00721458
0.00862164
0.0071557
0.0071321
0.00728694
0.00726775
0.00730757
0.000167883
0.000169037
0.000173309
0.000165314
0.000168425
0.000163797
0.000162425
0.000160805
0.00839602
0.00813877
0.00719869
0.00726367
0.00685936
0.00715325
0.00649779
0.000185401
0.000179211
0.000184832
0.000179352
0.000177774
0.000175032
0.000189575
0.000184772
0.000184011
0.000190749
0.000208527
0.000213237
0.000206382
0.000193144
0.000203233
0.000381172
0.00432688
0.00339356
0.00311574
0.000212318
0.00018436
0.000191174
0.00368795
0.000197423
0.00079695
0.000692678
0.00612877
0.00466929
0.00502357
0.000201938
0.000207156
0.000196344
0.000176963
0.000211624
0.00017471
0.000172346
0.000164335
0.000164202
0.000170431
0.000164816
0.000164336
0.000161159
0.00016278
0.00016145
0.000160908
0.000229469
0.000298374
0.00469451
0.00400325
0.00203732
0.00102865
0.00627193
0.00755191
0.00781658
0.00654222
0.00868568
0.00680489
0.00416853
0.00886127
0.00887732
0.00692899
0.00689547
0.00411075
0.00881101
0.0088278
0.00879416
0.00674427
0.0087768
0.00683662
0.00438407
0.00114777
0.000187514
0.000126848
0.000122453
0.000123047
0.00892027
0.00872732
0.00551432
0.00360665
0.00531
0.00780145
0.00681467
0.00877544
0.000605443
0.000204726
0.000637921
0.000226739
0.000509523
0.00307743
0.00654304
0.00903529
0.00902223
0.00904806
0.00325194
0.00333292
0.000233017
0.000237456
0.000244037
0.000240475
0.000140863
0.00709549
0.000159844
0.000144001
0.00724305
0.00711728
0.000170836
0.000171693
0.000175412
0.00016749
0.000165312
0.000170225
0.000163616
0.000162681
0.000161727
0.00711427
0.0071256
0.00734911
0.00745639
0.000188666
0.000184026
0.000189408
0.000182595
0.00018036
0.000179763
0.000202096
0.000191998
0.000203306
0.000154739
0.00015889
0.000217556
0.000205431
0.000154949
0.00399886
0.00858469
0.00939863
0.00968034
0.00285308
0.000188262
0.000170947
0.00911812
0.000160179
0.00575709
0.00538723
0.00758624
0.00834087
0.00811729
0.000221001
0.000223867
0.000217878
0.000190069
0.000226605
0.000183506
0.000179222
0.00016972
0.000169656
0.000176375
0.000169924
0.000164834
0.000162289
0.000164779
0.000162895
0.000161973
0.000282348
0.00389463
0.00481239
0.00275072
0.00181069
0.00660623
0.00776743
0.00787459
0.00795364
0.00653504
0.00870134
0.00678436
0.00794638
0.00802934
0.0082125
0.00685772
0.00687727
0.00676263
0.00678919
0.00681376
0.00676257
0.00875985
0.00673398
0.00688654
0.00428159
0.001099
0.000284602
0.000170472
0.000158264
0.000163693
0.00888061
0.00881574
0.0041464
0.00237195
0.003632
0.00645353
0.00832476
0.00861762
0.00676736
0.00341017
0.000671535
0.00348412
0.000705545
0.00316684
0.00656536
0.00900925
0.00706104
0.00704382
0.00707828
0.00659974
0.00661359
0.000740691
0.000776149
0.000812584
0.000849342
0.000258741
0.000276788
0.000262561
0.000171841
0.000173769
0.000177782
0.00016893
0.000167046
0.000171556
0.000165426
0.000164166
0.000199622
0.00018682
0.000200844
0.000185329
0.000182128
0.000226319
0.000204391
0.000225386
0.00174624
0.00155698
0.00016675
0.000221003
0.00194215
0.00884498
0.00995963
0.00260283
0.00236418
0.00214705
0.00773975
0.00791682
0.000268843
0.000270292
0.000214376
0.000269154
0.000274261
0.00021074
0.000207492
0.000174529
0.000174986
0.000204537
0.000170344
0.000175144
0.000164043
0.00016525
0.000163497
0.000164593
0.000163098
0.00319042
0.00530515
0.00336669
0.00254182
0.00689501
0.00804344
0.00796115
0.00659504
0.00872508
0.00813179
0.008415
0.00874124
0.00670235
0.00683249
0.00866269
0.00422277
0.00105133
0.000286864
0.00027989
0.00881544
0.00878192
0.00116941
0.0023513
0.00467635
0.00726206
0.00843914
0.00640346
0.00662578
0.00355499
0.00663699
0.0036232
0.00658397
0.00899627
0.00702724
0.00896901
0.00895489
0.00368887
0.00375238
0.0038143
0.00387436
0.000887633
0.000966888
0.000926368
0.000173318
0.000175591
0.000179774
0.0001696
0.000166988
0.000174627
0.000172393
0.000165584
0.000164485
0.00022562
0.000197915
0.00022644
0.000196106
0.000194148
0.00021216
0.000223594
0.000200043
0.010823
0.0107489
0.00137087
0.000176919
0.0107852
0.0102255
0.0104646
0.0106584
0.00171021
0.00210609
0.000270403
0.00138458
0.00259407
0.000272014
0.000273448
0.000198329
0.000201507
0.000274062
0.000170886
0.000176451
0.000198398
0.000165382
0.000166055
0.00570139
0.00387391
0.00312731
0.00719404
0.00838737
0.00662935
0.00861127
0.00666959
0.00680966
0.00870795
0.00657905
0.00416456
0.00100887
0.0087756
0.00875527
0.00887547
0.00877451
0.00878528
0.00198323
0.00320751
0.00566492
0.00760748
0.00860271
0.00894032
0.00664784
0.00892528
0.00665827
0.00898274
0.00701118
0.00698077
0.0069661
0.00666896
0.00667998
0.00669135
0.0067038
0.0039336
0.00404962
0.00399168
0.000176911
0.000191633
0.000170134
0.000168062
0.000185673
0.00018231
0.000166837
0.00016568
0.000231944
0.000223903
0.000223362
0.000221564
0.000218678
0.000727673
0.000188318
0.000869948
0.0105401
0.00119339
0.00109278
0.000847253
0.000645773
0.000270232
0.000272907
0.000486711
0.000172112
0.000178388
0.000202083
0.000269704
0.00606151
0.00432638
0.00359877
0.00756761
0.00875133
0.00884124
0.00890318
0.00927037
0.00678853
0.00872308
0.00657192
0.00410726
0.00910159
0.00881476
0.00917883
0.0028867
0.00397726
0.00625094
0.00786689
0.00695122
0.00891004
0.00693587
0.0088941
0.00699574
0.00887849
0.00886217
0.00884594
0.00671707
0.00882964
0.00674838
0.00673166
0.000188732
0.0002153
0.000178735
0.000168627
0.00020717
0.000202368
0.000167388
0.000493725
0.000237445
0.000600275
0.000238668
0.000235158
0.00826662
0.00102634
0.00903385
0.0101848
0.000301827
0.000369843
0.000173959
0.000181298
0.000206229
0.000271919
0.000301998
0.00645008
0.00474365
0.00392613
0.0079551
0.00911663
0.00915048
0.00950585
0.00676672
0.0087462
0.00663128
0.0090967
0.00813559
0.00939217
0.00361429
0.00460955
0.006711
0.00946834
0.0069197
0.00690253
0.00688405
0.00686405
0.00684232
0.00881328
0.00681892
0.00877996
0.00879642
0.000211452
0.000232231
0.000197254
0.000176207
0.000226715
0.000223868
0.00650556
0.000407945
0.00740977
0.000344703
0.000307729
0.00968036
0.000185466
0.000210024
0.00027342
0.00036971
0.00684825
0.00515585
0.00414507
0.00828848
0.00938057
0.00876184
0.00666468
0.00852814
0.00944414
0.00712591
0.00420042
0.00517353
0.00960758
0.00967593
0.00679347
0.00673555
0.00676604
0.000229457
0.000285841
0.000220731
0.000191562
0.000271939
0.000270303
0.00559709
0.00472478
0.00392169
0.000213657
0.000273792
0.000487329
0.00721024
0.0055688
0.00427085
0.00846072
0.00940447
0.0099055
0.00997492
0.0067039
0.00759333
0.00896836
0.00978897
0.00569511
0.00461683
0.00998466
0.000277247
0.00321012
0.000270428
0.000217292
0.00210974
0.00171203
0.000273092
0.000647739
0.00746365
0.00597931
0.00432434
0.00831936
0.00873304
0.00964473
0.00621299
0.00810089
0.00939595
0.010121
0.00490114
0.0104031
0.0026042
0.00138618
0.000271772
0.000850056
0.0075285
0.0063796
0.00432019
0.00770396
0.00723892
0.00916361
0.00507185
0.00673483
0.00859999
0.0097236
0.0102985
0.00109544
0.00736819
0.00673622
0.00425238
0.00684809
0.0059121
0.00786963
0.00696175
0.00515116
0.00725134
0.00900796
0.00978382
0.00993952
0.010424
0.0071419
0.00705071
0.00414625
0.00631844
0.00608864
0.00586801
0.00515186
0.0077435
0.00919463
0.00934742
0.00883747
0.0101439
0.0071047
0.00731542
0.00398813
0.00660656
0.00587722
0.00747286
0.00525725
0.00505799
0.00812537
0.00902923
0.00854166
0.00920215
0.00739742
0.00754453
0.00379519
0.00755036
0.00677575
0.00758334
0.00488251
0.00834904
0.00859208
0.00848533
0.00798389
0.00779439
0.00356838
0.0046034
0.00835677
0.00813688
0.00345375
0.00423524
0.00381873
)
;

boundaryField
{
    flap
    {
        type            fixedValue;
        value           nonuniform List<scalar> 0();
    }
    freestream
    {
        type            fixedValue;
        value           uniform 3.75e-05;
    }
    main
    {
        type            fixedValue;
        value           uniform 0;
    }
    BaseAndTop
    {
        type            empty;
    }
    procBoundary0to1
    {
        type            processor;
        value           nonuniform List<scalar> 
150
(
0.000153186
0.000151646
0.000145212
0.000170085
0.00018679
0.000170085
0.000146242
0.000192978
0.000141014
0.000221938
0.000137962
0.00030347
0.00013684
0.000135582
0.000158919
0.000158919
0.000169175
0.000150992
0.000139162
0.000149566
0.000136739
0.000134601
0.000185969
0.000183098
0.000137777
0.000134766
0.000247877
0.000138189
0.000137111
0.000134906
0.000365739
0.000134767
0.000133992
0.000135146
0.000135146
0.000133701
0.000135609
0.000135609
0.000133852
0.000135038
0.000134146
0.000135139
0.000133356
0.00013584
0.000133523
0.000136242
0.000133632
0.000136453
0.000133803
0.000136628
0.000133975
0.0001339
0.000137055
0.000134903
0.000137489
0.000134903
0.00013866
0.000135766
0.000135766
0.000140612
0.00013698
0.000142995
0.00013823
0.000144953
0.000140481
0.000145917
0.000143017
0.000149537
0.000144222
0.00015257
0.000146899
0.000156182
0.00015947
0.000149758
0.000163017
0.000153002
0.000155953
0.000166923
0.000155953
0.000166923
0.000159555
0.000170623
0.000159555
0.000163612
0.000172446
0.000163612
0.000175029
0.000168984
0.000175029
0.000171587
0.000175592
0.000175592
0.000174353
0.00017467
0.000174752
0.000174457
0.000160195
0.000120882
0.000177794
0.000746969
0.000174062
0.000746969
0.00424033
8.04355e-05
8.04355e-05
0.00644415
0.00102317
0.00102317
0.0050756
0.0062139
0.0050756
0.00715165
0.00659372
0.00814139
0.0067156
0.00888302
0.00800447
0.00903357
0.00791246
0.00790619
0.00783848
0.00799201
0.00892864
0.00873919
0.0086176
0.00842983
0.00842983
0.0085226
0.00866776
0.00873091
0.00867391
0.00901009
0.00897746
0.00927833
0.00954964
0.00941472
0.00980807
0.0101525
0.00974161
0.00974161
0.0101154
0.0101154
0.00914401
0.0105305
0.00731901
0.0105305
0.0102164
0.00537473
0.00849149
0.00709792
)
;
    }
}


// ************************************************************************* //
