/*--------------------------------*- C++ -*----------------------------------*\
| =========                 |                                                 |
| \\      /  F ield         | OpenFOAM: The Open Source CFD Toolbox           |
|  \\    /   O peration     | Version:  v2012                                 |
|   \\  /    A nd           | Website:  www.openfoam.com                      |
|    \\/     M anipulation  |                                                 |
\*---------------------------------------------------------------------------*/
FoamFile
{
    version     2.0;
    format      ascii;
    class       volScalarField;
    location    "0";
    object      omega;
}
// * * * * * * * * * * * * * * * * * * * * * * * * * * * * * * * * * * * * * //

dimensions      [0 0 -1 0 0 0 0];


internalField   nonuniform List<scalar> 
6320
(
0.678588
0.656408
0.634699
0.708621
0.800509
0.756507
0.625031
0.691107
0.649857
0.759076
0.88144
0.876122
0.789496
0.601183
0.621838
0.647104
0.717604
0.683705
0.793291
1.00458
0.912352
0.922604
0.860475
0.595254
0.63737
0.669155
0.767379
0.698255
0.856422
1.2339
1.02816
1.02323
0.899867
1.51837
0.608568
0.661652
0.627512
0.583827
0.801246
0.725583
0.897918
1.17695
2.02738
1.07899
1.08146
0.992956
0.576397
0.6044
0.677778
0.638601
0.594294
0.583508
0.867564
0.788975
0.758645
0.726774
0.982624
1.53293
4.76529
1.24678
1.2209
1.04184
0.694416
0.652289
0.599958
0.636704
0.584456
0.579899
0.571931
0.622036
0.701116
0.656694
0.601317
0.594134
0.90906
0.853932
0.78882
0.754621
1.03436
1.511
2.45924
1.31265
1.30103
1.17038
0.842042
0.805936
0.73406
0.68162
0.597414
0.621907
0.664977
0.585133
0.590069
0.571276
0.624761
0.701193
0.660695
0.613562
0.598625
0.982814
0.880497
0.821793
0.748131
1.15381
2.05032
5.86256
1.61855
1.49932
1.24334
0.893444
0.874542
0.813113
0.789831
0.720118
0.680795
0.611735
0.641189
0.67871
0.595665
0.593633
0.577029
0.642512
0.725225
0.681803
0.618156
0.610105
1.02889
0.867604
0.95405
0.804844
0.773249
1.232
2.13635
3.44043
1.72689
1.59124
1.45147
1.10058
0.963232
1.02005
0.90988
0.835614
0.756575
0.714115
0.587172
0.605151
0.627019
0.665873
0.639956
0.711218
0.59585
0.590834
0.605276
0.584234
0.570072
0.643988
0.728456
0.688456
0.631343
0.614406
1.13908
0.909577
0.976289
0.830509
0.75642
1.39027
3.84836
6.82773
2.2199
1.95674
1.61697
1.59275
1.08666
1.16286
0.970144
0.805856
0.912089
0.745573
0.577469
0.585672
0.613738
0.635185
0.68396
0.661802
0.732778
0.605796
0.598058
0.606261
0.584384
0.57247
0.660005
0.714276
0.677296
0.633437
0.625593
1.20635
0.878939
1.03996
0.803736
0.771008
1.57598
1.43858
6.66758
3.9768
2.23909
1.95487
2.09441
1.19402
1.50302
1.0926
0.842761
0.959825
0.780761
0.571021
0.592062
0.625483
0.65198
0.710759
0.680129
0.664256
0.773504
0.609291
0.565729
0.592439
0.61438
0.579851
0.571298
0.655769
0.727276
0.691508
0.645236
0.63076
1.36314
1.18133
0.909511
1.12437
1.0258
0.816693
0.755806
1.85067
1.69367
7.08006
2.91603
2.30314
4.94296
1.19196
1.39575
2.51094
1.16557
0.898739
0.821642
1.0501
0.572536
0.588158
0.60118
0.631179
0.658792
0.727477
0.701383
0.685345
0.802617
0.619859
0.595087
0.60987
0.626536
0.582243
0.576649
0.567262
0.667131
0.715068
0.682474
0.644307
1.46827
1.33135
0.966598
0.857044
1.19357
1.09853
0.775919
2.3739
1.85427
4.76975
2.90844
1.40253
1.60481
5.71098
1.12609
1.34286
0.920114
0.859863
1.0917
0.566262
0.579935
0.595392
0.603474
0.645152
0.676476
0.755096
0.703009
0.691674
0.790114
0.852233
0.613662
0.588561
0.602551
0.617441
0.634976
0.578245
0.5717
0.654672
0.73208
0.693407
1.66565
1.39037
0.977339
0.868974
1.29158
1.06542
0.77744
3.13191
2.13816
8.03487
4.48908
1.51353
2.08097
3.34668
1.27566
1.45225
0.989086
1.20349
0.567899
0.57682
0.597606
0.648725
0.681022
0.756382
0.728091
0.712949
0.831188
0.88691
0.618701
0.589509
0.603411
0.6121
0.62609
0.645647
0.584443
0.575451
0.57179
0.567808
0.658534
0.712206
0.756747
0.685091
1.81317
1.5609
0.938269
0.849161
1.33715
1.12772
0.812378
3.20651
5.20228
2.64294
2.13478
1.88367
2.30474
6.85094
1.3251
1.72831
0.988795
1.2494
0.564563
0.581425
0.606892
0.58917
0.641124
0.665973
0.700915
0.786124
0.727084
0.723627
0.827924
0.937955
0.628112
0.595461
0.601557
0.614773
0.630345
0.643595
0.583636
0.578712
0.575248
0.566792
0.671728
0.709142
0.767248
0.693123
1.81411
1.52243
0.982285
0.883101
1.20971
1.15532
0.797362
5.33273
8.04799
3.31723
2.59094
2.12083
4.00495
1.49406
1.90445
1.06257
1.1495
1.42019
0.569459
0.579218
0.604069
0.590426
0.648809
0.664818
0.697752
0.779591
0.752066
0.746528
0.870553
0.964371
0.62087
0.565364
0.592919
0.60721
0.62217
0.629789
0.654137
0.587817
0.579482
0.573967
0.569927
0.566789
0.666303
0.723704
0.74567
0.679216
2.16159
1.68017
1.0493
0.926678
0.849166
1.26225
1.12586
0.815356
8.03529
5.29967
2.80804
2.86007
6.84188
1.73934
1.486
2.50327
1.04847
1.21273
1.54422
0.575054
0.585677
0.612646
0.597839
0.639864
0.677671
0.714969
0.813053
0.762916
0.849445
0.935607
0.629392
0.567135
0.597431
0.604177
0.624255
0.640425
0.656378
0.588271
0.583929
0.577208
0.56931
0.567476
0.714742
0.750841
0.681789
2.19066
1.93457
1.66594
1.0359
0.923209
0.84884
1.35527
1.20633
0.7963
7.90916
3.72282
3.0882
4.5433
1.99528
1.73113
3.07942
1.10916
1.32962
1.49779
1.81449
0.577692
0.588343
0.614395
0.600643
0.647478
0.676733
0.697539
0.737572
0.825908
0.789439
0.896858
0.991648
0.630316
0.563511
0.573015
0.560406
0.596557
0.608806
0.62061
0.633689
0.649832
0.66979
0.592369
0.58373
0.581117
0.575754
0.572464
0.57061
0.697829
0.728681
0.772273
2.85037
2.12901
1.51076
1.91904
1.11628
0.979387
0.884371
0.814633
1.31288
5.67688
3.74097
5.11223
7.90492
2.53903
5.05347
1.09452
1.33823
1.72333
2.12911
0.583123
0.594093
0.621859
0.606825
0.638497
0.656659
0.667859
0.702725
0.748629
0.859545
0.778909
0.954132
0.907711
0.566127
0.573098
0.560662
0.600688
0.605191
0.61481
0.625872
0.634309
0.656149
0.668654
0.591961
0.588281
0.582705
0.5782
0.5721
0.694176
0.729318
0.76899
3.09074
2.49179
1.59801
2.08426
1.13822
0.992691
0.899882
0.814006
1.42469
8.68847
5.81017
7.78702
3.16837
7.79385
1.18693
1.47843
2.06811
1.70981
2.76071
0.582796
0.592004
0.62107
0.602985
0.637636
0.655634
0.677201
0.718053
0.688613
0.757261
0.831871
0.804491
1.01366
0.947496
0.56971
0.563417
0.577825
0.595905
0.607711
0.614003
0.625551
0.642083
0.650584
0.678969
0.587064
0.583633
0.581449
0.577441
0.575193
0.569899
0.70755
0.72367
0.752243
0.790789
4.06292
2.50768
1.80942
2.08478
1.24443
1.05569
0.946201
0.873885
0.844317
1.46611
8.2079
5.21164
1.1686
1.43296
2.56773
1.911
3.61149
0.5874
0.596829
0.613924
0.629053
0.60709
0.645848
0.664578
0.702946
0.736684
0.688467
0.785441
0.860758
0.813625
1.08692
1.00267
0.904179
0.570752
0.564152
0.577331
0.561246
0.596947
0.605595
0.618803
0.632177
0.644391
0.65829
0.675083
0.589954
0.5875
0.582185
0.579661
0.57508
0.570423
0.697829
0.738863
0.75707
0.795499
4.10347
6.00079
3.08872
1.83607
2.48332
1.19884
1.38112
1.03923
0.936602
0.889939
0.818388
1.68775
8.06596
1.30907
1.64666
2.78997
3.21485
2.26663
5.71807
0.588162
0.593671
0.614324
0.62771
0.601807
0.642017
0.663731
0.708551
0.742408
0.676404
0.771776
0.844102
1.12657
1.04732
0.931916
0.567492
0.574078
0.580905
0.561985
0.596886
0.602312
0.610796
0.618722
0.629327
0.638445
0.65274
0.667968
0.686575
0.59352
0.586972
0.584533
0.579304
0.577251
0.573056
0.569257
0.703304
0.731632
0.77514
6.11011
8.94596
3.07854
2.13616
2.48873
1.28528
1.10081
1.50577
0.974588
0.868378
0.808556
1.82083
1.37508
1.75677
3.58023
4.8926
2.41068
8.57905
0.584965
0.596081
0.609047
0.621025
0.634508
0.603169
0.648575
0.657143
0.696231
0.726995
0.743384
0.674165
0.789185
0.869947
1.22415
0.995435
0.920803
0.567651
0.57442
0.578065
0.560637
0.565644
0.600993
0.604269
0.607913
0.615135
0.624449
0.632606
0.638661
0.656922
0.673879
0.683197
0.592214
0.589324
0.584681
0.581506
0.577576
0.572699
0.570547
0.715767
0.690593
0.743514
0.763055
8.35767
4.01969
2.19147
2.97321
1.43512
1.2295
1.05035
1.71358
0.9436
0.830938
0.893098
0.777671
2.09924
1.53298
1.72298
2.12469
3.1975
5.40357
0.587123
0.592142
0.609969
0.621069
0.634441
0.59947
0.641577
0.662201
0.700052
0.683546
0.72751
0.765877
0.816453
0.846005
1.21428
1.02673
0.960704
0.571459
0.579852
0.562842
0.567311
0.601095
0.608615
0.616789
0.621397
0.633202
0.643979
0.66575
0.650135
0.594519
0.587403
0.583563
0.579701
0.576064
0.574201
0.569535
0.711903
0.680528
0.727452
6.09655
3.62359
2.62789
3.04545
1.57161
1.32375
1.11015
0.976196
1.88234
0.809468
0.864704
0.766365
2.37394
1.55064
1.94671
2.40057
4.07708
8.35514
0.584103
0.594184
0.606216
0.615715
0.627786
0.601305
0.645041
0.656051
0.688391
0.713021
0.679509
0.74437
0.762824
0.825817
0.880992
1.10191
1.33899
0.931965
0.561342
0.572091
0.57957
0.56508
0.570006
0.604643
0.597737
0.612412
0.623683
0.62821
0.63784
0.661958
0.65144
0.591786
0.587496
0.584854
0.579806
0.576258
0.573396
0.570533
0.698942
0.668172
0.684652
0.729669
8.85209
4.56419
2.78968
3.80248
1.80838
1.48644
2.21014
0.783526
0.74681
1.483
1.7999
2.24917
2.97671
3.97042
6.06969
0.585645
0.592563
0.607406
0.616184
0.627586
0.599902
0.641661
0.660963
0.688732
0.714128
0.670725
0.562202
0.560727
0.57488
0.57713
0.582653
0.564989
0.570863
0.603069
0.59687
0.610713
0.61811
0.623782
0.63246
0.646443
0.591919
0.589245
0.583653
0.581481
0.577715
0.574452
0.572014
0.569501
0.700308
0.659854
0.674698
6.56963
3.40763
4.58949
2.08804
1.63505
2.49189
1.97467
2.52841
3.09535
6.00733
8.90198
0.588977
0.595935
0.611871
0.603002
0.621934
0.634329
0.648106
0.65603
0.677284
0.669352
0.562027
0.56177
0.573486
0.577524
0.582575
0.566998
0.5695
0.599214
0.605831
0.594095
0.613733
0.617865
0.626125
0.63481
0.640151
0.651686
0.589714
0.587056
0.584824
0.580287
0.57738
0.573815
0.571271
0.569869
0.663127
9.06005
3.05058
4.38594
6.71614
2.50238
2.16089
1.87679
2.35017
3.90067
8.33472
0.588261
0.594676
0.613852
0.602052
0.622416
0.632425
0.64306
0.660008
0.564582
0.563973
0.574835
0.579935
0.585382
0.566536
0.5712
0.596848
0.603879
0.592322
0.610486
0.616767
0.625258
0.629122
0.639951
0.64519
0.589764
0.587537
0.583125
0.578855
0.581393
0.576437
0.575131
0.572311
0.569468
0.656196
3.66788
6.12297
9.19968
3.09936
2.65494
2.70447
5.96866
3.35769
0.591154
0.597666
0.610595
0.619239
0.605829
0.627799
0.636856
0.646867
0.565212
0.563355
0.575246
0.580207
0.585491
0.568354
0.573655
0.570289
0.598088
0.593634
0.600622
0.606518
0.612249
0.6205
0.629215
0.63458
0.641421
0.588128
0.585641
0.583723
0.578389
0.580593
0.577063
0.57503
0.572687
0.570945
5.38461
3.85591
3.28357
8.66983
4.10374
0.59061
0.596708
0.612821
0.621877
0.603588
0.626419
0.630471
0.564764
0.567044
0.578021
0.582895
0.58813
0.568307
0.574495
0.571581
0.595985
0.592401
0.599304
0.60432
0.610112
0.61706
0.623014
0.634448
0.588784
0.586028
0.582824
0.579406
0.581517
0.577506
0.574252
0.576513
0.572683
0.572349
8.52884
5.97384
6.118
0.593503
0.599754
0.609419
0.6176
0.605532
0.628537
0.564842
0.56585
0.567358
0.577962
0.582376
0.588995
0.570093
0.576583
0.5734
0.596571
0.593828
0.590367
0.600963
0.606187
0.61249
0.618434
0.621918
0.587268
0.585132
0.583713
0.579686
0.581505
0.577473
0.579073
0.575317
0.57735
0.574402
0.573823
0.575045
8.57701
0.592023
0.59719
0.608152
0.616758
0.60337
0.566432
0.568982
0.580205
0.584463
0.587042
0.570592
0.577274
0.57458
0.595084
0.592181
0.589417
0.599381
0.604245
0.611968
0.614776
0.587108
0.585982
0.583496
0.580833
0.582574
0.578699
0.579667
0.576905
0.579154
0.575484
0.579101
0.593881
0.597907
0.604788
0.61147
0.600656
0.568298
0.569384
0.570323
0.579418
0.583538
0.587625
0.572778
0.576699
0.574487
0.596434
0.592786
0.590399
0.588117
0.601023
0.606017
0.608775
0.61048
0.586287
0.585265
0.584295
0.581607
0.582548
0.580037
0.581054
0.578899
0.581478
0.578003
0.581348
0.581078
0.591484
0.594896
0.602182
0.599431
0.569416
0.569114
0.570948
0.571951
0.580594
0.58223
0.584775
0.586172
0.589609
0.573762
0.572936
0.578034
0.576254
0.595409
0.59121
0.589062
0.587105
0.599421
0.60274
0.607326
0.585531
0.586248
0.583806
0.582683
0.581878
0.58358
0.582851
0.583184
0.581559
0.580063
0.584627
0.587524
0.585818
0.59143
0.592997
0.594531
0.603694
0.59723
0.571887
0.571353
0.571896
0.571964
0.57955
0.582241
0.583478
0.586398
0.587986
0.574653
0.573944
0.577378
0.575686
0.593362
0.597094
0.59169
0.589469
0.587695
0.600548
0.601312
0.584925
0.585518
0.583894
0.584458
0.583919
0.583868
0.584646
0.584063
0.584897
0.584979
0.584717
0.584246
0.588917
0.592616
0.587324
0.592982
0.589582
0.590816
0.592722
0.59812
0.573442
0.573827
0.572988
0.573359
0.579929
0.581111
0.583625
0.585116
0.588038
0.57462
0.57802
0.576367
0.592941
0.595775
0.590249
0.588552
0.586919
0.597899
0.584784
0.585571
0.584649
0.585035
0.58631
0.585946
0.585868
0.587545
0.587641
0.587735
0.588568
0.586689
0.594069
0.602449
0.592712
0.600655
0.589255
0.590532
0.593635
0.596404
0.576305
0.578371
0.574572
0.575458
0.579134
0.580456
0.582428
0.585126
0.586391
0.57523
0.576331
0.577814
0.577698
0.576896
0.594357
0.591966
0.596402
0.589937
0.589114
0.58762
0.586286
0.585305
0.585408
0.586077
0.585531
0.589216
0.589207
0.588574
0.589831
0.594846
0.594596
0.592462
0.601069
0.61335
0.599553
0.595921
0.611263
0.587659
0.5892
0.592696
0.580515
0.577442
0.581596
0.57667
0.579355
0.581141
0.58201
0.582972
0.583868
0.586267
0.577214
0.577807
0.578861
0.578909
0.578611
0.593624
0.590913
0.592527
0.59438
0.588829
0.58857
0.587953
0.586521
0.586077
0.58603
0.586066
0.587915
0.588048
0.595813
0.594572
0.590917
0.597081
0.602891
0.600611
0.61231
0.627957
0.617787
0.608994
0.607645
0.621158
0.587548
0.590452
0.586393
0.58172
0.588737
0.579172
0.579485
0.58065
0.58232
0.583784
0.584928
0.579427
0.579919
0.579371
0.57985
0.579592
0.580662
0.589994
0.591011
0.589101
0.588175
0.587517
0.587226
0.586493
0.589071
0.586902
0.587038
0.590457
0.589642
0.600382
0.598194
0.602096
0.59586
0.603394
0.603461
0.613999
0.611414
0.618265
0.619591
0.64906
0.633374
0.617966
0.614898
0.637598
0.58642
0.589618
0.58704
0.592707
0.584876
0.592953
0.594435
0.583729
0.580175
0.580868
0.581898
0.583009
0.585025
0.582665
0.583234
0.580714
0.581468
0.581929
0.583946
0.590117
0.588551
0.587588
0.587411
0.587331
0.590207
0.588469
0.587686
0.595307
0.593175
0.610041
0.609849
0.610578
0.598796
0.614756
0.614001
0.624832
0.637792
0.630977
0.672198
0.65182
0.644149
0.631266
0.629674
0.647415
0.586699
0.588127
0.593777
0.603266
0.592792
0.605925
0.604288
0.589296
0.580362
0.581457
0.581027
0.58243
0.583202
0.58481
0.589247
0.587325
0.580838
0.582019
0.584147
0.585364
0.585068
0.587998
0.58874
0.588423
0.588103
0.587413
0.587717
0.587534
0.59421
0.590208
0.589295
0.596785
0.599325
0.61369
0.61832
0.619087
0.621077
0.604734
0.623242
0.623761
0.639118
0.64295
0.649479
0.646362
0.702092
0.674408
0.670553
0.638415
0.645814
0.670376
0.5858
0.587676
0.603926
0.611455
0.608625
0.599196
0.612622
0.598798
0.581833
0.581905
0.582275
0.582918
0.58409
0.595767
0.594003
0.581951
0.5834
0.587342
0.591925
0.592172
0.593399
0.587951
0.588093
0.587832
0.587709
0.589067
0.588559
0.596297
0.599859
0.593367
0.59007
0.605799
0.607793
0.624586
0.637465
0.636378
0.636861
0.610613
0.641662
0.641613
0.652295
0.670661
0.679112
0.670406
0.712682
0.73035
0.69898
0.690441
0.662409
0.67429
0.677488
0.689855
0.586477
0.615175
0.625732
0.624476
0.613261
0.63116
0.6103
0.582659
0.582372
0.582968
0.583808
0.584671
0.607457
0.601998
0.583946
0.586921
0.593998
0.595913
0.596191
0.601381
0.586599
0.587968
0.588025
0.588166
0.589317
0.589677
0.600569
0.606675
0.594986
0.59259
0.615736
0.638747
0.625843
0.647787
0.645678
0.646161
0.653702
0.652059
0.679472
0.694202
0.698574
0.695109
0.700486
0.75001
0.771344
0.726106
0.721662
0.677193
0.701617
0.701211
0.718182
0.585979
0.635065
0.639346
0.633637
0.636583
0.625751
0.646362
0.613947
0.62408
0.583659
0.583685
0.585707
0.584308
0.584692
0.617349
0.613734
0.588046
0.589262
0.603009
0.607892
0.604797
0.609702
0.586327
0.589283
0.587093
0.588872
0.58935
0.592032
0.592029
0.602381
0.606242
0.616691
0.60018
0.593743
0.6257
0.618437
0.663925
0.632854
0.6733
0.667287
0.675344
0.679877
0.688882
0.698703
0.719294
0.735243
0.726084
0.726057
0.77735
0.783779
0.806639
0.765897
0.751067
0.705578
0.724988
0.725029
0.750671
0.652112
0.660596
0.651374
0.658958
0.646992
0.670219
0.63174
0.639821
0.585083
0.584311
0.585098
0.588438
0.586929
0.585598
0.585538
0.633526
0.625268
0.59541
0.602561
0.60891
0.616453
0.612266
0.6222
0.589504
0.587669
0.590587
0.591688
0.593309
0.593479
0.613249
0.612897
0.624049
0.602329
0.599233
0.632909
0.629973
0.678201
0.667647
0.64832
0.692159
0.689335
0.689703
0.693045
0.689559
0.700772
0.708459
0.728999
0.756624
0.767972
0.750203
0.745113
0.758092
0.845075
0.840389
0.862149
0.805212
0.799648
0.726231
0.761886
0.758589
0.793403
0.678254
0.66849
0.677056
0.682428
0.663835
0.679839
0.690594
0.642131
0.64097
0.657485
0.587923
0.587972
0.586688
0.592799
0.591286
0.586131
0.587157
0.647809
0.643849
0.60101
0.605955
0.621793
0.631563
0.617509
0.62273
0.633567
0.590983
0.5872
0.591935
0.598324
0.59656
0.618499
0.620769
0.643187
0.611896
0.603124
0.650661
0.643214
0.714495
0.696953
0.661323
0.725741
0.722254
0.717954
0.721068
0.716363
0.738816
0.742538
0.761915
0.784035
0.815508
0.795305
0.792128
0.780153
0.903655
0.88082
0.889282
0.892182
0.860066
0.838872
0.759192
0.784526
0.785654
0.77602
0.800752
0.829927
0.694547
0.692386
0.704425
0.701685
0.707868
0.713506
0.688971
0.713107
0.717017
0.668008
0.659937
0.675937
0.592316
0.590446
0.589082
0.598945
0.594443
0.588655
0.671914
0.658825
0.612937
0.630013
0.645451
0.631845
0.63663
0.652226
0.592229
0.588736
0.594439
0.599464
0.598314
0.629748
0.634418
0.651888
0.652047
0.619946
0.609699
0.658134
0.738082
0.69457
0.729903
0.75436
0.740949
0.749534
0.735154
0.748333
0.767698
0.773237
0.812287
0.845306
0.831852
0.867096
0.822096
0.845053
0.96165
0.93816
0.975747
0.967651
0.926422
0.897232
0.850666
0.828402
0.830516
0.849707
0.896041
0.729659
0.734632
0.706706
0.722708
0.730158
0.748011
0.713705
0.754102
0.676604
0.676338
0.709976
0.595524
0.595578
0.591721
0.604017
0.601514
0.591605
0.694874
0.688298
0.625433
0.621381
0.656115
0.667706
0.645387
0.658077
0.670846
0.591381
0.595881
0.598117
0.605163
0.601401
0.638139
0.63801
0.677119
0.66118
0.635036
0.619494
0.609551
0.692921
0.796611
0.710335
0.770214
0.803755
0.787446
0.801335
0.785433
0.790234
0.825624
0.841352
0.866056
0.878228
0.886557
0.900559
0.939038
0.901059
0.88738
0.997073
0.978066
1.01466
1.01156
0.943306
0.939842
0.868066
0.876872
0.872121
0.857028
0.902257
0.926239
0.758439
0.748358
0.754635
0.771495
0.747423
0.770423
0.76938
0.793351
0.75734
0.795997
0.706642
0.711114
0.739265
0.601349
0.597757
0.599902
0.597931
0.616051
0.604808
0.594241
0.727696
0.699964
0.707132
0.640832
0.638967
0.67155
0.671023
0.685188
0.671517
0.680878
0.696648
0.594809
0.597697
0.597654
0.61134
0.608051
0.655634
0.661773
0.700107
0.701642
0.693419
0.649849
0.629488
0.621406
0.84647
0.826655
0.752085
0.830985
0.784112
0.832743
0.839011
0.811883
0.82761
0.847325
0.866431
0.869574
0.878217
0.944319
0.95708
0.965901
0.934727
0.948888
1.00665
0.959055
0.964713
1.12298
1.09782
1.05418
1.11916
1.09822
1.03327
1.01227
0.959483
0.955631
0.941488
0.923497
0.95454
1.01685
0.798026
0.798775
0.780018
0.816563
0.801812
0.791873
0.802315
0.80518
0.842519
0.794625
0.850504
0.73617
0.735066
0.788157
0.610029
0.608956
0.608082
0.60295
0.623593
0.617392
0.599193
0.756149
0.744625
0.741258
0.657376
0.653673
0.716373
0.701885
0.726386
0.716591
0.732699
0.602479
0.605537
0.619285
0.612207
0.669399
0.674232
0.741977
0.732025
0.717607
0.66951
0.646478
0.63168
0.625869
0.928347
0.909019
0.783536
0.892016
0.869398
0.923555
0.919598
0.86893
0.892533
0.921025
0.934818
0.96618
0.961312
1.01026
1.01798
0.998668
1.02475
1.02679
1.01879
1.04319
1.0737
1.07335
1.01209
1.15329
1.10662
1.1692
1.10803
1.18792
1.15971
1.16538
1.10983
1.06469
1.05578
1.0178
1.01993
1.01009
1.04036
1.07419
0.853363
0.820016
0.842138
0.83224
0.865431
0.858742
0.842845
0.85929
0.879669
0.905632
0.803451
0.849115
0.912541
0.781399
0.784159
0.833688
0.620777
0.614297
0.616541
0.607689
0.637583
0.602998
0.800454
0.772827
0.760708
0.769302
0.681665
0.683236
0.656542
0.731789
0.73889
0.711778
0.726738
0.746985
0.759479
0.751479
0.608708
0.61021
0.621669
0.69755
0.702892
0.782851
0.768743
0.75239
0.691285
0.666754
0.643971
0.640838
0.996595
0.957618
0.963192
0.848832
0.976959
0.894921
0.947386
0.966474
0.910461
0.929252
0.998257
0.999389
0.998586
1.0115
1.11457
1.11128
1.07986
1.13875
1.13333
1.07102
1.08121
1.16004
1.17734
1.11987
1.27572
1.20269
1.24217
1.22013
1.29017
1.28675
1.27606
1.21353
1.16138
1.1518
1.09819
1.11591
1.06886
1.09674
1.1789
0.890641
0.896769
0.874672
0.859169
0.939216
0.880399
0.903923
0.882815
0.922066
0.924726
0.975979
0.867622
0.893358
0.967801
0.832653
0.800016
0.822201
0.888654
0.630348
0.626579
0.615143
0.631175
0.608852
0.654122
0.841868
0.829434
0.79892
0.828596
0.717771
0.684619
0.784014
0.789922
0.746322
0.774546
0.802592
0.820452
0.791495
0.617014
0.618755
0.632715
0.722769
0.786647
0.834505
0.83349
0.770296
0.690716
0.720635
0.66662
0.65621
1.09665
1.05516
1.05224
0.880916
1.04516
0.963195
1.03668
1.08057
0.993065
1.00567
1.10449
1.08319
1.07732
1.13145
1.18515
1.1977
1.21996
1.1556
1.20488
1.24643
1.16249
1.18594
1.25893
1.28886
1.17073
1.3692
1.33426
1.35137
1.32866
1.33931
1.39842
1.3479
1.23588
1.33012
1.20982
1.21566
1.15681
1.19653
1.16088
1.18901
1.26702
0.981507
0.94073
0.971623
0.92853
0.933188
1.01377
0.953573
0.996252
0.965568
0.995301
1.01015
1.05423
0.904535
0.959281
1.06107
0.884482
0.872456
0.891076
0.96515
0.649679
0.635582
0.628988
0.640447
0.619692
0.684247
0.908715
0.865578
0.843133
0.825052
0.719953
0.757694
0.825954
0.831637
0.814506
0.786013
0.837404
0.866589
0.843603
0.62275
0.630083
0.65078
0.751577
0.832207
0.868703
0.810091
0.72352
0.750493
0.677238
0.659995
1.18244
1.1183
1.08829
1.12687
0.929627
1.03786
1.14087
0.983937
1.05285
1.11422
1.14961
1.12881
1.09232
1.145
1.19088
1.18064
1.16426
1.2283
1.31405
1.36075
1.31583
1.27189
1.33687
1.38254
1.26955
1.2773
1.40529
1.42062
1.29317
1.51966
1.47452
1.46652
1.42101
1.45994
1.46828
1.51689
1.47069
1.35154
1.45199
1.3477
1.32751
1.2807
1.3367
1.24391
1.27274
1.41023
1.0667
1.0254
1.03783
1.00016
0.99777
1.12935
1.01085
0.994331
1.04978
1.00563
1.06596
1.07294
1.15485
0.984339
1.0166
1.01451
1.1005
1.12337
0.953306
0.922413
0.925362
0.934539
0.995751
1.02925
0.666532
0.65784
0.640196
0.635368
0.659885
0.707431
0.980727
0.941589
0.899091
0.894273
0.751113
0.810249
0.891188
0.909592
0.873309
0.839452
0.91379
0.949048
0.896457
0.638882
0.644211
0.663407
0.792947
0.872408
0.845434
0.923442
0.827057
0.752425
0.728786
0.792227
0.702332
0.682791
1.30516
1.18145
1.22593
1.1883
1.21475
0.947972
1.13655
1.22806
1.04636
1.14754
1.2081
1.28306
1.27387
1.17793
1.28628
1.3174
1.24442
1.25715
1.34544
1.39209
1.41576
1.46465
1.46532
1.39203
1.41498
1.51402
1.40509
1.40887
1.55261
1.56263
1.39307
1.34003
1.57227
1.54815
1.6003
1.50203
1.56926
1.63007
1.54612
1.63426
1.44307
1.39836
1.60469
1.40442
1.4254
1.39844
1.41447
1.41515
1.36293
1.43242
1.54625
1.13355
1.14507
1.08583
1.08842
1.17452
1.2098
1.09228
1.06825
1.13824
1.10155
1.13573
1.17558
1.23372
1.19581
1.11322
1.12794
1.21687
1.22277
1.02499
1.0077
1.0246
1.02363
1.10853
1.13244
0.702641
0.667773
0.661216
0.646692
0.679961
0.748485
1.06689
0.999439
0.991442
0.959235
0.933153
0.789101
0.829615
0.861996
0.961956
0.976453
0.936934
0.902264
0.974693
0.994123
0.982121
0.95752
0.651978
0.657239
0.686713
0.932306
0.92402
1.00229
0.872378
0.783944
0.762773
0.831009
0.707984
1.32207
1.37745
1.28784
1.25731
1.35441
1.02174
1.14368
1.24691
1.32891
1.07254
1.22746
1.29987
1.34411
1.39253
1.28939
1.36689
1.35502
1.411
1.42862
1.36586
1.49134
1.53183
1.58867
1.64993
1.61209
1.55893
1.56704
1.58589
1.69073
1.59685
1.54916
1.60018
1.67921
1.75331
1.55968
1.485
1.82853
1.74412
1.71206
1.7283
1.70201
1.66427
1.76902
1.68954
1.70766
1.77071
1.56613
1.5611
1.7404
1.56372
1.60196
1.53219
1.5413
1.56887
1.47208
1.55382
1.68906
1.30977
1.21293
1.17614
1.19353
1.32556
1.29097
1.18341
1.12853
1.20676
1.20672
1.1509
1.23525
1.34715
1.35276
1.16623
1.20192
1.21339
1.28201
1.28702
1.11571
1.07086
1.07726
1.16657
1.18776
1.21971
0.719634
0.699296
0.676491
0.677679
0.668925
0.705879
0.791319
1.14821
1.12372
1.09795
1.04563
1.01002
0.840059
0.902891
0.943189
1.0396
1.08275
1.04411
0.986257
1.07353
1.07937
1.08514
1.03009
0.668677
0.670212
0.708025
1.00085
0.958192
0.940649
1.05838
0.901779
0.82549
0.784889
0.788652
0.879028
0.736946
1.46675
1.57244
1.39596
1.45931
1.22302
1.42882
1.46339
1.17725
1.35092
1.43239
1.53439
1.54253
1.38483
1.54631
1.5099
1.54646
1.51559
1.53405
1.47383
1.60171
1.65074
1.76858
1.79873
1.77532
1.82549
1.76107
1.75838
1.70057
1.71598
1.90611
1.76497
1.73318
1.7759
1.9349
1.73244
1.57992
1.8466
1.81837
1.80671
1.8689
1.86319
1.94773
1.94323
1.82041
1.92587
1.69538
1.66592
1.91289
1.66893
1.72456
1.69402
1.67146
1.61955
1.73381
1.62937
1.74375
1.85198
1.46371
1.31102
1.29034
1.30829
1.37918
1.42934
1.39712
1.36213
1.22919
1.26247
1.23551
1.36436
1.35086
1.27967
1.32068
1.41051
1.43431
1.45907
1.27109
1.30884
1.336
1.42071
1.42279
1.22865
1.18592
1.22853
1.28716
1.35818
1.37128
0.761471
0.720789
0.708001
0.713169
0.695863
0.721152
0.838778
0.803922
1.25129
1.17614
1.17367
1.14463
1.06477
1.08312
0.904087
0.947008
0.971895
1.0121
1.13927
1.16794
1.12269
1.07535
1.13592
1.15857
1.11075
1.15954
0.6948
0.697239
0.736587
1.05746
1.04294
0.989679
1.15595
0.971741
0.848835
0.832444
0.771992
0.838937
0.918156
1.66114
1.49906
1.64579
1.73007
1.62309
1.36409
1.48868
1.53919
1.22022
1.45342
1.56485
1.62275
1.59507
1.70835
1.52494
1.6204
1.61821
1.59557
1.69942
1.69463
1.73967
1.66524
1.74222
1.87505
2.03112
2.03617
2.07439
2.02479
1.88428
1.92108
1.99055
1.95738
1.91717
2.14637
2.0206
1.92828
2.00009
2.18822
1.93767
1.71789
2.22945
2.04531
2.08031
2.01364
2.08349
1.93991
2.10753
2.02443
2.03556
2.04842
2.14973
1.89328
1.86964
2.0158
1.93341
1.93396
1.81653
1.80349
1.84774
1.83089
1.90564
1.8042
1.88419
2.06458
1.56924
1.52402
1.44019
1.44058
1.57861
1.67752
1.55517
1.51185
1.36513
1.38622
1.33462
1.45902
1.44309
1.46248
1.57441
1.60984
1.68417
1.36934
1.42527
1.46043
1.49775
1.51062
1.26392
1.34298
1.28133
1.30923
1.41388
1.43513
1.46345
0.785544
0.75723
0.74311
0.733915
0.758116
0.91762
0.876633
1.36309
1.32443
1.32008
1.24904
1.1712
1.19581
0.945827
1.04449
1.04508
1.10775
1.23024
1.3018
1.26673
1.18145
1.24954
1.27899
1.20249
1.29443
0.711559
0.764898
1.15096
1.13556
1.0619
1.21351
1.00642
0.905111
0.863508
0.808369
0.851162
0.981541
1.77256
1.6546
1.83101
2.0446
1.74323
1.74967
1.47695
1.72141
1.7933
1.36732
1.60895
1.71253
1.81443
1.81727
1.89717
1.64316
1.83254
1.80384
1.77166
1.86378
1.80445
1.8258
1.83683
1.95261
2.11875
2.25778
2.2591
2.29022
2.2646
2.12658
2.17794
2.29231
2.21864
2.16252
2.36101
2.24355
2.12801
2.16421
2.24258
2.3819
2.20588
1.89932
2.4604
2.17464
2.78336
2.18745
2.14362
2.2187
2.18425
2.11602
2.32172
2.27675
2.27891
2.21737
2.36794
1.9605
2.01951
2.18166
2.07037
2.10975
2.06535
2.03049
2.08754
2.02549
2.14178
2.03096
2.18958
2.25762
1.76882
1.67591
1.60663
1.60521
1.71823
1.81983
1.69599
1.61898
1.44027
1.46553
1.43702
1.63781
1.60976
1.58558
1.70213
1.66504
1.73253
1.85098
1.52146
1.56418
1.62697
1.67008
1.66532
1.43785
1.48792
1.44602
1.46919
1.55953
1.62611
1.60178
0.834232
0.776637
0.777021
0.755664
0.787764
0.930733
0.889225
1.46891
1.4348
1.41163
1.44768
1.38767
1.27102
1.31178
1.03307
1.07253
1.13549
1.20993
1.36049
1.36297
1.41327
1.34896
1.30175
1.34713
1.39808
1.29948
1.39868
0.741133
0.802305
0.768893
1.21338
1.13782
1.11667
1.37075
1.07159
0.952669
0.932135
0.823486
0.899323
1.03797
2.03448
2.08838
2.20002
2.1868
1.99107
2.00618
1.70625
1.84408
1.93811
1.94933
1.45373
1.73977
1.85593
1.98867
1.98346
2.11746
1.79958
2.0033
1.89675
2.01919
1.87925
2.08913
2.04195
2.08741
2.09484
2.15898
2.51899
2.62029
2.64039
2.62611
2.31077
2.6342
2.37109
2.63566
2.32321
2.3099
2.39568
2.40489
2.70232
2.61106
2.61669
2.40045
2.60437
2.72673
2.37954
2.10884
2.50288
3.06713
2.43064
2.39531
2.47617
2.54869
2.36098
2.60511
2.48584
2.52549
2.38097
2.49384
2.63999
2.2116
2.18282
2.31056
2.34962
2.37557
2.34677
2.23819
2.23343
2.20506
2.29917
2.10238
2.36772
2.24588
2.31705
2.41333
1.88487
1.81386
1.74168
1.79078
1.80427
1.98743
2.04077
1.85865
1.81694
1.6146
1.64875
1.56643
1.71686
1.72056
1.7006
1.61065
1.7386
1.91972
1.85652
1.87804
2.1225
1.66552
1.74786
1.82626
1.75767
1.78136
1.53807
1.5084
1.5718
1.59908
1.55353
1.63231
1.68979
1.78462
1.69253
1.7895
0.853654
0.817977
0.818285
0.796555
0.840092
1.01455
0.952684
1.58393
1.59559
1.6238
1.62438
1.55083
1.40967
1.44333
1.09776
1.20306
1.24498
1.36578
1.47615
1.55624
1.61022
1.5441
1.48402
1.52826
1.5452
1.43207
1.55039
0.831841
0.808724
1.33618
1.2397
1.20952
1.43538
1.13296
1.02563
0.980076
0.868455
0.956839
0.910652
1.12231
2.15149
2.21708
2.34775
2.71379
2.51779
2.10838
2.19701
1.79516
2.24321
2.24395
2.28968
1.63123
1.97599
2.08986
2.28591
2.27132
2.38512
1.9751
2.27751
2.14716
2.29258
2.10318
2.32003
2.21134
2.22316
2.2851
2.28121
2.41957
2.6843
2.63146
2.92988
2.9088
2.86177
2.66912
2.93353
2.66997
2.83007
2.68929
2.67316
2.71087
2.68188
2.88986
2.96447
2.92878
2.8759
2.69544
2.91084
2.97735
2.33274
2.6331
2.74199
3.01199
3.20393
2.68291
2.51009
2.5672
2.61076
2.64115
2.73925
2.88444
2.85014
2.99865
2.64202
2.69234
3.01458
2.31819
2.36249
2.6398
2.56878
2.5274
2.5503
2.48406
2.43518
2.37636
2.40033
2.44573
2.36547
2.66236
2.48736
2.63052
2.67559
2.15053
2.01623
1.98567
2.30786
1.99403
2.01541
2.24084
2.13635
2.21109
2.08764
2.00925
1.72134
1.70338
1.98758
1.93387
1.89181
1.84715
1.88934
2.1572
1.95351
2.0536
2.34614
2.24843
1.86305
1.93013
2.05329
1.96587
1.97812
1.73003
1.65307
1.74627
1.76864
1.718
1.86357
1.80298
1.84352
2.10788
1.95237
1.99286
0.916439
0.855704
0.860712
0.825429
0.825576
1.08182
1.05237
0.969416
1.02134
1.7606
1.82419
1.7789
1.83462
1.7406
1.55839
1.6083
1.22465
1.27262
1.27867
1.37315
1.43302
1.52063
1.66855
1.70337
1.66278
1.75797
1.64687
1.6092
1.66058
1.56849
1.70416
1.71088
0.868885
1.41422
1.27692
1.36806
1.2376
1.60413
1.10747
1.05253
1.02268
0.968997
1.21299
2.5001
2.57866
2.77929
3.06653
2.80171
2.80028
2.37541
2.44033
2.04518
2.48706
2.65915
2.62369
1.79495
2.17165
2.32705
2.61261
2.58341
2.81679
2.23548
2.6723
2.31758
2.27783
2.64064
2.66649
2.6187
2.62928
2.69325
2.681
2.69557
2.65141
2.84405
3.79654
3.8008
3.7991
2.89348
3.7968
2.93281
3.79491
2.89685
2.95481
3.79854
3.79772
3.80222
3.80224
3.80147
3.80177
2.48118
2.88899
2.81862
3.31827
3.34472
2.9753
2.85157
2.86798
2.86218
2.9905
3.11359
3.22197
3.21579
3.26806
3.17753
3.03346
3.01234
3.21254
3.15777
2.57315
2.66502
2.87906
2.94583
2.89918
2.99626
2.696
2.70678
2.67163
2.724
2.65426
2.47933
2.83112
2.69405
2.88365
2.8434
3.08102
2.30218
2.25091
2.12127
2.53893
2.28589
2.29957
2.62092
2.29759
2.36321
2.4338
2.27464
2.26423
1.91754
1.86172
2.08924
2.12916
2.01734
2.0248
1.96048
2.10847
2.40773
2.2205
2.27765
2.72931
2.55588
2.07099
2.2087
2.30748
2.10086
2.07866
2.143
1.8538
1.82287
2.04124
1.89217
2.13718
2.12359
2.13602
2.13159
2.34797
2.21627
0.927882
0.903899
0.880096
0.879976
1.20012
1.16603
1.04391
1.13376
1.89954
1.92601
2.0865
2.11578
1.96734
1.75457
1.79539
1.29289
1.46302
1.43451
1.506
1.60096
1.71041
1.81985
1.98291
1.90826
2.04152
1.86067
1.81011
1.85717
1.75532
1.89
1.89373
0.919982
1.66468
1.44389
1.49698
1.32219
1.72255
1.77203
1.20528
1.13404
1.10795
1.03081
1.09335
0.972835
1.32778
2.60259
2.74933
3.29482
3.99044
3.56125
3.32065
2.5384
2.84519
2.07727
2.36336
3.18161
3.29178
3.23014
2.61336
2.78901
3.02931
3.03505
3.14255
3.03878
2.60682
2.94921
2.85254
2.71196
2.6704
2.96128
2.90348
2.88376
2.89592
2.95393
2.9595
3.79297
5.64836
5.64785
5.64952
3.79714
5.53624
3.79354
5.51696
3.80053
3.79946
5.5849
5.57025
5.63799
5.63016
5.6208
5.64389
2.72859
3.7919
6.83024
3.26302
3.3066
3.31281
3.31145
2.9911
3.13189
3.06701
3.09915
3.27111
3.32872
3.30269
3.54353
3.53731
3.71503
3.62864
3.43951
3.18021
3.53361
3.55692
2.84806
3.00242
3.34944
3.24086
3.16132
3.17491
3.23093
2.93945
2.88891
2.94376
2.92043
2.88494
2.71983
3.78289
2.9296
3.69444
3.67141
3.62905
2.55112
2.51802
2.34134
3.02852
2.60767
2.46416
2.38754
2.89543
2.67127
2.52218
2.69006
2.47256
2.47366
2.0909
2.05424
2.40345
2.46492
2.29807
2.28509
2.2144
2.33514
2.40163
2.77667
2.47948
2.79767
2.99447
2.87332
2.33072
2.38469
2.32969
2.62979
2.43389
2.32814
2.3521
2.1711
2.13954
2.22816
2.23095
2.18048
2.25433
2.40443
2.31057
2.25793
2.32141
2.38579
2.64719
2.42907
0.967694
0.951165
0.916349
0.908216
0.927847
1.23934
1.22202
1.13769
1.07977
2.18819
2.26394
2.31647
2.1935
2.35997
2.24538
1.99641
2.02694
1.44344
1.5332
1.5798
1.66262
1.73189
1.70083
1.9436
2.10258
2.19397
2.10375
2.05756
2.25535
1.99647
1.96127
1.9496
1.96237
2.07426
1.92422
2.0973
2.0997
1.82289
1.52426
1.72358
1.46331
2.00969
1.99499
1.33824
1.20762
1.19862
1.1103
1.18525
1.04536
1.42977
3.11238
3.39858
4.16916
4.42
4.36452
4.24522
3.94608
3.03533
3.25613
2.29977
2.75602
3.7865
3.63541
3.9484
3.8685
2.96438
2.83923
3.14406
3.65873
3.60674
3.75186
3.698
2.89209
3.75632
3.74952
2.91093
3.74398
3.76279
3.7691
3.77554
3.78197
3.78826
5.64435
8.52728
8.37699
8.45252
5.55408
7.91181
5.49645
7.90755
5.61009
5.59815
7.98836
7.95433
8.24138
8.18119
8.12572
8.3067
5.47487
3.78989
3.7982
17.6208
3.31461
3.30937
3.51537
3.42614
3.23253
3.32037
3.44203
3.47441
3.57716
3.67511
3.69658
3.97688
3.94399
4.11701
3.91359
3.97374
3.75107
3.45496
3.51754
3.53488
3.56227
3.72648
3.23768
3.30568
3.74365
3.74539
3.75698
3.81186
3.79199
3.78805
3.78626
3.78162
3.77388
5.38145
3.79415
5.27625
4.03899
4.07428
2.69472
2.5659
2.5429
3.33
2.92735
2.74708
2.70567
3.66094
2.91447
2.75311
2.94673
2.74904
2.71873
2.38059
2.3219
2.49756
2.61021
2.64137
2.42347
2.47755
2.39259
2.59687
2.71332
3.11717
2.72476
3.23648
3.55414
3.26308
2.66345
2.69852
2.66499
2.9109
2.53227
2.46089
2.57401
2.36278
2.31688
2.64263
2.56695
2.36776
2.28684
2.6555
2.66814
2.63665
2.65886
2.63928
2.69524
2.91476
2.85658
2.69413
1.03512
1.03822
0.968792
0.97637
0.999219
1.39242
1.35145
1.2194
1.19218
2.41081
2.39292
2.41956
2.64004
2.64184
2.65325
2.60253
2.28435
2.29772
1.51063
1.58944
1.72631
1.7698
1.86824
1.91833
1.90637
2.16393
2.28487
2.55083
2.40066
2.32793
2.70914
2.20819
2.2362
2.25251
2.25789
2.35528
2.16809
2.33181
2.37842
2.11465
1.70837
1.84696
1.61577
2.2926
2.30154
1.35041
1.43038
1.28959
1.19938
1.11359
1.28859
1.05917
1.5744
3.66282
3.28152
4.0017
3.85004
5.02622
5.24287
4.48591
5.32597
5.25019
5.04287
3.72801
2.71867
3.55358
4.8666
4.88512
5.05724
5.03994
3.57461
3.54375
3.6714
4.15935
4.1019
4.07904
4.0952
3.78093
5.57525
5.55942
3.7453
5.54107
5.58978
5.60341
5.61643
5.62789
5.63751
8.60139
14.1806
14.6018
14.3797
7.9279
23.6741
7.91678
25.2796
8.07488
8.02905
19.5616
20.799
15.3962
15.9781
16.679
14.9291
7.93923
5.45249
6.43786
26.6646
3.23608
3.57953
4.37177
3.41248
3.27792
3.52736
3.66543
3.72598
3.96812
3.87208
3.97787
4.11065
4.3724
4.348
4.99939
4.61766
5.11209
4.05022
3.84781
3.55648
3.41228
3.38663
3.86401
3.74674
3.82103
4.06568
4.07892
4.08968
4.06997
4.16678
5.42951
5.40581
5.35636
5.33021
8.16413
5.30292
8.63415
5.2514
5.22651
3.03744
2.89327
2.85528
2.71028
3.26128
3.71843
2.90433
2.9565
3.99193
5.28962
3.75579
2.9563
3.73524
2.89767
2.64709
2.59205
2.84371
2.99368
2.97652
2.74201
2.76867
2.76086
2.89874
3.03005
3.69614
3.07125
3.71773
3.95474
3.68333
2.93047
2.89592
2.9051
3.74556
2.83094
2.71587
2.80958
2.66642
2.66857
2.90807
2.86062
2.65592
2.67664
2.88898
2.92422
2.88405
2.89366
2.94286
3.7458
3.74617
1.07755
1.04459
0.998694
1.023
1.46029
1.41275
1.3377
1.21683
2.68311
2.71112
2.69867
2.87624
2.90503
2.91589
2.64208
2.37445
2.65632
1.68348
1.8012
1.89076
1.96128
1.94309
2.0013
2.13239
2.4599
2.6857
2.89232
2.81497
2.52182
2.74658
2.52622
2.89364
2.95744
2.44328
2.5481
2.42046
2.38488
2.45015
2.68311
2.3771
2.69119
2.68167
2.41815
2.35684
1.87807
2.14516
1.81974
2.66193
2.6402
1.46395
1.62383
1.423
1.31716
1.21566
1.42232
1.15437
1.65937
4.11134
3.77006
5.2276
4.98651
5.88318
5.88258
5.38014
6.01818
6.02249
5.9788
4.11019
3.13869
4.27408
5.87869
5.47092
5.61338
5.88149
4.06699
4.01264
3.93422
5.41258
5.42164
5.4046
5.40357
5.4977
8.91868
8.9438
5.52049
8.96085
8.88586
8.84518
8.79588
8.73776
8.67207
14.0249
64.3529
73.0108
68.6681
22.1755
110.057
26.9695
112.661
17.5033
18.4638
100.65
104.02
81.4368
85.5198
89.4992
77.2684
28.727
7.97589
86.1547
15.4438
49.3475
3.32211
4.73743
8.38275
3.59636
3.28432
3.5799
4.01754
4.1454
4.3358
4.23095
4.47818
4.9492
5.1605
5.2713
6.28786
6.4791
6.12582
4.76059
3.56822
4.01922
4.25337
4.1572
5.01222
4.13572
5.16776
5.15364
5.17789
5.13678
5.20182
8.02532
8.08799
8.25252
8.35802
36.1766
8.46729
43.8614
8.84601
9.09329
3.23131
3.14484
3.07668
2.57708
3.48797
3.74454
3.74338
5.26569
8.71828
5.31529
3.74171
5.34174
3.74192
3.03978
2.83765
2.9494
3.13566
3.25906
3.17217
3.22204
2.90373
3.1047
2.9196
2.97102
3.11519
3.32121
4.03928
3.98446
3.32979
4.10405
5.24184
3.74637
3.7467
3.74668
5.46059
3.05772
2.89729
3.05505
2.9211
3.74406
3.74465
2.88716
3.74291
3.74127
3.74564
3.74535
3.74645
5.57362
5.55831
1.15345
1.09935
1.08291
1.11752
1.63931
1.57642
1.43357
1.32973
2.93384
2.89718
3.72065
3.71373
3.72675
2.93254
2.71788
2.92522
1.87497
1.7823
2.03441
2.17811
2.25305
2.2072
2.23134
2.39349
2.82988
2.69578
2.92364
2.90723
3.48937
3.5475
2.9454
3.17224
2.90234
3.63068
3.54428
2.81436
2.93088
2.73393
2.70402
2.72176
2.9515
2.73545
2.96351
2.92785
2.8668
2.39312
2.81722
2.20811
1.9507
3.05923
3.12472
1.60839
1.76486
1.54813
1.43821
1.32365
1.23107
1.54896
1.17855
1.90542
5.4995
5.78239
8.26193
8.35626
8.46055
8.55053
8.62165
5.41992
3.96666
5.4229
7.45379
5.9598
6.91226
7.29902
8.27396
5.43522
5.45354
5.4739
8.87819
8.90187
8.85132
8.82167
8.9683
13.9596
14.0543
8.96929
14.1709
13.8872
13.8404
13.8238
13.8464
13.9136
60.0765
218.618
225.094
222.187
107.165
223.852
114.977
221.4
93.3653
97.0908
229.103
227.743
228.992
230.041
230.545
227.349
117.018
30.5343
107.747
21.5864
60.8888
4.00892
8.76298
6.26979
3.37904
3.73113
4.37566
3.67115
4.40172
5.28333
5.11793
5.36116
5.28226
6.397
6.62814
6.55847
12.4967
12.9504
12.0419
11.6034
4.13673
6.11323
7.20471
7.2197
9.29832
5.0949
11.1784
10.0199
9.68218
10.3829
9.37241
32.3878
34.2695
38.1015
40.0336
123.003
41.9693
126.575
45.7131
47.5289
3.23321
3.39534
3.35408
3.09909
3.31742
21.8642
5.04524
2.82346
5.43839
5.41535
8.92583
43.9317
8.5553
5.3672
8.44834
5.39166
3.32344
3.21624
3.34372
3.55762
3.73655
3.70721
3.75454
3.33284
3.43757
3.26245
3.32517
3.402
3.80426
5.17117
5.19478
3.74857
5.21773
9.16893
5.48218
5.50298
5.52278
8.07491
3.35867
3.18763
3.25847
3.74497
5.62942
5.62091
3.73919
5.63638
5.64144
5.58743
5.59991
5.54131
8.06168
8.03433
1.23761
1.16932
1.13999
1.71349
1.67657
1.59002
1.41067
1.35949
3.73599
3.73175
5.62839
5.61765
3.70608
5.63683
3.69783
2.18443
2.06291
2.39693
2.37365
2.63605
2.3808
2.44462
2.76813
3.52339
3.40577
3.45241
3.69844
4.00753
3.98762
3.11838
3.18297
3.61602
3.10383
3.93309
3.44166
2.90694
2.90915
3.6892
3.66505
3.66463
3.07662
2.8597
3.31944
2.33387
2.30382
3.80784
3.66351
1.76191
1.72825
2.05408
1.75531
1.61641
1.48417
1.34945
1.76457
1.34038
2.12333
8.73922
8.6821
14.3416
14.5422
14.7091
14.8404
14.9318
8.78562
4.80991
6.08341
8.57568
7.23863
8.65085
8.68624
14.1275
8.92398
8.94381
8.959
14.9858
14.921
15.026
15.0486
14.4508
38.7934
36.3118
14.3049
34.11
41.5783
44.6937
48.1492
51.9053
55.9087
214.356
457.583
448.593
453.511
225.986
392.741
218.737
388.475
230.528
230.04
407.493
402.238
437.251
431.172
425.045
443.116
215.991
118.808
191.641
252.004
35.2883
90.5192
14.843
10.1844
3.70918
5.39172
5.83557
5.56994
7.71658
7.54445
6.72889
12.3649
13.4626
13.7741
61.4476
62.6365
60.1855
58.8442
6.20795
9.51522
9.12599
10.7099
10.9796
10.5802
16.0028
10.7701
57.424
52.7349
51.0452
54.3628
49.308
120.379
121.771
124.091
125.043
206.729
125.871
200.653
127.163
127.641
3.49116
3.59048
3.55515
3.37472
3.45196
91.8802
27.7008
11.8706
3.35161
8.12265
8.18378
45.7746
126.702
42.0439
8.34473
40.1144
8.25806
3.68578
3.44275
3.63963
3.52482
3.9496
4.08981
3.95954
4.01109
3.71003
3.44318
3.49929
3.61868
4.11829
10.0813
5.15494
9.74863
9.44393
47.5836
8.03992
8.01911
8.01129
30.6335
3.45882
3.40053
3.51393
5.611
8.29443
8.23782
5.64436
8.35548
8.421
8.09665
8.13814
8.01696
20.9287
22.2969
1.23821
1.2642
1.25257
1.9576
1.93811
1.68241
1.56349
1.45358
5.64495
5.64223
8.79132
8.85611
5.60421
8.72047
5.58952
2.525
2.2925
2.27059
2.72451
2.79904
3.05253
2.79246
2.92846
3.12521
4.04663
3.5536
3.84659
5.47819
5.42132
5.4046
3.62706
3.69653
4.0855
3.54105
5.43972
3.70792
3.68018
3.6715
5.57265
5.49781
5.51713
4.01336
3.0647
4.3594
2.84073
2.60583
4.9009
4.70324
2.0922
2.03862
2.15382
1.90531
1.86263
1.63568
1.4829
1.45036
1.3641
2.50781
15.0421
15.0008
28.9282
28.579
28.1953
27.8253
27.5083
15.0548
5.71813
7.03094
13.5481
8.33554
13.7271
13.9075
29.1987
14.8365
14.7266
14.5961
27.0177
27.1664
26.9444
26.9477
30.5685
178.694
171.898
32.1923
164.926
185.321
191.78
198.037
203.974
209.458
460.633
816.652
816.311
816.168
397.317
825.454
384.464
825.205
419
413.108
824.466
825.12
818.195
819.527
821.01
817.022
213.324
380.675
236.728
300.548
40.8462
131.421
85.3082
15.0145
26.5712
13.4727
5.50336
6.59345
9.99619
9.1592
17.5974
13.8922
15.0022
66.7181
24.0274
63.7488
64.8013
128.095
127.827
128.314
128.482
9.65622
9.6059
17.875
19.8517
19.6037
20.6955
18.1908
28.0053
55.9288
128.588
128.486
128.296
128.595
128.015
210.851
208.663
205.003
203.44
367.336
201.995
199.377
357.361
198.162
3.98487
3.75444
3.49523
95.6591
49.796
11.8522
5.64903
32.4812
34.36
127.284
200.731
126.001
38.1852
125.177
36.2618
3.98679
3.91188
3.82957
4.08046
3.9599
5.03847
5.18751
4.78146
5.11366
4.18728
4.01356
3.80035
3.81889
4.04656
52.7685
10.4382
51.0862
49.3564
127.756
28.8322
27.0791
25.3915
118.95
3.54147
3.6627
3.73981
8.18565
16.1314
16.828
8.49217
15.5535
15.0936
19.6978
18.6054
23.7905
104.174
107.313
1.37682
1.40368
2.08712
2.24359
2.11404
1.96002
1.67712
1.62517
1.47302
8.56928
8.64582
14.0871
14.0246
8.91419
14.1958
8.96378
3.08031
2.57733
2.69572
3.23779
3.04535
3.12229
3.61328
3.11823
3.76391
5.10061
3.81091
5.45713
9.0864
9.04913
9.02519
5.38674
3.9698
3.99527
9.06827
3.90576
5.55507
5.53603
9.0052
9.08575
9.07755
4.5097
4.47111
3.93411
4.76166
4.94788
3.39144
3.19365
5.5406
5.73667
2.36053
2.63204
2.16289
2.10834
1.92599
1.59251
1.5712
1.4747
2.72724
27.1087
27.2735
52.0164
56.5568
61.993
68.152
74.7806
27.0035
6.6204
8.08735
28.9593
13.296
29.2653
29.3353
48.4469
27.5695
28.2668
29.2594
116.11
123.034
109.21
102.33
150.656
455.808
451.707
157.818
446.696
459.012
461.338
462.764
463.205
462.536
818.052
825.485
824.786
822.427
823.605
377.039
824.358
351.018
304.249
229.609
214.495
128.429
78.6473
27.2167
39.1867
25.0474
8.60132
10.6915
14.6658
16.9624
26.9964
25.7351
65.775
126.49
67.6298
127.524
127.193
189.15
188.317
190.015
190.911
14.6665
15.211
29.5299
27.519
29.4758
30.7673
70.4309
128.625
191.832
194.815
195.889
193.785
197
373.628
370.398
364.512
361.927
822.038
359.529
355.327
819.556
353.43
7.91731
4.13178
3.86291
3.75617
227.533
184.019
56.8605
19.4571
13.9174
120.518
121.91
199.453
357.476
202.077
124.227
203.522
123.139
4.44669
4.11315
4.45173
4.02067
4.30888
4.82908
4.30648
6.14697
11.2215
11.6396
10.8198
5.36877
4.91129
4.17005
4.58654
4.74723
128.587
54.3882
128.401
128.125
198.235
117.162
115.124
112.807
213.386
3.9321
3.86744
4.19648
17.6492
85.6679
89.6491
14.7678
81.5825
77.4245
100.807
97.25
110.202
227.822
226.053
1.49823
2.47733
2.56743
2.46667
1.99057
1.76439
1.67083
14.5467
14.3478
56.0418
52.0706
14.0039
60.1994
14.0227
3.5823
3.25098
3.12779
3.80981
3.54888
3.7595
4.20874
3.7509
4.31663
5.78846
5.96012
5.46589
9.07981
14.6166
14.9684
15.0607
8.99553
5.37454
5.36892
14.8612
5.38187
9.03789
9.06178
14.0747
14.4904
14.3673
5.09875
4.82601
4.38827
5.57439
5.46916
3.92504
3.50812
6.11094
6.63661
2.71077
3.0598
2.55363
2.48464
2.02077
1.80383
1.76524
1.70467
3.26361
88.5544
81.6083
281.491
306.788
330.077
350.685
368.047
95.4711
13.0739
42.4127
28.4292
43.8312
45.7552
255.06
129.8
136.622
143.55
416.086
419.06
412.384
407.638
435.282
845.884
854.583
441.082
864.563
838.488
832.389
827.458
823.48
820.385
823.717
484.36
341.04
158.228
143.18
427.641
179.811
124.613
77.9794
101.032
35.4302
34.0898
13.9866
14.2648
24.1029
69.4957
68.538
126.843
185.449
126.138
187.528
186.787
341.009
339.949
342.163
343.369
22.89
23.7584
72.131
71.2828
72.9265
73.7228
125.181
192.794
344.566
348.583
350.077
347.171
351.688
823.092
822.603
821.409
820.882
820.182
818.925
818.122
23.1687
9.4492
6.59702
6.59271
4.99839
4.53525
293.791
240.409
34.7236
90.2939
23.6278
210.917
208.734
355.435
820.066
359.652
205.083
362.055
206.804
5.37989
4.95714
5.39067
4.53972
5.16609
6.47555
5.23687
12.0704
57.4338
58.8454
55.9467
6.50783
6.57461
5.14601
6.48055
6.69108
194.88
128.691
195.956
197.071
353.536
216.051
218.799
221.461
377.144
5.24824
4.63454
5.1047
93.5203
230.143
230.641
73.1622
229.098
227.477
229.192
230.137
223.913
402.332
397.406
1.65056
2.66105
3.16925
2.76254
2.14451
2.04336
1.74938
68.8142
64.4729
209.548
204.123
48.323
214.437
44.8682
4.64215
3.98744
3.88003
3.39166
4.95418
4.04615
4.00268
4.31139
5.25858
4.25661
5.27502
8.7445
8.67002
8.81389
14.7437
30.8944
27.9888
27.5366
15.1397
8.96178
8.92173
28.6987
8.87445
14.1533
14.2531
41.7083
32.4166
34.245
5.9329
6.15016
5.46952
4.66357
6.89057
4.44459
4.22965
7.31317
2.78275
3.05664
4.01329
2.68662
2.88562
2.29004
1.93497
1.82258
1.77581
4.15095
393.004
382.02
905.137
933.213
954.135
968.047
975.497
401.375
27.8373
12.8893
41.2551
180.614
203.351
228.545
870.284
421.688
425.13
429.739
942.932
932.416
952.845
961.969
887.037
875.608
348.808
636.043
153.378
90.9409
909.228
316.602
183.365
124.694
76.9555
78.8699
72.7407
23.5521
27.8181
125.477
125.799
186.09
184.867
336.419
338.93
337.991
810.52
809.76
811.373
812.264
33.7792
31.8933
124.704
124.922
124.544
124.429
74.5952
183.461
345.842
813.101
815.716
816.522
814.832
817.314
35.4284
23.0941
11.0228
7.91124
6.30791
6.19495
290.778
208.571
352.8
311.807
45.2559
131.99
85.1168
373.738
370.498
819.464
820.67
364.638
821.355
367.456
6.94063
6.52688
6.60243
6.47706
6.49786
12.5164
60.1779
128.674
128.564
128.716
13.4634
13.7761
8.17957
9.14762
9.40418
10.1191
9.78453
193.846
348.69
350.185
351.796
818.692
380.777
384.58
388.578
824.059
7.69115
7.807
7.08007
230.625
431.303
425.16
225.227
437.395
443.305
407.598
413.229
392.837
825.428
825.813
3.21447
3.84162
2.75149
3.53284
2.44642
2.16424
2.00596
222.307
218.699
462.763
463.56
198.203
460.79
191.93
5.49264
5.43708
5.07502
4.68371
4.51063
5.76602
5.06305
5.25043
5.2458
6.00544
5.34713
6.09928
15.1499
15.0611
8.59172
15.2093
29.6554
151.225
130.983
124.088
27.3545
15.1951
15.226
137.744
15.2323
38.8885
36.3939
185.361
158.03
164.884
11.7051
12.2964
10.8199
5.01797
12.5947
4.88895
4.85963
3.76098
3.9641
4.22412
3.71984
3.98369
2.93429
2.1873
2.73078
2.19609
1.99301
975.145
977.456
969.669
27.0833
40.0896
161.248
736.397
784.292
829.495
921.558
910.336
898.682
203.078
348.455
750.322
116.713
74.4877
760.923
338.459
182.275
124.42
76.1923
68.9096
33.3305
183.868
184.339
337.163
335.78
806.626
809.019
808.201
75.3784
182.813
183.103
182.574
182.401
124.376
334.538
813.982
78.434
34.0144
20.6572
12.585
10.6176
10.8534
104.225
144.71
485.976
345.269
166.886
214.85
128.485
823.501
822.986
821.869
822.438
14.9488
12.4997
15.8541
12.2071
12.9632
61.4315
128.391
191.887
190.963
192.852
63.7153
64.7578
16.4018
17.4373
18.6487
19.2029
21.4331
347.276
816.387
817.159
817.918
824.69
825.16
825.569
13.5731
11.6269
11.4098
419.115
819.815
821.323
448.815
818.429
817.328
824.765
823.907
825.803
3.72498
3.83258
4.88925
3.18939
4.21857
2.78757
2.48454
2.12736
453.703
457.733
820.508
823.626
463.175
818.308
461.635
7.47612
5.57265
7.00951
5.94873
5.63549
5.20758
8.29103
5.90082
5.88308
8.29642
27.6355
27.8736
14.9545
8.49785
27.4484
144.452
436.233
424.536
422.142
116.855
27.2509
27.2454
427.62
27.3151
178.612
171.754
459.025
441.275
446.329
23.1765
24.8849
21.1332
10.1661
26.0983
9.58804
8.64116
3.77174
3.86983
7.91269
4.25232
3.96405
2.49362
3.01714
2.47969
2.26433
39.3023
145.533
687.612
188.372
304.373
415.818
89.1882
71.668
68.6497
779.249
336.368
182.382
124.403
334.846
335.277
807.443
805.767
124.358
334.258
334.347
334.284
182.306
334.461
802.845
124.635
77.8858
25.3605
15.5013
14.233
15.2163
76.4517
84.4429
639.971
358.37
170.26
100.353
179.908
428.908
65.7246
23.4426
66.6536
25.0972
62.6123
128.168
190.064
344.671
343.473
345.949
127.589
127.254
27.4705
27.3404
29.2704
28.3856
19.9048
815.54
22.9394
20.6328
822.69
816.639
4.67289
4.80158
5.67758
4.02406
3.30785
4.79499
2.86365
2.71464
2.43325
816.477
816.958
827.735
832.848
8.81902
7.2446
8.69325
7.11382
6.70905
6.78286
14.341
8.3933
14.5221
80.7953
74.2052
28.157
14.8261
87.7251
431.546
884.887
920.677
932.638
419.049
109.503
102.132
908.548
94.871
455.474
451.144
839.015
873.912
863.671
38.9292
38.7014
39.4838
18.3908
38.8039
15.0828
12.7047
7.47722
7.77437
11.0499
7.78004
4.04195
2.8635
4.10419
3.02609
2.57615
133.547
639.74
143.724
331.128
489.434
80.9157
70.6698
65.3985
66.0754
784.634
336.759
182.319
62.3771
59.8628
59.1514
803.905
804.851
182.276
800.524
801.799
799.184
334.779
797.788
183.394
124.68
76.8924
35.6591
25.8657
24.1937
24.2543
70.7015
73.4088
755.257
360.976
224.156
130.029
79.9841
316.96
910.954
126.901
67.5704
126.545
68.4432
127.896
189.195
342.264
813.884
813.088
814.728
187.566
186.822
69.367
70.2314
71.1128
71.9302
31.2398
33.1924
29.7727
5.15697
5.38634
6.45294
4.67288
4.08101
5.35407
3.63936
3.28405
13.998
8.60694
14.156
8.49246
7.88513
29.0856
14.6795
28.93
379.867
365.19
68.0095
28.4419
391.929
896.528
944.423
414.815
409.066
401.578
846.206
854.405
112.723
117.787
40.2737
108.936
124.506
41.2709
42.533
9.24593
10.1763
43.6598
7.99484
9.81949
3.8148
4.28796
3.2117
3.94296
2.95792
594.313
116.592
299.927
549.048
80.4454
70.2044
63.0589
790.089
336.018
61.5895
62.0384
335.322
796.238
182.258
338.775
124.41
76.0525
33.8069
33.2223
69.0519
63.7135
428.521
326.134
208.459
97.3547
75.9859
762.821
186.121
126.19
185.476
125.846
188.359
341.109
812.237
339.027
338.084
125.519
125.218
124.953
124.728
72.7979
74.4248
73.5749
5.69536
6.12156
7.53385
4.91066
4.16893
6.50603
6.08856
3.79092
3.47099
29.0508
13.7697
29.1469
13.5439
13.3226
50.2792
28.7053
53.5505
979.899
976.92
347.623
62.4642
978.385
955.538
965.393
973.308
484.935
516.516
106.067
457.209
552.895
104.031
102.298
40.128
43.2782
98.8365
8.0484
11.1176
40.0482
4.1654
4.56929
102.879
262.251
591.483
82.444
70.5455
792.473
60.3147
794.581
182.348
336.555
781.085
124.397
75.2556
66.912
70.1356
61.6649
67.6079
64.5531
502.967
357.026
159.57
86.59
75.136
337.253
184.889
336.507
184.354
340.049
811.428
810.016
809.244
183.878
183.463
183.099
182.802
124.56
124.381
124.439
7.02979
12.9593
5.4761
4.59792
11.9458
11.2533
4.35424
4.12191
45.8193
28.742
47.7241
28.266
27.6506
256.51
57.6293
281.511
968.327
327.59
430.706
406.935
386.169
82.284
90.2085
368.686
8.43805
12.4786
42.8705
82.5064
99.9206
223.711
622.722
84.989
72.2064
64.6234
62.7784
65.7099
182.281
336.863
786.483
124.358
64.9942
74.5503
62.5301
573.269
326.511
127.646
85.1415
808.534
335.863
807.767
335.353
810.711
334.916
334.6
334.402
182.557
334.306
182.278
182.379
12.4845
26.9002
10.3362
5.1441
24.9147
23.4789
4.89364
206.747
44.3711
231.174
43.1784
41.9438
870.052
305.429
904.361
953.612
346.25
354.898
9.08203
14.1797
44.2097
89.0025
346.275
102.7
192.173
643.285
88.1687
75.5873
66.4581
70.3302
182.243
336.081
791.903
74.6207
86.9862
66.0762
623.24
286.253
110.724
64.3223
806.958
806.095
805.203
804.199
803.211
334.326
801.996
334.82
334.502
26.0061
41.0254
21.7326
9.74195
40.4225
40.695
785.416
184.049
829.945
164.005
147.674
932.322
16.4457
43.9272
96.9837
354.894
107.349
169.454
656.649
92.8422
80.8283
335.371
794.238
89.6464
76.3013
105.966
659.924
244.344
65.4467
68.2686
800.716
797.89
799.38
40.541
134.769
41.2633
19.3791
118.209
112.851
738.012
689.394
641.342
43.057
100.99
368.782
111.987
157.336
664.202
99.7771
89.2012
77.5452
79.4496
796.291
107.997
92.8947
79.7023
209.183
684.545
72.1843
125.411
595.562
108.775
42.0945
516.755
485.005
103.347
386.421
119.334
155.271
667.388
109.294
101.655
86.8309
183.29
112.382
97.4707
85.3858
700.827
80.0909
553.584
457.264
105.732
407.255
128.734
154.532
667.14
121.037
118.176
92.535
710.422
168.642
116.489
104.105
93.6736
430.956
139.253
156.432
663.097
133.389
134.835
108.476
118.712
714.836
165.332
123.239
112.825
104.745
93.0055
149.191
159.22
656.719
143.867
138.835
132.419
714.874
163.14
131.857
122.822
116.85
97.4889
156.501
161.369
647.098
146.779
137.962
129.604
143.118
709.647
163.49
141.275
132.806
107.577
158.705
162.756
635.164
141.347
131.234
124.197
699.771
164.349
149.931
114.536
155.879
163.273
620.84
683.769
164.089
163.392
613.473
662.071
636.632
)
;

boundaryField
{
    flap
    {
        type            omegaWallFunction;
        value           nonuniform List<scalar> 0();
    }
    freestream
    {
        type            fixedValue;
        value           uniform 0.600601;
    }
    main
    {
        type            omegaWallFunction;
        value           uniform 0.600601;
    }
    BaseAndTop
    {
        type            empty;
    }
    procBoundary0to1
    {
        type            processor;
        value           nonuniform List<scalar> 
150
(
0.63641
0.62886
0.603971
0.700204
0.762729
0.700204
0.607718
0.798441
0.587544
0.92413
0.575666
1.26099
0.571251
0.566229
0.655248
0.655248
0.695699
0.624856
0.580668
0.619791
0.571182
0.562314
0.766324
0.749764
0.57476
0.562816
1.03167
0.576196
0.572071
0.563228
1.47489
0.563255
0.559541
0.563747
0.563747
0.559234
0.5653
0.5653
0.559686
0.562863
0.56071
0.563148
0.557398
0.565659
0.557855
0.567068
0.558158
0.56742
0.558491
0.567479
0.558994
0.558213
0.568119
0.56139
0.568154
0.56139
0.570226
0.563333
0.563333
0.573842
0.565423
0.579527
0.568013
0.59068
0.572046
0.597859
0.581536
0.631853
0.58905
0.67034
0.611825
0.726712
0.793162
0.643088
0.888075
0.682881
0.731615
1.03189
0.731615
1.03189
0.807988
1.21809
0.807988
0.924585
1.34008
0.924585
1.66562
1.12795
1.66562
1.25817
2.0565
2.0565
1.51834
2.84383
1.92305
2.19351
3.50789
4.56949
3.02966
37.3047
2.61667
37.3047
150.167
10.0681
10.0681
243.07
51.2683
51.2683
165.64
188.772
165.64
103.464
271.458
70.5021
207.6
88.3158
65.3278
73.6111
62.8987
59.0363
55.4621
54.307
70.0361
64.0443
60.3275
58.9766
58.9766
56.5486
62.5972
57.3042
58.6283
60.877
57.7699
60.2194
68.845
60.6385
72.3125
75.9464
66.6999
66.6999
71.9633
71.9633
90.69
82.3872
114.292
82.3872
93.7887
143.982
112.954
128.768
)
;
    }
}


// ************************************************************************* //
