/*--------------------------------*- C++ -*----------------------------------*\
| =========                 |                                                 |
| \\      /  F ield         | OpenFOAM: The Open Source CFD Toolbox           |
|  \\    /   O peration     | Version:  v2012                                 |
|   \\  /    A nd           | Website:  www.openfoam.com                      |
|    \\/     M anipulation  |                                                 |
\*---------------------------------------------------------------------------*/
FoamFile
{
    version     2.0;
    format      ascii;
    class       labelList;
    note        "nPoints:14482  nCells:11961  nFaces:43124  nInternalFaces:18811";
    location    "constant/polyMesh";
    object      neighbour;
}
// * * * * * * * * * * * * * * * * * * * * * * * * * * * * * * * * * * * * * //


18811
(
1
2
3
4
5
6
7
6
8
9
10
11
12
11
13
14
15
16
17
18
19
20
17
21
16
22
23
24
25
26
27
26
28
29
27
30
31
32
32
33
25
34
35
36
37
29
38
39
35
40
34
41
42
43
44
45
46
47
47
48
46
49
50
51
48
52
53
54
53
55
55
56
57
58
57
59
60
61
62
50
63
64
65
59
66
67
58
68
69
70
71
72
73
74
75
76
76
77
77
78
75
79
80
81
81
78
82
83
84
84
85
71
83
86
87
73
88
85
89
90
91
92
93
94
80
95
96
97
89
98
99
100
101
87
102
103
90
104
105
106
95
107
108
109
108
110
98
111
112
113
114
113
115
116
117
118
117
119
119
120
121
122
123
120
124
106
125
126
109
127
128
129
111
130
131
114
132
133
134
135
136
137
138
122
139
140
141
123
142
143
126
144
136
145
146
132
147
130
148
147
149
150
151
152
153
135
154
155
156
157
158
152
158
159
160
159
161
160
162
162
163
143
161
164
165
146
166
167
168
169
170
169
171
151
172
173
174
155
175
156
176
177
178
179
180
181
182
183
164
184
185
167
186
187
188
187
175
189
190
172
191
189
192
193
194
195
194
196
197
179
198
178
199
200
201
196
202
203
203
204
204
205
205
206
207
208
208
209
210
202
211
212
191
213
214
213
215
195
214
216
217
218
219
220
200
221
219
222
223
224
225
226
227
228
207
229
230
231
232
233
233
234
234
235
220
236
237
238
236
239
240
241
240
242
241
243
244
245
246
247
223
248
247
246
249
243
250
251
228
251
252
252
253
254
255
255
256
256
257
258
259
250
260
261
262
263
263
264
262
265
266
267
264
268
269
248
270
271
272
273
274
275
276
277
278
279
254
280
281
282
283
284
285
284
286
260
287
288
272
289
290
291
292
289
293
294
295
294
296
295
297
296
298
271
299
300
301
276
302
302
303
303
304
305
298
306
279
307
307
308
308
309
309
310
310
311
312
311
313
287
314
315
316
317
318
319
320
321
322
322
323
320
324
325
326
327
323
328
329
304
330
301
331
332
333
334
335
336
337
317
338
339
340
341
342
343
314
344
344
345
346
316
347
348
349
332
350
321
351
352
353
354
355
350
356
357
358
357
359
360
361
359
362
338
361
363
364
363
365
366
337
367
367
368
368
369
370
371
372
373
373
374
374
375
343
375
376
377
378
379
347
380
381
382
383
383
384
385
386
387
388
389
387
390
355
391
392
388
393
394
360
395
396
397
398
399
400
401
369
402
366
403
404
405
406
407
408
408
409
384
410
411
412
413
378
414
379
415
416
417
415
418
382
419
420
421
422
404
423
389
424
425
426
427
391
428
429
399
430
423
431
432
433
432
434
433
435
398
436
437
438
435
439
402
440
441
442
443
443
406
409
444
444
445
446
447
448
449
450
451
452
451
453
453
454
455
456
457
457
458
419
459
460
461
462
461
463
448
464
465
425
466
467
427
468
469
470
471
430
471
472
468
473
474
475
476
477
478
476
479
449
479
480
481
480
482
442
483
483
484
485
486
487
484
488
489
490
489
491
492
492
452
493
494
495
496
456
497
458
459
498
499
500
501
462
502
503
504
464
505
506
486
507
469
508
470
509
510
511
512
513
481
514
515
516
517
518
478
519
520
518
521
522
523
524
525
522
526
527
528
529
530
531
491
532
532
533
534
535
536
537
538
495
496
539
540
540
541
542
543
500
544
545
502
546
547
505
548
547
549
550
551
552
516
553
554
555
554
556
557
558
557
559
556
560
561
562
561
563
564
565
566
519
567
568
569
521
570
571
572
570
573
574
575
574
576
575
577
530
578
579
580
531
581
582
553
583
579
584
535
585
586
585
587
552
573
539
588
589
590
543
591
544
592
593
594
546
595
596
597
549
598
599
551
600
601
602
603
604
559
605
606
607
565
608
609
562
610
611
612
576
613
566
614
615
616
568
617
618
572
617
619
618
620
621
622
623
624
625
621
626
580
627
628
629
582
630
631
587
632
632
633
634
635
636
637
590
638
639
639
640
593
641
642
595
643
644
597
645
646
600
647
646
647
648
649
650
622
649
616
630
605
651
652
651
653
654
655
655
656
654
657
658
659
613
660
658
660
661
662
663
662
664
665
666
667
668
669
668
670
671
669
625
672
673
674
675
674
676
677
678
633
679
679
680
681
677
682
683
684
636
685
685
686
687
638
688
689
690
691
692
693
694
691
695
694
696
645
696
697
698
699
650
700
701
702
703
704
705
659
706
707
708
664
709
710
711
712
713
714
715
716
717
665
718
719
720
721
722
722
723
724
725
723
726
676
721
673
727
728
729
716
727
730
731
680
732
733
734
720
735
735
736
737
738
738
739
740
741
737
742
743
690
744
692
745
746
695
747
748
749
750
698
751
752
700
753
754
702
755
756
706
757
711
758
757
759
760
710
761
761
762
762
763
764
765
713
766
767
715
768
769
770
771
772
773
774
772
775
776
777
778
779
725
780
781
780
782
783
784
785
730
785
786
736
787
787
788
734
789
790
791
792
793
794
789
795
742
796
796
797
798
744
799
800
746
801
800
802
803
803
804
805
806
804
807
807
808
753
809
810
811
812
781
813
811
814
815
816
817
817
818
767
819
820
821
775
822
765
823
824
825
826
827
826
828
770
829
830
773
831
832
833
776
834
835
836
778
837
838
838
839
840
841
839
842
784
843
844
845
837
846
847
790
848
849
850
836
851
851
852
853
854
795
853
855
856
857
854
856
858
859
805
860
806
861
862
863
864
865
866
809
867
868
812
868
869
870
871
872
872
873
819
874
824
875
876
874
877
878
821
879
880
880
881
882
883
884
885
886
885
886
887
829
888
889
843
890
891
892
835
893
892
894
895
896
897
896
898
899
900
841
901
871
901
902
903
904
905
846
905
906
852
907
908
909
910
911
910
912
913
914
915
916
911
917
918
918
919
920
921
860
921
922
862
923
924
925
926
927
928
927
929
867
925
930
931
873
932
932
933
934
935
936
937
938
939
940
941
941
942
887
943
883
944
945
897
946
884
947
948
949
950
951
952
950
953
890
954
955
893
956
957
958
895
959
960
961
962
963
964
900
964
965
966
965
967
904
955
968
969
963
970
909
971
912
972
973
974
975
976
961
977
971
978
917
979
979
980
981
980
982
983
984
928
984
929
985
926
986
987
988
989
990
991
992
993
933
992
994
995
966
996
996
997
994
998
943
999
949
1000
940
1001
1002
1003
999
1004
1005
945
1006
1007
1008
1009
1010
1011
1011
1012
1013
1014
952
1015
1016
1017
1018
1018
1019
1020
1021
1022
959
1023
962
1022
1024
961
1025
1026
1027
1028
1029
1030
1030
1031
1032
1033
1033
1034
1034
1035
1036
1037
1038
1037
1039
1040
1041
1042
1043
1038
1040
978
1044
1045
1046
1047
1046
1048
1049
1050
1051
1052
1052
986
1053
1054
988
1055
1056
1057
1058
1058
1059
1057
1060
1061
1055
1062
1063
1064
1065
1066
998
1067
1068
1069
1070
1071
1071
1072
1003
1073
1004
1074
1016
1075
1076
1077
1008
1076
1078
1026
1079
1013
1080
1081
1077
1082
1070
1015
1017
1083
1084
1085
1086
1020
1087
1088
1023
1089
1090
1091
1092
1093
1044
1094
1095
1035
1096
1096
1097
1097
1098
1099
1098
1100
1088
1101
1102
1103
1104
1039
1105
1106
1107
1108
1109
1043
1110
1111
1112
1113
1114
1105
1115
1116
1050
1117
1111
1118
1119
1120
1121
1122
1123
1060
1124
1056
1124
1125
1126
1127
1128
1123
1129
1130
1062
1064
1131
1065
1132
1133
1134
1099
1135
1135
1136
1132
1136
1075
1137
1138
1139
1073
1140
1141
1137
1142
1143
1144
1145
1146
1147
1146
1148
1149
1150
1150
1151
1151
1152
1084
1153
1154
1155
1156
1087
1156
1157
1158
1159
1160
1160
1161
1092
1162
1163
1094
1164
1165
1161
1166
1167
1168
1169
1170
1170
1171
1172
1173
1103
1173
1174
1175
1176
1177
1178
1179
1178
1180
1177
1179
1180
1181
1181
1182
1183
1113
1184
1185
1115
1186
1187
1117
1118
1188
1189
1190
1191
1188
1191
1192
1123
1193
1194
1126
1195
1196
1197
1198
1198
1199
1199
1200
1197
1201
1195
1202
1203
1202
1204
1203
1205
1206
1207
1208
1209
1210
1211
1212
1211
1213
1213
1214
1214
1215
1154
1216
1217
1218
1152
1218
1219
1217
1220
1166
1221
1210
1222
1223
1224
1225
1155
1226
1227
1228
1229
1230
1231
1172
1230
1162
1232
1233
1234
1235
1164
1236
1237
1186
1238
1239
1168
1176
1240
1240
1241
1242
1241
1243
1244
1245
1175
1246
1247
1248
1249
1250
1251
1252
1253
1185
1254
1255
1256
1256
1257
1258
1259
1260
1261
1262
1255
1262
1263
1264
1265
1266
1200
1265
1196
1267
1268
1269
1270
1271
1272
1273
1267
1274
1275
1276
1205
1277
1278
1242
1279
1276
1280
1215
1216
1212
1281
1282
1283
1284
1285
1286
1287
1288
1289
1290
1221
1291
1292
1293
1294
1223
1295
1296
1296
1297
1297
1298
1227
1299
1300
1301
1302
1231
1302
1303
1304
1305
1306
1234
1307
1308
1236
1309
1310
1238
1311
1312
1313
1314
1315
1316
1317
1317
1318
1303
1319
1319
1320
1320
1321
1321
1322
1322
1323
1260
1324
1325
1326
1324
1326
1327
1328
1254
1328
1329
1330
1331
1258
1332
1333
1261
1334
1335
1336
1337
1264
1338
1337
1339
1340
1341
1269
1342
1343
1271
1344
1345
1273
1346
1347
1344
1348
1277
1342
1349
1350
1351
1352
1280
1353
1354
1282
1355
1356
1357
1358
1358
1359
1357
1360
1287
1360
1361
1300
1362
1290
1293
1363
1292
1364
1365
1366
1313
1367
1356
1368
1369
1370
1363
1371
1301
1372
1372
1373
1374
1375
1374
1376
1307
1377
1309
1378
1379
1314
1379
1380
1381
1382
1382
1383
1334
1383
1384
1385
1386
1387
1387
1388
1389
1388
1390
1391
1392
1393
1394
1386
1395
1396
1327
1397
1398
1399
1400
1401
1402
1403
1404
1403
1405
1405
1406
1406
1407
1408
1409
1410
1409
1411
1412
1413
1340
1347
1414
1343
1348
1415
1416
1417
1346
1418
1419
1420
1421
1351
1422
1352
1423
1424
1425
1389
1426
1422
1426
1359
1427
1428
1429
1430
1431
1432
1433
1434
1434
1435
1436
1437
1438
1439
1440
1439
1441
1437
1442
1369
1443
1444
1444
1445
1445
1446
1447
1448
1449
1450
1376
1451
1452
1453
1454
1453
1455
1456
1381
1455
1457
1458
1459
1385
1460
1461
1462
1463
1464
1465
1466
1467
1392
1468
1469
1470
1471
1395
1471
1472
1473
1474
1475
1476
1474
1476
1475
1477
1402
1477
1478
1479
1480
1481
1412
1482
1483
1484
1478
1485
1411
1486
1487
1473
1488
1489
1490
1490
1491
1492
1416
1423
1493
1494
1495
1494
1496
1496
1497
1497
1498
1495
1499
1500
1501
1425
1502
1503
1504
1428
1505
1506
1430
1507
1508
1505
1509
1433
1507
1510
1511
1447
1512
1441
1513
1514
1440
1515
1516
1517
1518
1460
1519
1520
1521
1521
1522
1513
1523
1524
1524
1525
1450
1526
1527
1528
1529
1528
1530
1531
1532
1533
1534
1532
1535
1536
1537
1459
1537
1486
1538
1535
1539
1540
1541
1541
1542
1467
1542
1466
1543
1544
1545
1529
1546
1546
1547
1547
1548
1549
1540
1550
1551
1552
1553
1554
1555
1556
1480
1557
1558
1559
1560
1559
1561
1560
1562
1485
1563
1564
1565
1488
1566
1567
1566
1568
1561
1569
1498
1570
1499
1571
1572
1573
1574
1575
1576
1577
1502
1578
1503
1579
1580
1581
1543
1578
1582
1520
1583
1584
1585
1586
1586
1587
1588
1589
1588
1590
1590
1591
1592
1593
1594
1594
1595
1596
1597
1597
1598
1592
1596
1593
1599
1600
1601
1523
1602
1603
1591
1526
1604
1605
1530
1605
1606
1607
1608
1609
1610
1611
1610
1612
1536
1613
1614
1615
1616
1599
1617
1618
1619
1620
1621
1622
1623
1545
1624
1625
1626
1627
1549
1628
1550
1629
1552
1630
1631
1632
1633
1631
1632
1633
1634
1635
1636
1635
1637
1634
1638
1639
1640
1569
1563
1641
1642
1636
1643
1568
1644
1645
1646
1647
1648
1649
1650
1579
1651
1574
1652
1653
1654
1655
1576
1656
1657
1651
1654
1658
1659
1581
1660
1661
1583
1662
1663
1585
1664
1665
1666
1662
1667
1668
1664
1669
1670
1671
1672
1673
1674
1598
1675
1676
1677
1678
1679
1680
1681
1602
1680
1682
1682
1683
1684
1685
1686
1607
1687
1688
1687
1689
1613
1690
1691
1612
1692
1693
1694
1692
1695
1696
1697
1644
1696
1618
1698
1699
1695
1700
1701
1702
1622
1702
1703
1624
1658
1704
1703
1705
1688
1706
1706
1707
1708
1709
1701
1710
1646
1711
1712
1713
1714
1715
1716
1717
1718
1719
1718
1720
1649
1721
1721
1722
1722
1723
1724
1725
1725
1726
1727
1647
1728
1729
1730
1728
1731
1732
1657
1733
1734
1653
1735
1736
1737
1656
1738
1739
1740
1741
1734
1742
1741
1743
1742
1743
1744
1681
1745
1746
1746
1747
1747
1748
1748
1749
1750
1751
1751
1752
1750
1753
1685
1753
1683
1754
1755
1756
1675
1757
1758
1754
1759
1759
1760
1760
1761
1698
1755
1762
1763
1764
1765
1686
1766
1767
1768
1769
1770
1768
1771
1691
1772
1773
1774
1775
1776
1777
1778
1779
1780
1777
1781
1782
1782
1783
1783
1784
1785
1786
1787
1705
1788
1789
1790
1709
1791
1710
1792
1793
1794
1712
1795
1796
1796
1797
1797
1798
1720
1798
1719
1799
1799
1800
1801
1802
1803
1804
1805
1724
1806
1807
1808
1800
1809
1731
1810
1811
1812
1813
1813
1814
1815
1816
1817
1818
1819
1820
1821
1820
1822
1822
1823
1821
1824
1740
1825
1817
1788
1826
1827
1749
1828
1828
1829
1830
1831
1832
1833
1834
1835
1830
1836
1837
1838
1839
1757
1840
1841
1761
1841
1842
1843
1844
1845
1846
1846
1847
1845
1848
1848
1849
1850
1851
1851
1852
1850
1770
1853
1854
1855
1856
1778
1857
1775
1858
1779
1859
1860
1859
1861
1862
1863
1864
1781
1865
1866
1867
1868
1869
1870
1794
1871
1787
1872
1873
1874
1873
1875
1791
1854
1876
1793
1877
1878
1879
1812
1880
1881
1882
1883
1884
1885
1886
1887
1886
1888
1887
1889
1816
1890
1806
1890
1891
1808
1892
1893
1893
1894
1865
1895
1814
1896
1897
1898
1899
1895
1900
1901
1902
1903
1823
1904
1905
1906
1907
1908
1825
1909
1910
1904
1911
1874
1912
1913
1847
1914
1915
1832
1916
1917
1918
1919
1920
1921
1836
1921
1922
1852
1920
1849
1923
1840
1924
1925
1926
1843
1927
1928
1929
1930
1931
1932
1933
1934
1935
1936
1937
1938
1856
1939
1940
1936
1941
1942
1943
1944
1943
1945
1946
1861
1947
1948
1949
1950
1944
1950
1869
1951
1952
1949
1953
1954
1955
1870
1956
1957
1958
1872
1959
1960
1960
1961
1961
1962
1878
1963
1879
1964
1965
1966
1967
1968
1968
1969
1969
1970
1970
1971
1972
1973
1972
1974
1975
1976
1973
1977
1971
1978
1979
1980
1981
1981
1982
1983
1974
1984
1985
1900
1986
1967
1987
1987
1988
1986
1989
1990
1979
1991
1992
1992
1993
1994
1906
1995
1996
1997
1998
1998
1999
2000
2001
1991
2000
1912
2002
2003
1914
1919
2004
1916
2005
2006
1918
2007
2008
2009
2010
2011
2005
2012
1927
2013
1955
2014
2014
2015
1929
2016
2017
1930
2018
2019
2020
1932
2021
2022
2022
2023
2021
2024
2013
2024
2025
1938
2026
2027
1940
2028
2029
1942
2030
2031
2032
2033
1947
2034
1951
2035
2036
2035
2037
2038
2039
2040
1953
1985
2041
1956
2042
2043
2044
2040
2045
2046
2047
1966
2048
2048
2049
2050
2051
2029
2052
2053
2054
2052
2053
2054
2055
2056
2057
2058
2059
2060
2061
2062
1977
2063
2063
2064
2065
2064
2066
1980
2067
2068
1983
2069
2070
2071
2072
2073
2074
2075
1989
2076
2077
2074
2078
2079
2080
2081
1999
2082
1997
2083
2001
2084
2085
2086
2087
2088
2089
2082
2090
2049
2091
2092
2093
2094
2007
2095
2096
2097
2098
2093
2098
2099
2100
2012
2099
2101
2102
2103
2016
2104
2105
2018
2106
2107
2108
2109
2109
2110
2111
2112
2092
2113
2114
2030
2115
2116
2117
2100
2118
2031
2119
2120
2121
2122
2123
2124
2125
2126
2124
2127
2128
2129
2130
2130
2131
2132
2133
2126
2133
2134
2132
2135
2043
2136
2137
2046
2138
2047
2139
2140
2141
2050
2142
2143
2142
2144
2145
2146
2147
2148
2149
2148
2150
2150
2151
2151
2152
2066
2152
2061
2153
2154
2153
2155
2156
2157
2154
2158
2159
2160
2160
2161
2161
2162
2071
2163
2164
2155
2165
2078
2166
2167
2168
2169
2169
2170
2170
2171
2172
2088
2173
2173
2174
2174
2175
2176
2084
2177
2178
2177
2179
2087
2180
2181
2182
2178
2183
2091
2184
2185
2186
2187
2188
2189
2189
2190
2097
2190
2191
2192
2193
2194
2188
2195
2106
2196
2197
2198
2198
2199
2108
2199
2200
2110
2201
2202
2203
2204
2205
2206
2113
2205
2207
2206
2208
2117
2209
2118
2210
2211
2212
2120
2213
2214
2122
2215
2213
2125
2216
2217
2218
2219
2129
2220
2134
2221
2222
2223
2221
2224
2225
2226
2227
2166
2228
2138
2229
2197
2230
2231
2232
2233
2141
2234
2235
2185
2236
2237
2237
2238
2146
2239
2240
2236
2241
2242
2168
2243
2244
2245
2246
2247
2248
2249
2250
2251
2251
2252
2250
2253
2252
2254
2255
2256
2163
2257
2258
2165
2259
2260
2261
2171
2262
2263
2264
2265
2266
2261
2262
2267
2268
2269
2270
2271
2272
2273
2180
2274
2275
2271
2276
2183
2277
2278
2270
2279
2280
2281
2282
2281
2283
2284
2285
2286
2192
2287
2288
2194
2289
2212
2289
2290
2208
2291
2292
2293
2294
2291
2295
2295
2296
2297
2298
2204
2299
2300
2301
2302
2282
2303
2304
2215
2305
2211
2306
2307
2308
2309
2239
2310
2311
2312
2313
2220
2313
2314
2315
2315
2316
2317
2318
2223
2319
2320
2321
2322
2228
2323
2324
2325
2232
2326
2327
2230
2328
2329
2234
2328
2330
2235
2331
2332
2333
2334
2335
2280
2336
2337
2241
2338
2339
2244
2340
2341
2342
2343
2343
2344
2344
2345
2346
2347
2347
2348
2346
2349
2350
2351
2352
2348
2353
2345
2354
2256
2355
2355
2356
2259
2357
2358
2349
2359
2360
2361
2264
2342
2362
2266
2363
2364
2268
2365
2366
2366
2367
2368
2369
2370
2371
2372
2373
2371
2374
2276
2375
2376
2365
2377
2373
2377
2280
2378
2379
2380
2288
2381
2285
2382
2383
2383
2384
2384
2385
2386
2387
2382
2388
2389
2293
2390
2391
2298
2392
2393
2300
2394
2299
2395
2396
2397
2397
2302
2398
2399
2398
2400
2399
2401
2307
2402
2308
2403
2404
2405
2311
2406
2406
2407
2408
2314
2409
2410
2411
2412
2324
2413
2414
2415
2321
2326
2415
2416
2322
2417
2418
2419
2420
2421
2422
2421
2423
2424
2425
2426
2427
2428
2429
2424
2430
2430
2431
2432
2433
2432
2434
2335
2339
2435
2436
2437
2338
2407
2438
2439
2341
2440
2441
2442
2443
2444
2445
2446
2447
2448
2449
2353
2450
2450
2451
2452
2453
2454
2453
2455
2357
2456
2359
2457
2458
2425
2459
2364
2460
2363
2461
2462
2463
2464
2465
2466
2467
2468
2376
2468
2372
2469
2470
2471
2472
2375
2473
2474
2475
2476
2437
2477
2478
2479
2400
2478
2479
2480
2481
2482
2483
2386
2484
2480
2388
2405
2485
2401
2486
2429
2487
2392
2488
2489
2490
2491
2490
2492
2493
2494
2493
2495
2496
2497
2497
2498
2499
2408
2500
2404
2501
2502
2503
2504
2505
2506
2507
2508
2414
2509
2507
2510
2413
2510
2511
2512
2513
2417
2514
2515
2516
2517
2515
2518
2426
2519
2520
2423
2521
2522
2516
2523
2524
2428
2433
2525
2526
2527
2434
2528
2529
2530
2531
2532
2533
2533
2534
2535
2439
2536
2532
2443
2537
2538
2539
2540
2541
2542
2445
2543
2544
2447
2545
2546
2546
2547
2545
2548
2549
2452
2550
2551
2552
2553
2554
2544
2555
2457
2556
2548
2557
2460
2558
2559
2540
2560
2560
2561
2561
2562
2465
2563
2564
2564
2477
2565
2566
2567
2568
2568
2569
2570
2571
2571
2572
2569
2573
2475
2574
2575
2563
2572
2576
2577
2578
2579
2580
2581
2483
2580
2582
2583
2584
2585
2586
2491
2587
2488
2588
2589
2495
2590
2591
2592
2593
2594
2595
2496
2596
2597
2593
2598
2599
2600
2587
2601
2502
2602
2503
2603
2604
2585
2506
2605
2536
2605
2606
2607
2509
2608
2609
2610
2521
2611
2609
2612
2612
2613
2613
2614
2615
2616
2518
2617
2618
2619
2620
2522
2620
2621
2622
2558
2623
2619
2623
2624
2625
2588
2624
2528
2626
2627
2531
2628
2628
2629
2630
2631
2632
2535
2633
2634
2635
2538
2636
2637
2541
2638
2639
2640
2543
2641
2642
2643
2644
2645
2646
2647
2648
2554
2649
2649
2650
2552
2650
2651
2647
2652
2653
2654
2655
2656
2656
2657
2658
2562
2659
2660
2661
2662
2663
2664
2566
2665
2666
2570
2667
2668
2669
2670
2671
2672
2574
2673
2674
2666
2675
2665
2676
2599
2677
2678
2679
2583
2678
2680
2586
2681
2584
2682
2683
2684
2685
2686
2687
2688
2590
2689
2690
2592
2691
2692
2693
2694
2695
2696
2697
2698
2699
2690
2697
2600
2601
2700
2701
2702
2606
2703
2604
2704
2705
2706
2707
2608
2708
2709
2710
2611
2711
2712
2713
2714
2615
2715
2716
2617
2626
2717
2716
2718
2719
2720
2721
2722
2720
2721
2723
2724
2725
2726
2727
2728
2729
2730
2725
2731
2729
2732
2635
2733
2733
2734
2734
2735
2676
2736
2737
2641
2738
2739
2740
2739
2741
2742
2743
2741
2743
2744
2643
2744
2745
2746
2747
2646
2747
2748
2749
2746
2750
2751
2752
2654
2753
2754
2755
2755
2756
2757
2745
2758
2759
2750
2760
2659
2761
2762
2742
2763
2662
2764
2765
2664
2766
2767
2768
2769
2770
2669
2771
2772
2671
2770
2773
2766
2773
2772
2774
2675
2775
2776
2777
2679
2778
2779
2780
2682
2781
2781
2782
2783
2684
2784
2785
2704
2786
2782
2786
2692
2787
2788
2789
2788
2790
2791
2694
2792
2793
2695
2698
2794
2795
2699
2796
2797
2798
2799
2800
2801
2800
2802
2787
2802
2705
2803
2804
2805
2707
2737
2806
2711
2807
2710
2808
2809
2810
2722
2811
2812
2813
2813
2814
2814
2815
2816
2718
2817
2818
2819
2820
2821
2822
2823
2761
2824
2789
2825
2826
2825
2827
2728
2817
2828
2829
2732
2830
2830
2831
2832
2833
2834
2835
2836
2836
2837
2838
2740
2839
2840
2841
2842
2843
2844
2845
2846
2847
2848
2849
2850
2754
2849
2851
2756
2852
2852
2853
2854
2855
2856
2857
2858
2854
2859
2859
2860
2760
2861
2862
2863
2864
2764
2865
2866
2864
2867
2868
2869
2869
2870
2771
2871
2872
2873
2874
2874
2875
2870
2875
2868
2876
2801
2877
2780
2878
2879
2880
2881
2785
2882
2878
2883
2884
2885
2886
2887
2888
2791
2889
2890
2793
2891
2892
2893
2894
2895
2896
2797
2897
2898
2799
2899
2900
2901
2902
2903
2806
2904
2805
2885
2905
2906
2808
2907
2908
2908
2909
2811
2910
2911
2909
2912
2913
2914
2816
2915
2916
2917
2916
2918
2824
2919
2920
2921
2921
2922
2922
2923
2911
2923
2924
2925
2827
2926
2927
2928
2929
2832
2929
2930
2926
2931
2932
2834
2933
2934
2934
2935
2936
2876
2937
2938
2939
2845
2940
2941
2942
2942
2943
2941
2944
2865
2945
2945
2946
2846
2947
2851
2948
2948
2949
2950
2949
2951
2952
2953
2855
2954
2955
2956
2957
2958
2858
2959
2960
2961
2962
2963
2964
2924
2965
2965
2966
2967
2968
2867
2969
2970
2971
2972
2973
2872
2974
2974
2975
2976
2977
2978
2879
2979
2980
2981
2881
2982
2983
2982
2984
2884
2985
2986
2987
2988
2989
2889
2990
2991
2992
2993
2898
2994
2894
2995
2989
2996
2896
2997
2998
2899
2999
3000
2900
3001
3002
3003
3004
3005
3006
2979
3007
2988
3005
2905
3008
3009
2939
3010
2910
3011
3012
3013
3014
3015
3016
3017
2914
3016
3018
3018
3019
3020
2918
3021
3022
2920
3023
3024
3025
3026
3027
3028
2991
3029
3030
3031
3032
3021
3033
3034
2931
3035
3036
3035
3037
2938
3038
3039
2936
3040
3041
3041
3042
3043
3044
2943
3045
3046
3047
3048
2946
3049
3050
3051
2963
3045
3052
3053
3054
3055
3054
3056
2964
3057
3058
3059
3059
3060
2961
3061
3060
3062
3055
3063
2959
3064
3065
3065
3066
3067
3067
3068
3069
3070
3071
2967
3072
3073
3074
3075
3074
3076
3073
3076
3077
3078
3077
3079
3079
3080
2976
3081
3080
3081
3078
3082
3083
3084
3085
3086
3087
3088
2987
3089
2986
3090
3085
3091
3092
3093
3094
3095
2992
3096
3097
3098
2994
3096
3099
2996
3100
3101
2998
3102
3103
3000
3104
3105
3002
3106
3107
3104
3108
3108
3109
3110
3007
3111
3112
3010
3113
3093
3113
3114
3115
3116
3115
3117
3117
3118
3015
3116
3119
3120
3118
3121
3122
3020
3123
3124
3125
3125
3126
3028
3127
3128
3129
3130
3131
3027
3131
3132
3133
3032
3134
3031
3135
3136
3137
3034
3138
3139
3140
3140
3141
3139
3142
3143
3144
3144
3145
3145
3146
3147
3082
3148
3044
3149
3114
3150
3049
3151
3151
3152
3153
3154
3155
3051
3075
3156
3057
3157
3157
3158
3159
3160
3158
3161
3162
3066
3163
3164
3165
3062
3166
3167
3064
3168
3169
3170
3171
3172
3069
3173
3174
3162
3133
3175
3175
3176
3177
3178
3179
3180
3181
3182
3183
3184
3185
3186
3086
3187
3087
3188
3188
3189
3190
3090
3191
3191
3192
3193
3092
3194
3195
3192
3110
3196
3196
3197
3198
3098
3199
3200
3201
3202
3203
3204
3197
3205
3105
3206
3203
3207
3208
3209
3109
3210
3202
3211
3212
3213
3214
3214
3215
3216
3217
3218
3219
3220
3221
3222
3223
3132
3224
3121
3225
3226
3225
3227
3227
3228
3229
3230
3231
3230
3232
3128
3233
3234
3130
3235
3236
3237
3238
3239
3240
3241
3141
3242
3243
3244
3240
3244
3245
3246
3247
3248
3249
3250
3251
3149
3252
3253
3254
3255
3256
3148
3257
3258
3259
3153
3174
3260
3260
3261
3262
3261
3263
3156
3264
3265
3266
3267
3268
3269
3268
3270
3269
3271
3272
3164
3273
3274
3274
3275
3276
3277
3275
3277
3270
3278
3279
3280
3280
3281
3273
3281
3276
3282
3282
3283
3284
3285
3177
3286
3287
3288
3289
3288
3290
3287
3289
3182
3291
3292
3291
3293
3293
3294
3294
3295
3296
3217
3297
3298
3190
3299
3300
3301
3302
3195
3303
3304
3305
3305
3306
3307
3308
3309
3241
3310
3308
3311
3309
3312
3313
3314
3205
3315
3316
3207
3317
3318
3319
3320
3317
3320
3211
3321
3322
3213
3323
3324
3325
3216
3326
3327
3328
3302
3329
3329
3330
3222
3331
3332
3333
3334
3335
3336
3333
3337
3338
3336
3339
3340
3229
3341
3342
3343
3246
3344
3344
3345
3239
3346
3347
3348
3348
3349
3349
3350
3238
3351
3337
3352
3353
3354
3243
3355
3356
3357
3358
3359
3360
3251
3358
3250
3361
3361
3362
3363
3364
3365
3366
3254
3366
3367
3368
3369
3257
3370
3371
3295
3372
3330
3365
3373
3374
3263
3375
3376
3377
3378
3290
3379
3380
3381
3271
3380
3382
3383
3384
3385
3381
3386
3387
3388
3389
3390
3391
3392
3392
3393
3394
3395
3396
3284
3397
3375
3286
3352
3398
3399
3400
3401
3402
3403
3296
3404
3405
3406
3407
3408
3299
3409
3300
3410
3411
3412
3303
3413
3413
3414
3410
3415
3416
3325
3417
3417
3418
3419
3420
3311
3421
3422
3313
3423
3322
3315
3424
3425
3418
3426
3427
3428
3429
3323
3430
3431
3324
3432
3433
3434
3435
3326
3436
3328
3437
3438
3439
3440
3332
3441
3442
3443
3335
3444
3445
3446
3447
3339
3448
3449
3341
3450
3451
3452
3453
3453
3454
3455
3454
3456
3347
3457
3458
3459
3460
3351
3461
3462
3463
3354
3464
3421
3362
3465
3466
3467
3467
3468
3469
3360
3470
3471
3472
3473
3474
3475
3476
3477
3478
3479
3369
3480
3370
3481
3482
3483
3372
3483
3484
3377
3485
3376
3486
3487
3488
3489
3379
3490
3491
3492
3493
3384
3494
3494
3495
3496
3495
3497
3498
3499
3498
3500
3390
3501
3396
3502
3503
3496
3504
3505
3394
3506
3507
3499
3507
3508
3509
3510
3511
3512
3512
3513
3514
3515
3514
3516
3491
3515
3517
3518
3518
3519
3517
3520
3520
3521
3522
3521
3523
3438
3524
3525
3524
3526
3525
3527
3528
3416
3529
3530
3531
3532
3533
3534
3420
3535
3536
3537
3538
3539
3536
3540
3428
3541
3541
3542
3542
3543
3429
3544
3545
3546
3431
3547
3548
3549
3550
3549
3551
3435
3552
3550
3553
3554
3554
3555
3556
3528
3557
3557
3558
3444
3559
3560
3561
3447
3560
3562
3563
3564
3449
3564
3462
3450
3565
3566
3567
3452
3568
3569
3570
3571
3456
3471
3572
3573
3574
3573
3575
3575
3576
3577
3578
3578
3579
3579
3511
3574
3580
3581
3466
3582
3583
3584
3580
3585
3477
3586
3586
3587
3588
3474
3589
3589
3590
3591
3476
3592
3593
3594
3595
3596
3480
3596
3597
3598
3599
3600
3601
3602
3603
3604
3486
3605
3606
3509
3607
3607
3608
3605
3609
3609
3610
3611
3493
3612
3613
3614
3615
3612
3616
3617
3618
3501
3619
3620
3621
3622
3622
3623
3624
3625
3625
3626
3626
3627
3628
3510
3629
3630
3631
3632
3633
3516
3634
3635
3636
3637
3638
3639
3523
3640
3641
3642
3604
3643
3644
3645
3646
3527
3647
3648
3529
3649
3646
3650
3532
3651
3652
3534
3553
3653
3538
3654
3655
3539
3656
3657
3658
3551
3659
3660
3661
3662
3663
3548
3664
3546
3665
3666
3552
3667
3668
3669
3670
3671
3672
3673
3674
3675
3676
3675
3677
3678
3595
3679
3561
3680
3681
3682
3563
3683
3684
3685
3686
3687
3687
3688
3686
3689
3689
3690
3691
3692
3692
3693
3693
3694
3695
3696
3697
3698
3699
3577
3700
3701
3702
3703
3704
3656
3705
3706
3707
3707
3708
3708
3709
3709
3710
3711
3588
3712
3695
3713
3706
3714
3713
3715
3715
3716
3594
3717
3718
3719
3720
3601
3720
3600
3721
3722
3723
3724
3725
3603
3722
3726
3727
3728
3608
3729
3730
3731
3732
3611
3733
3734
3615
3735
3735
3736
3737
3736
3738
3739
3739
3740
3738
3741
3623
3742
3629
3743
3744
3745
3737
3746
3747
3748
3749
3750
3740
3750
3751
3752
3753
3753
3754
3755
3756
3634
3755
3757
3636
3758
3759
3758
3760
3761
3762
3640
3761
3763
3762
3644
3764
3764
3765
3766
3767
3768
3648
3768
3769
3770
3652
3678
3771
3772
3771
3773
3773
3663
3774
3655
3775
3659
3776
3658
3777
3778
3779
3665
3780
3662
3781
3782
3783
3784
3785
3786
3785
3787
3788
3789
3784
3789
3790
3791
3791
3792
3790
3793
3792
3794
3774
3795
3676
3795
3796
3797
3767
3798
3799
3799
3800
3801
3802
3803
3804
3802
3804
3801
3805
3806
3807
3688
3806
3808
3809
3810
3811
3812
3813
3812
3814
3815
3816
3696
3817
3818
3819
3698
3820
3821
3822
3823
3824
3825
3825
3826
3826
3827
3803
3827
3828
3829
3828
3830
3831
3832
3833
3834
3829
3835
3712
3836
3837
3838
3838
3839
3840
3717
3841
3842
3836
3843
3844
3845
3845
3723
3846
3847
3848
3846
3849
3849
3850
3727
3851
3852
3853
3854
3853
3855
3731
3752
3856
3854
3857
3857
3858
3759
3859
3860
3861
3862
3863
3864
3865
3742
3866
3867
3744
3868
3869
3869
3870
3871
3872
3872
3873
3874
3875
3875
3876
3877
3754
3878
3879
3880
3881
3882
3821
3883
3884
3885
3886
3887
3884
3888
3889
3890
3891
3892
3893
3876
3894
3895
3896
3897
3898
3770
3899
3772
3900
3901
3902
3903
3904
3905
3778
3830
3904
3906
3907
3793
3905
3781
3908
3909
3909
3910
3910
3911
3912
3913
3787
3914
3915
3794
3916
3917
3918
3919
3920
3921
3922
3923
3798
3924
3925
3926
3927
3902
3844
3928
3929
3930
3931
3932
3933
3934
3935
3933
3936
3811
3937
3938
3939
3938
3940
3941
3942
3941
3943
3815
3944
3945
3945
3946
3946
3947
3948
3949
3947
3949
3822
3950
3951
3952
3824
3953
3954
3955
3956
3957
3958
3959
3960
3961
3962
3961
3963
3834
3963
3964
3964
3965
3966
3948
3967
3968
3962
3969
3968
3970
3970
3971
3843
3972
3973
3974
3975
3976
3851
3977
3977
3978
3979
3975
3980
3981
3877
3981
3982
3983
3984
3985
3985
3986
3987
3859
3988
3989
3862
3990
3990
3991
3992
3993
3865
3992
3981
3993
3994
3870
3994
3878
3995
3996
3997
3991
3998
3999
3874
4000
4001
4002
3877
4003
3986
4004
3881
4004
4005
3883
3885
4006
4007
4008
3888
4009
4009
4010
4011
3890
3892
3895
4012
4013
3894
3896
4002
4014
4015
3898
4016
4017
3901
4017
4018
4019
4018
4020
3911
4021
4022
4023
3907
4024
4025
3914
4026
4027
4028
4029
4030
4031
4031
4032
4033
4032
4034
4035
4036
4036
4037
3921
4038
3920
4039
4040
4041
4040
4042
4021
4043
3926
4044
4043
4045
4046
4016
4047
4048
4049
3934
4050
4050
4051
3932
3957
4052
4053
4054
3940
4055
4056
4057
3939
4058
4059
4060
4061
4062
3944
4063
4064
4065
4066
4067
4068
4069
4070
4071
3951
4072
4073
3953
4074
4075
4076
4077
3956
4078
4079
4080
4081
4082
4082
4083
4081
4084
4085
4086
4087
4088
4083
4089
3967
4090
4091
4092
4093
4094
4095
3972
4096
4097
4090
4098
4049
4099
4099
4100
4101
3992
3993
4101
4100
4102
4103
4104
3984
4105
4105
4106
4107
4108
4109
4106
4110
4111
4112
4010
4112
4113
4114
4115
3996
4116
4117
4117
4118
4119
4120
4120
4121
4121
4122
4122
4123
4123
4116
4124
4125
4126
4127
4128
4129
4130
4131
4129
4130
4132
4133
4131
4134
4135
4136
4136
4135
4137
4123
4137
4138
4139
4140
4020
4141
4048
4142
4024
4143
4143
4144
4145
4084
4146
4147
4148
4148
4149
4149
4150
4142
4150
4151
4152
4153
4154
4147
4155
4155
4156
4042
4157
4158
4151
4158
4039
4159
4160
4161
4144
4162
4163
4164
4047
4165
4046
4166
4165
4167
4168
4169
4170
4052
4171
4172
4057
4173
4173
4174
4056
4175
4176
4177
4178
4179
4060
4180
4181
4175
4182
4064
4179
4065
4183
4184
4185
4186
4187
4186
4188
4189
4190
4190
4191
4192
4193
4191
4193
4074
4194
4128
4195
4196
4076
4197
4198
4078
4199
4200
4080
4201
4202
4203
4204
4205
4206
4207
4208
4209
4210
4208
4211
4211
4212
4212
4213
4214
4192
4215
4094
4216
4209
4217
4218
4216
4219
4220
4221
4221
4222
4222
4223
4103
4224
4115
4104
4225
4226
4227
4228
4229
4108
4230
4231
4125
4232
4111
4233
4234
4235
4114
4236
4237
4238
4239
4237
4240
4236
4241
4242
4243
4244
4245
4246
4127
4245
4247
4248
4249
4250
4251
4252
4134
4253
4253
4254
4255
4256
4257
4244
4139
4258
4259
4259
4260
4168
4261
4262
4263
4264
4265
4266
4265
4267
4268
4269
4270
4271
4272
4153
4273
4274
4156
4274
4275
4276
4277
4278
4279
4162
4280
4280
4281
4163
4282
4283
4284
4262
4285
4286
4285
4287
4288
4289
4169
4290
4174
4291
4291
4292
4202
4293
4294
4295
4296
4297
4298
4297
4299
4181
4300
4301
4182
4302
4303
4304
4187
4305
4306
4307
4307
4308
4309
4310
4189
4311
4312
4313
4314
4315
4316
4195
4317
4318
4197
4319
4320
4199
4321
4322
4201
4323
4324
4325
4326
4327
4328
4329
4329
4330
4267
4327
4210
4331
4332
4333
4334
4335
4336
4330
4337
4215
4338
4339
4340
4341
4342
4340
4342
4220
4343
4344
4345
4346
4338
4347
4225
4237
4348
4349
4350
4348
4351
4352
4353
4354
4355
4352
4356
4357
4358
4358
4359
4355
4360
4235
4361
4254
4246
4362
4240
4362
4363
4242
4364
4365
4366
4365
4367
4368
4367
4369
4359
4370
4371
4372
4371
4373
4252
4373
4374
4375
4376
4375
4377
4378
4379
4379
4289
4380
4380
4261
4381
4382
4383
4266
4384
4384
4385
4386
4387
4388
4389
4390
4389
4391
4391
4392
4392
4393
4394
4395
4394
4396
4397
4390
4398
4398
4399
4279
4400
4284
4401
4395
4402
4282
4403
4404
4385
4405
4404
4406
4288
4407
4407
4408
4409
4410
4350
4411
4412
4413
4414
4413
4415
4299
4416
4412
4417
4304
4418
4419
4418
4420
4421
4422
4423
4306
4423
4303
4424
4425
4426
4308
4427
4428
4429
4430
4311
4431
4431
4432
4433
4313
4434
4435
4436
4437
4438
4439
4438
4440
4319
4441
4372
4442
4443
4444
4445
4445
4446
4323
4447
4448
4325
4449
4450
4328
4451
4452
4453
4454
4455
4332
4456
4457
4334
4458
4459
4457
4460
4460
4461
4462
4463
4464
4439
4465
4466
4467
4468
4469
4470
4471
4345
4472
4473
4474
4475
4474
4476
4363
4351
4477
4478
4479
4480
4354
4480
4481
4482
4357
4483
4484
4485
4486
4361
4487
4488
4489
4490
4366
4378
4491
4492
4492
4493
4370
4494
4495
4496
4497
4498
4377
4499
4500
4488
4501
4502
4503
4504
4505
4505
4506
4411
4507
4406
4508
4509
4510
4511
4512
4513
4514
4452
4511
4515
4516
4517
4518
4508
4519
4520
4521
4522
4523
4523
4524
4525
4524
4526
4401
4527
4528
4405
4529
4529
4530
4531
4532
4533
4534
4535
4536
4410
4537
4538
4539
4540
4541
4540
4542
4450
4543
4417
4544
4545
4546
4547
4548
4547
4549
4548
4550
4425
4551
4552
4426
4553
4554
4555
4432
4556
4552
4557
4558
4559
4559
4560
4561
4562
4563
4564
4564
4565
4436
4566
4567
4440
4568
4569
4570
4571
4442
4572
4573
4444
4572
4574
4575
4447
4576
4577
4449
4578
4579
4579
4580
4581
4582
4454
4583
4584
4462
4584
4459
4585
4586
4467
4587
4588
4589
4463
4590
4591
4592
4465
4593
4594
4469
4470
4595
4596
4597
4598
4599
4600
4601
4600
4602
4475
4603
4604
4605
4593
4606
4478
4607
4608
4490
4609
4610
4611
4612
4487
4612
4610
4613
4614
4615
4486
4614
4616
4617
4618
4493
4619
4619
4503
4620
4621
4622
4623
4616
4624
4625
4626
4573
4626
4499
4625
4627
4502
4628
4628
4629
4630
4504
4631
4507
4632
4633
4634
4510
4513
4635
4636
4514
4637
4638
4639
4640
4641
4642
4643
4518
4644
4645
4645
4646
4522
4647
4647
4648
4649
4650
4651
4526
4642
4652
4648
4653
4654
4655
4656
4531
4657
4658
4635
4659
4535
4660
4661
4662
4663
4661
4664
4662
4665
4631
4666
4608
4667
4668
4543
4669
4669
4670
4671
4550
4672
4668
4673
4555
4674
4675
4676
4674
4677
4678
4679
4680
4681
4682
4683
4679
4683
4684
4560
4685
4558
4686
4687
4688
4689
4563
4690
4690
4691
4692
4693
4566
4694
4695
4568
4696
4697
4571
4698
4698
4699
4700
4701
4702
4703
4704
4576
4704
4705
4706
4707
4707
4708
4709
4583
4710
4582
4711
4712
4713
4714
4715
4716
4715
4717
4588
4718
4719
4717
4720
4720
4721
4722
4723
4722
4724
4725
4725
4726
4727
4728
4728
4729
4598
4730
4731
4731
4732
4733
4732
4734
4603
4735
4736
4606
4737
4736
4737
4738
4609
4739
4740
4741
4742
4743
4744
4743
4615
4745
4746
4747
4748
4749
4750
4750
4751
4741
4622
4752
4752
4753
4754
4624
4755
4756
4757
4758
4630
4759
4760
4751
4761
4762
4763
4763
4764
4667
4765
4646
4660
4766
4767
4768
4767
4769
4639
4770
4771
4643
4772
4644
4773
4774
4775
4776
4777
4778
4779
4780
4781
4782
4651
4781
4783
4784
4785
4654
4786
4787
4658
4788
4659
4789
4789
4790
4791
4792
4793
4794
4795
4793
4796
4797
4798
4666
4799
4800
4801
4802
4803
4802
4804
4805
4806
4673
4807
4808
4809
4810
4811
4811
4812
4810
4813
4812
4814
4815
4816
4817
4686
4817
4684
4818
4819
4820
4821
4822
4823
4824
4825
4825
4826
4821
4826
4827
4822
4828
4693
4829
4830
4831
4832
4696
4832
4833
4833
4834
4835
4726
4836
4834
4837
4838
4839
4838
4840
4839
4841
4842
4843
4844
4844
4845
4846
4709
4847
4805
4848
4849
4848
4850
4768
4850
4851
4852
4723
4853
4854
4719
4855
4856
4727
4857
4858
4859
4724
4860
4861
4862
4863
4864
4865
4866
4867
4868
4869
4868
4870
4870
4871
4872
4873
4872
4874
4873
4875
4875
4876
4864
4876
4877
4740
4878
4879
4753
4744
4880
4881
4882
4883
4884
4885
4886
4886
4887
4756
4885
4881
4888
4889
4890
4891
4892
4893
4894
4894
4895
4896
4759
4897
4840
4898
4899
4761
4900
4901
4900
4902
4800
4765
4903
4904
4770
4905
4906
4907
4908
4909
4910
4908
4911
4773
4912
4913
4775
4784
4914
4777
4915
4916
4916
4917
4782
4918
4786
4918
4919
4920
4785
4921
4922
4923
4924
4788
4925
4926
4927
4791
4928
4929
4905
4930
4931
4797
4932
4799
4932
4798
4933
4934
4935
4936
4937
4879
4938
4939
4806
4940
4940
4941
4942
4943
4814
4944
4944
4945
4820
4946
4947
4948
4949
4950
4951
4952
4819
4953
4954
4955
4956
4957
4958
4959
4960
4961
4962
4963
4964
4964
4965
4965
4966
4828
4967
4968
4967
4969
4831
4969
4970
4971
4972
4973
4836
4837
4974
4975
4976
4977
4978
4842
4979
4980
4980
4981
4982
4846
4983
4984
4984
4985
4986
4852
4987
4988
4853
4989
4990
4991
4992
4993
4994
4995
4859
4993
4858
4996
4997
4998
4998
4999
5000
5001
4991
5001
5000
5002
4865
5003
4974
5004
5005
5006
4869
5005
5007
5008
5009
4874
5009
5010
5011
5012
5013
5014
5003
5014
5015
4892
5016
5016
4882
5017
5018
5019
4887
5020
5017
5021
5022
5023
5024
5025
5026
5025
5027
5027
5028
4893
5029
5029
5030
5031
5032
5033
5032
5034
4898
5035
5036
4902
5037
5038
5028
5039
5040
4937
5041
4938
5042
5043
4907
5044
5045
5046
5044
5047
4911
5048
5049
4914
5050
4915
5051
5052
5053
5054
4931
5055
5056
5057
5058
5058
5059
5057
5060
4923
5061
5062
5063
5064
5064
5065
4929
5066
4930
5067
5067
5068
5069
5070
5071
5072
5071
5073
4935
5074
5075
5072
5076
5076
5077
4945
5078
5079
5078
5080
4985
5081
5081
5082
5083
5084
4951
5085
5086
5087
4949
5086
5088
5087
5089
5090
5088
5091
4954
5092
5093
5094
5095
4963
5094
5096
5097
4960
5098
5096
5099
5085
4962
4966
5100
4968
5101
5102
5103
5104
5104
5105
5106
5106
5107
5108
4971
5108
5109
4972
5110
4973
5111
4975
5112
4975
5113
5114
4977
5115
5116
5117
5118
5119
5120
5121
4982
5122
5123
5124
5125
5124
5126
5127
5128
5129
5130
5045
5128
4990
5131
5130
5132
4994
5133
5134
5135
4997
5136
5006
5137
5137
5138
5139
5140
5141
5142
5140
5143
5004
5144
5113
5145
5146
5147
5148
5149
5146
5148
5150
5149
5011
5012
5151
5013
5152
5149
5153
5014
5154
5155
5144
5155
5156
5157
5158
5019
5026
5159
5160
5161
5161
5162
5023
5163
5024
5164
5165
5166
5167
5168
5169
5170
5171
5170
5172
5173
5172
5174
5163
5175
5037
5176
5117
5176
5177
5040
5178
5178
5179
5180
5042
5181
5182
5048
5183
5184
5185
5049
5186
5186
5187
5188
5189
5190
5191
5191
5192
5193
5194
5054
5192
5195
5195
5196
5059
5197
5198
5199
5200
5062
5201
5193
5202
5203
5197
5204
5205
5066
5206
5207
5208
5069
5209
5207
5183
5210
5211
5212
5213
5214
5215
5216
5214
5217
5218
5157
5219
5220
5082
5221
5221
5222
5223
5224
5225
5226
5226
5227
5228
5229
5230
5231
5090
5232
5233
5234
5235
5099
5236
5095
5236
5237
5238
5239
5098
5240
5241
5242
5101
5105
5243
5107
5244
5103
5237
5245
5246
5246
5247
5108
5248
5248
5249
5250
5110
5250
5251
5111
5252
5112
5253
5114
5254
5114
5255
5256
5118
5257
5119
5258
5259
5260
5261
5121
5262
5263
5263
5264
5264
5265
5266
5265
5267
5223
5268
5129
5269
5270
5271
5272
5273
5274
5273
5275
5134
5276
5277
5136
5278
5279
5280
5277
5281
5281
5282
5283
5143
5284
5275
5285
5286
5145
5287
5255
5288
5147
5289
5280
5290
5291
5292
5292
5289
5291
5293
5152
5153
5294
5154
5295
5292
5296
5155
5297
5298
5287
5298
5299
5169
5162
5300
5300
5301
5164
5302
5303
5304
5305
5305
5306
5307
5306
5308
5168
5307
5309
5171
5310
5311
5312
5313
5314
5314
5315
5313
5316
5317
5180
5318
5319
5320
5321
5322
5218
5323
5219
5324
5325
5185
5326
5327
5328
5326
5329
5189
5330
5331
5194
5332
5333
5334
5335
5335
5336
5211
5337
5338
5339
5340
5339
5341
5338
5341
5340
5342
5203
5343
5344
5345
5346
5345
5347
5347
5348
5349
5209
5210
5350
5351
5352
5216
5353
5354
5355
5356
5217
5357
5358
5359
5353
5360
5222
5361
5362
5363
5364
5364
5365
5234
5366
5367
5361
5368
5233
5369
5370
5371
5372
5373
5370
5374
5372
5375
5376
5377
5374
5378
5379
5380
5379
5380
5381
5242
5382
5382
5383
5369
5384
5385
5244
5247
5386
5249
5387
5246
5380
5388
5389
5389
5390
5250
5391
5391
5392
5393
5252
5393
5394
5253
5395
5254
5396
5256
5397
5256
5398
5399
5258
5400
5401
5260
5402
5403
5262
5404
5405
5406
5407
5408
5268
5409
5409
5410
5411
5270
5412
5327
5413
5414
5413
5415
5416
5415
5417
5418
5419
5420
5421
5419
5422
5280
5423
5424
5425
5426
5427
5286
5427
5285
5428
5429
5430
5288
5431
5398
5432
5290
5433
5424
5434
5435
5436
5436
5433
5435
5437
5295
5296
5438
5297
5439
5436
5440
5298
5441
5442
5431
5442
5443
5444
5308
5445
5446
5447
5446
5448
5448
5449
5450
5451
5452
5453
5320
5454
5455
5456
5360
5456
5455
5457
5458
5459
5460
5461
5462
5463
5318
5464
5465
5321
5322
5466
5467
5468
5324
5469
5470
5330
5471
5472
5473
5474
5475
5476
5477
5478
5475
5478
5479
5480
5480
5481
5481
5482
5483
5337
5482
5484
5485
5486
5487
5488
5489
5490
5483
5491
5489
5492
5493
5485
5494
5495
5496
5497
5350
5496
5498
5499
5500
5355
5501
5502
5356
5503
5504
5359
5505
5506
5502
5506
5507
5508
5509
5510
5511
5511
5512
5513
5510
5514
5367
5515
5516
5516
5517
5518
5519
5373
5520
5521
5522
5523
5376
5524
5525
5378
5526
5527
5385
5528
5529
5528
5529
5530
5531
5384
5532
5533
5531
5534
5387
5390
5535
5392
5536
5389
5529
5537
5538
5538
5539
5393
5540
5540
5541
5542
5395
5542
5543
5396
5544
5397
5545
5399
5546
5399
5547
5548
5403
5549
5404
5550
5551
5552
5552
5553
5554
5555
5555
5556
5556
5557
5557
5558
5559
5558
5560
5559
5561
5414
5562
5563
5564
5565
5417
5566
5567
5566
5568
5569
5421
5570
5571
5423
5572
5573
5424
5574
5575
5571
5576
5576
5577
5578
5430
5579
5580
5581
5582
5432
5583
5547
5584
5434
5585
5575
5586
5587
5588
5588
5585
5587
5589
5439
5440
5590
5441
5591
5588
5592
5442
5593
5594
5583
5594
5595
5596
5597
5596
5598
5599
5450
5600
5601
5597
5602
5463
5603
5604
5454
5603
5598
5605
5606
5607
5608
5461
5609
5459
5610
5611
5611
5612
5613
5610
5614
5615
5551
5616
5468
5616
5606
5617
5618
5619
5620
5621
5622
5508
5623
5499
5624
5476
5625
5626
5627
5477
5628
5629
5630
5631
5632
5633
5634
5635
5636
5637
5634
5501
5638
5639
5640
5641
5490
5640
5641
5642
5643
5644
5492
5645
5646
5495
5647
5648
5649
5650
5651
5650
5652
5500
5653
5654
5655
5656
5621
5657
5658
5658
5659
5660
5661
5662
5657
5660
5608
5512
5517
5663
5664
5665
5514
5561
5666
5526
5667
5668
5669
5525
5533
5523
5670
5670
5671
5522
5672
5673
5674
5672
5675
5676
5676
5677
5674
5678
5534
5679
5680
5679
5680
5681
5682
5682
5683
5684
5684
5682
5685
5536
5539
5686
5541
5687
5538
5680
5688
5689
5689
5690
5542
5691
5691
5692
5693
5544
5693
5694
5545
5695
5546
5696
5548
5697
5548
5698
5699
5700
5701
5701
5702
5703
5704
5554
5705
5706
5707
5708
5709
5710
5711
5711
5712
5713
5626
5714
5565
5715
5715
5716
5717
5718
5719
5720
5581
5721
5570
5573
5722
5722
5574
5723
5724
5724
5725
5575
5726
5727
5728
5578
5729
5730
5580
5731
5732
5733
5730
5734
5584
5735
5698
5736
5586
5737
5727
5738
5739
5740
5740
5737
5739
5741
5591
5592
5742
5593
5743
5740
5744
5594
5745
5746
5735
5746
5747
5748
5749
5750
5751
5752
5615
5751
5752
5753
5753
5754
5755
5605
5756
5757
5758
5759
5760
5760
5759
5761
5762
5763
5764
5765
5761
5766
5767
5768
5767
5769
5618
5770
5771
5620
5772
5773
5774
5775
5776
5776
5777
5632
5778
5627
5779
5780
5781
5782
5783
5782
5784
5785
5786
5783
5786
5787
5788
5789
5790
5789
5791
5637
5792
5793
5793
5794
5642
5649
5795
5796
5797
5644
5798
5799
5800
5801
5798
5800
5648
5802
5803
5804
5805
5653
5806
5806
5807
5808
5655
5809
5810
5659
5794
5811
5812
5813
5814
5662
5815
5774
5816
5817
5816
5818
5818
5819
5713
5820
5821
5822
5821
5823
5823
5824
5825
5673
5826
5827
5828
5829
5827
5830
5831
5684
5831
5832
5833
5832
5834
5685
5835
5836
5835
5836
5837
5838
5838
5839
5840
5840
5838
5841
5687
5690
5842
5692
5843
5689
5836
5844
5845
5845
5846
5693
5847
5847
5848
5849
5695
5849
5850
5696
5851
5697
5852
5699
5853
5699
5854
5855
5704
5856
5857
5705
5858
5859
5860
5861
5862
5707
5863
5864
5864
5865
5710
5866
5867
5868
5869
5870
5871
5872
5873
5874
5872
5875
5720
5876
5719
5877
5878
5879
5880
5881
5725
5726
5882
5883
5883
5884
5728
5884
5727
5885
5886
5887
5887
5888
5889
5889
5734
5890
5890
5891
5880
5891
5892
5736
5893
5854
5894
5738
5895
5886
5896
5897
5898
5898
5895
5897
5899
5743
5744
5900
5745
5901
5898
5902
5746
5903
5904
5893
5904
5905
5749
5906
5754
5907
5908
5909
5910
5911
5912
5756
5913
5914
5907
5915
5770
5916
5917
5918
5919
5763
5920
5921
5766
5922
5923
5924
5925
5926
5920
5927
5773
5859
5928
5772
5929
5930
5931
5775
5932
5933
5918
5934
5809
5935
5785
5936
5781
5937
5938
5939
5940
5787
5941
5942
5943
5944
5945
5946
5947
5801
5945
5792
5948
5949
5950
5951
5952
5953
5797
5952
5954
5955
5953
5956
5957
5958
5805
5959
5960
5961
5960
5962
5963
5964
5963
5965
5810
5966
5967
5968
5969
5970
5813
5971
5972
5970
5973
5973
5974
5975
5976
5977
5978
5979
5980
5976
5981
5982
5833
5983
5984
5980
5985
5829
5986
5986
5987
5828
5988
5987
5989
5990
5988
5991
5992
5840
5992
5993
5994
5995
5996
5841
5997
5998
5997
5998
5999
6000
6000
6001
6002
6002
6000
6003
5843
5846
6004
5848
6005
5845
5998
6006
6007
6007
6008
5849
6009
6009
6010
6011
5851
6011
6012
5852
6013
5853
6014
5855
6015
5855
6016
6017
6018
6019
6019
6020
6020
6021
6022
5861
6023
6018
6021
6024
6024
6025
6026
5866
6027
6028
6029
6030
5871
6031
6029
6032
6031
6033
6034
6035
5937
6036
5875
6037
6038
6037
6039
5881
6040
6041
6042
6039
6043
6044
6045
5885
6046
6047
6047
6048
5887
6048
5886
6049
6050
6051
6051
6052
6053
5892
6053
6054
6055
6056
5894
6057
6016
6058
5896
6059
6050
6060
6061
6062
6062
6059
6061
6063
5901
5902
6064
5903
6065
6062
6066
5904
6067
6068
6057
6068
6069
5908
6070
6071
6072
5910
5926
6073
6074
6075
6075
6076
5916
6077
6078
6079
6078
6080
6081
6082
6083
6083
5925
6082
6084
5924
6084
6085
6086
6086
6087
6088
6089
6090
6090
6091
6092
6093
6093
6094
6094
6095
6095
6096
5974
6097
6097
6098
6098
6099
5944
6100
5938
6101
6102
6103
5941
6104
6104
6105
6106
6107
6108
6108
6109
6110
6111
6112
6113
6113
6114
6114
6115
5950
6115
6116
6116
6117
6118
6119
5962
6120
6121
6122
6121
6123
6124
6125
6111
6126
5961
6127
6128
6129
6130
6131
5966
6132
6132
6133
6134
6135
6136
6134
6136
6137
6138
6139
6137
6140
6117
6141
6142
6143
5977
6144
6145
6146
5979
6144
6147
6148
6034
6149
5983
6150
6151
5985
6152
6153
6154
6155
6156
5989
6157
6155
6158
5995
6154
6157
6159
6160
6002
6160
5996
6161
6161
6162
6163
6164
6003
6165
6166
6165
6166
6167
6168
6168
6169
6170
6170
6168
6171
6005
6008
6172
6010
6173
6007
6166
6174
6175
6175
6176
6011
6177
6177
6178
6179
6013
6179
6180
6014
6181
6015
6182
6017
6183
6017
6184
6185
6186
6187
6188
6189
6096
6190
6190
6191
6192
6193
6194
6027
6193
6195
6030
6196
6197
6198
6199
6033
6200
6201
6199
6202
6203
6202
6204
6205
6206
6207
6208
6041
6209
6210
6043
6211
6212
6055
6213
6213
6214
6049
6215
6216
6216
6217
6051
6217
6050
6218
6219
6220
6220
6221
6222
6056
6222
6056
6223
6224
6224
6225
6058
6226
6184
6227
6060
6228
6219
6229
6230
6231
6230
6228
6231
6232
6065
6066
6233
6067
6234
6230
6235
6068
6236
6237
6226
6237
6238
6076
6239
6072
6240
6239
6074
6241
6242
6243
6244
6079
6081
6245
6246
6240
6247
6248
6249
6250
6251
6089
6252
6253
6088
6254
6255
6256
6257
6258
6259
6248
6260
6261
6262
6263
6264
6265
6265
6250
6266
6135
6267
6107
6268
6103
6204
6268
6269
6109
6270
6110
6271
6272
6273
6274
6275
6276
6276
6277
6278
6279
6280
6281
6282
6283
6284
6123
6284
6283
6285
6286
6124
6287
6288
6289
6126
6290
6291
6131
6292
6130
6293
6294
6295
6296
6297
6298
6297
6299
6300
6301
6302
6303
6304
6305
6305
6306
6307
6308
6307
6309
6143
6306
6310
6311
6312
6313
6314
6315
6148
6316
6317
6312
6318
6152
6319
6162
6320
6321
6321
6322
6156
6323
6324
6163
6324
6158
6325
6323
6326
6325
6327
6328
6170
6328
6329
6330
6331
6329
6331
6332
6171
6333
6334
6333
6334
6335
6336
6336
6337
6338
6338
6336
6339
6173
6176
6340
6178
6341
6175
6334
6342
6343
6343
6344
6179
6345
6345
6346
6347
6181
6347
6348
6182
6349
6183
6350
6185
6351
6185
6352
6353
6191
6354
6354
6355
6356
6357
6357
6358
6359
6360
6194
6358
6361
6362
6196
6363
6364
6200
6365
6364
6365
6366
6367
6368
6369
6370
6206
6371
6372
6207
6208
6373
6374
6375
6214
6376
6376
6377
6377
6378
6378
6379
6380
6381
6218
6382
6383
6383
6384
6220
6384
6219
6385
6386
6387
6387
6388
6389
6225
6389
6225
6390
6391
6380
6391
6392
6227
6393
6352
6394
6229
6395
6386
6396
6397
6397
6398
6395
6398
6399
6234
6235
6400
6236
6401
6397
6402
6237
6403
6404
6393
6404
6405
6406
6407
6257
6408
6408
6409
6409
6410
6410
6411
6246
6412
6413
6412
6414
6415
6416
6417
6417
6255
6259
6418
6419
6419
6420
6420
6421
6422
6416
6418
6258
6423
6424
6261
6425
6426
6427
6428
6264
6427
6429
6430
6431
6432
6275
6433
6434
6271
6435
6436
6437
6438
6273
6439
6440
6441
6442
6443
6291
6444
6445
6445
6446
6446
6447
6447
6448
6282
6448
6309
6449
6450
6296
6451
6287
6452
6453
6452
6454
6455
6456
6456
6457
6458
6459
6460
6294
6461
6462
6460
6463
6464
6459
6299
6465
6466
6465
6467
6302
6468
6469
6308
6470
6470
6471
6472
6473
6474
6475
6476
6430
6477
6478
6479
6480
6314
6481
6482
6478
6482
6479
6483
6322
6484
6366
6485
6486
6487
6486
6488
6489
6490
6491
6492
6331
6492
6326
6493
6491
6494
6493
6495
6496
6338
6496
6497
6498
6488
6498
6499
6497
6499
6500
6339
6501
6502
6501
6502
6503
6504
6504
6505
6506
6506
6504
6507
6341
6344
6508
6346
6509
6343
6502
6510
6511
6511
6512
6347
6513
6513
6514
6515
6349
6515
6516
6350
6517
6351
6518
6353
6519
6353
6520
6521
6522
6356
6523
6524
6525
6526
6360
6429
6527
6528
6529
6528
6530
6529
6531
6532
6533
6534
6369
6535
6534
6536
6537
6538
6539
6538
6540
6539
6541
6540
6542
6542
6543
6379
6544
6545
6546
6547
6548
6549
6545
6549
6550
6385
6551
6552
6552
6553
6387
6553
6386
6554
6555
6556
6556
6557
6558
6392
6558
6392
6559
6560
6549
6560
6561
6394
6562
6520
6563
6396
6564
6555
6565
6566
6566
6567
6564
6567
6401
6402
6568
6403
6569
6566
6570
6404
6571
6572
6562
6572
6411
6573
6573
6574
6575
6576
6577
6578
6579
6415
6580
6574
6581
6582
6583
6432
6584
6585
6586
6422
6587
6588
6575
6589
6588
6589
6582
6590
6428
6591
6592
6593
6594
6431
6595
6596
6468
6597
6439
6598
6437
6599
6442
6600
6601
6443
6599
6602
6441
6603
6604
6605
6606
6458
6607
6608
6609
6610
6611
6612
6613
6454
6613
6612
6614
6615
6455
6616
6617
6618
6619
6620
6621
6621
6622
6623
6464
6624
6625
6626
6626
6627
6614
6628
6629
6630
6631
6632
6633
6631
6634
6635
6636
6637
6636
6638
6638
6639
6640
6641
6640
6642
6641
6643
6595
6639
6644
6645
6646
6647
6646
6648
6649
6484
6650
6651
6647
6652
6653
6489
6654
6655
6656
6656
6657
6658
6659
6499
6659
6494
6660
6658
6661
6660
6662
6663
6506
6663
6664
6665
6665
6666
6664
6666
6667
6507
6668
6669
6668
6669
6670
6671
6671
6672
6673
6672
6671
6674
6509
6512
6675
6514
6676
6511
6669
6677
6678
6678
6679
6515
6680
6680
6681
6682
6517
6682
6683
6518
6684
6519
6685
6521
6686
6521
6687
6688
6689
6690
6690
6691
6692
6693
6692
6694
6694
6695
6689
6696
6697
6698
6695
6699
6532
6700
6701
6701
6702
6652
6703
6704
6537
6705
6706
6707
6708
6709
6598
6710
6711
6544
6712
6713
6714
6715
6547
6715
6716
6717
6718
6719
6714
6719
6720
6554
6721
6722
6722
6723
6556
6723
6555
6724
6725
6726
6726
6727
6728
6561
6728
6561
6729
6730
6719
6730
6731
6563
6687
6565
6725
6732
6732
6569
6570
6571
6732
6572
6733
6734
6735
6736
6737
6737
6738
6738
6739
6581
6740
6741
6742
6743
6742
6596
6744
6744
6745
6745
6746
6746
6747
6747
6748
6749
6750
6751
6752
6753
6754
6593
6755
6756
6755
6757
6758
6759
6606
6760
6761
6762
6763
6764
6764
6765
6603
6766
6767
6767
6768
6768
6769
6770
6771
6772
6772
6773
6773
6774
6775
6776
6643
6776
6777
6778
6779
6616
6780
6781
6780
6782
6783
6784
6783
6785
6785
6786
6771
6630
6787
6627
6787
6625
6788
6789
6790
6791
6632
6792
6792
6793
6794
6795
6796
6634
6797
6798
6642
6799
6800
6799
6801
6802
6803
6804
6805
6806
6807
6645
6808
6809
6810
6811
6812
6813
6812
6814
6809
6815
6657
6816
6817
6655
6818
6818
6819
6820
6821
6822
6823
6824
6666
6824
6661
6825
6823
6826
6825
6827
6828
6672
6828
6829
6830
6820
6830
6831
6829
6831
6832
6674
6833
6834
6833
6834
6835
6836
6837
6836
6837
6838
6836
6839
6676
6679
6681
6678
6834
6840
6841
6841
6682
6842
6842
6843
6684
6843
6685
6686
6688
6688
6844
6845
6693
6846
6847
6848
6849
6850
6757
6851
6698
6852
6853
6854
6855
6856
6857
6856
6703
6858
6859
6706
6860
6817
6861
6862
6863
6864
6865
6866
6867
6868
6866
6869
6868
6870
6870
6871
6718
6871
6872
6873
6873
6717
6874
6875
6876
6877
6872
6877
6878
6724
6879
6879
6880
6726
6880
6725
6881
6881
6882
6883
6731
6882
6731
6884
6885
6877
6885
6886
6887
6888
6887
6889
6736
6750
6890
6891
6892
6888
6893
6741
6894
6895
6751
6889
6896
6897
6898
6899
6900
6749
6901
6902
6902
6903
6753
6904
6905
6756
6906
6907
6908
6909
6759
6910
6911
6797
6912
6869
6913
6765
6770
6769
6914
6915
6916
6913
6917
6918
6919
6920
6921
6922
6923
6924
6775
6925
6926
6927
6928
6929
6928
6930
6788
6929
6931
6784
6932
6930
6933
6934
6935
6936
6922
6937
6938
6939
6790
6940
6941
6942
6943
6944
6945
6946
6945
6947
6798
6948
6948
6949
6950
6951
6952
6801
6953
6954
6803
6955
6910
6956
6957
6958
6959
6957
6960
6927
6959
6814
6961
6962
6963
6964
6817
6965
6966
6964
6967
6968
6816
6969
6970
6971
6821
6972
6971
6973
6974
6970
6975
6976
6977
6831
6977
6826
6978
6976
6979
6978
6980
6981
6837
6981
6982
6983
6973
6982
6984
6983
6984
6985
6839
6986
6987
6986
6987
6988
6989
6988
6989
6990
6988
6991
6841
6987
6843
6845
6992
6993
6994
6995
6848
6996
6994
6850
6997
6998
6992
6999
6854
7000
6857
7001
7002
6998
7003
7004
7005
7006
7007
7008
7009
7008
7010
7011
7012
7010
7011
6867
7013
6865
7014
7015
7016
7017
7018
7019
7020
7021
7022
7023
6874
7023
7024
7025
6876
7025
7026
7027
7022
7027
7028
7029
6881
7029
7030
6886
7031
7030
7031
6886
7032
7033
7027
7033
7034
7035
7036
7037
6891
7038
7039
6893
7040
7041
6896
7042
7043
7044
7045
6911
7046
7047
7048
6900
7047
7049
7050
7051
7051
6904
7043
7052
6906
7053
7054
6908
6909
7055
7056
7057
7058
7059
7060
7061
7062
7063
7063
7064
7064
7065
7066
7067
7067
7068
7068
7069
7069
7070
7059
7065
7071
7072
7073
7072
7074
7074
7075
7075
7076
7076
7077
7078
7079
6932
6933
7080
7081
7082
7083
7082
7084
6937
7085
7086
6942
6947
7087
7088
7088
7089
7089
7090
7091
7090
7092
6949
7093
7094
7093
7095
7096
7097
7098
6951
7060
7099
7100
7101
7102
7103
7101
7104
7103
7105
6958
7106
7107
7108
7109
7100
7110
7111
7112
7112
7113
6965
7114
7115
7012
6968
7116
7116
7117
7118
7113
7119
7120
7121
7122
7122
7123
7121
7124
6975
7123
7125
7126
7127
6984
7127
6979
7128
7126
7129
7128
7130
6989
7130
7124
7131
7131
7132
7133
7132
7133
7134
6991
7135
7136
7135
7136
7135
7137
7137
7138
7139
7138
7140
6997
7141
7142
7143
7056
7144
7001
7145
7146
7145
7147
7148
7149
7006
7150
7146
7150
7151
7009
7152
7153
7154
7155
7156
7157
7014
7158
7159
7160
7161
7161
7162
7163
7164
7164
7165
7162
7166
7165
7167
7026
7168
7169
7170
7024
7170
7171
7172
7172
7173
7173
7174
7169
7174
7175
7030
7034
7034
7176
7174
7176
7177
7178
7041
7179
7177
7180
7181
7182
7040
7183
7184
7185
7044
7186
7187
7188
7180
7189
7048
7190
7191
7192
7050
7193
7194
7181
7195
7196
7195
7197
7055
7198
7199
7200
7058
7105
7190
7201
7202
7066
7203
7070
7204
7205
7206
7207
7208
7209
7210
7211
7212
7073
7213
7214
7215
7216
7217
7218
7079
7219
7087
7220
7221
7084
7222
7221
7223
7224
7085
7225
7226
7227
7228
7229
7230
7231
7232
7233
7096
7234
7234
7235
7236
7237
7238
7237
7239
7238
7099
7240
7236
7241
7242
7243
7244
7245
7246
7247
7245
7248
7249
7107
7250
7251
7252
7253
7218
7253
7251
7254
7118
7255
7256
7257
7115
7258
7259
7260
7259
7261
7262
7120
7263
7264
7265
7266
7266
7267
7265
7268
7267
7269
7270
7271
7133
7271
7129
7270
7136
7268
7272
7272
7273
7274
7273
7274
7275
7276
7277
7141
7278
7278
7279
7280
7143
7281
7148
7282
7283
7284
7285
7149
7286
7287
7288
7289
7289
7290
7290
7291
7154
7292
7293
7294
7295
7294
7296
7258
7297
7163
7298
7160
7299
7300
7301
7302
7303
7304
7305
7203
7306
7168
7307
7308
7309
7310
7171
7310
7311
7312
7312
7313
7308
7313
7314
7309
7314
7314
7315
7179
7316
7317
7318
7319
7320
7321
7322
7323
7323
7324
7324
7325
7326
7327
7188
7196
7328
7326
7329
7330
7192
7331
7332
7333
7334
7334
7335
7336
7337
7338
7339
7339
7340
7200
7341
7342
7343
7344
7345
7346
7347
7348
7349
7349
7350
7350
7351
7343
7351
7352
7353
7210
7352
7354
7212
7355
7356
7228
7357
7358
7359
7358
7360
7359
7361
7361
7362
7362
7220
7363
7364
7365
7223
7366
7367
7368
7369
7369
7370
7368
7371
7229
7370
7372
7373
7231
7374
7375
7376
7377
7235
7378
7379
7380
7381
7382
7383
7381
7384
7241
7385
7386
7346
7387
7388
7389
7248
7389
7390
7247
7391
7249
7392
7393
7252
7394
7395
7396
7397
7388
7398
7399
7400
7400
7401
7401
7402
7403
7404
7405
7406
7405
7407
7406
7408
7409
7410
7269
7410
7411
7412
7412
7413
7413
7411
7414
7415
7416
7274
7416
7414
7417
7417
7418
7419
7418
7419
7283
7420
7279
7420
7421
7422
7281
7423
7424
7342
7425
7426
7427
7428
7428
7429
7427
7430
7288
7431
7432
7429
7433
7434
7435
7295
7436
7434
7437
7438
7439
7297
7440
7441
7442
7443
7442
7444
7301
7445
7446
7446
7447
7443
7448
7305
7449
7307
7447
7450
7451
7451
7452
7453
7311
7453
7454
7455
7455
7456
7452
7456
7316
7457
7458
7325
7459
7329
7460
7321
7335
7322
7461
7462
7463
7464
7465
7466
7467
7328
7468
7469
7470
7332
7471
7333
7472
7473
7474
7475
7476
7338
7477
7477
7478
7479
7480
7341
7481
7482
7482
7483
7345
7484
7485
7486
7353
7487
7488
7489
7490
7491
7492
7493
7494
7355
7495
7496
7488
7497
7360
7498
7499
7500
7501
7502
7503
7504
7505
7374
7504
7505
7506
7371
7507
7506
7508
7509
7510
7511
7512
7373
7513
7514
7515
7377
7516
7378
7517
7518
7519
7383
7520
7520
7521
7522
7523
7524
7525
7523
7526
7387
7527
7522
7527
7528
7529
7530
7531
7532
7532
7533
7534
7535
7471
7533
7395
7536
7537
7538
7539
7540
7541
7542
7543
7408
7544
7545
7546
7409
7547
7548
7549
7549
7550
7551
7552
7550
7553
7554
7555
7556
7557
7558
7558
7559
7415
7559
7557
7560
7556
7561
7419
7560
7562
7562
7563
7423
7564
7565
7566
7567
7431
7568
7569
7570
7563
7570
7571
7572
7573
7574
7575
7576
7574
7577
7578
7579
7580
7579
7581
7437
7582
7583
7440
7584
7584
7585
7586
7548
7587
7588
7589
7445
7590
7591
7592
7593
7449
7594
7595
7487
7596
7595
7597
7597
7598
7454
7599
7599
7600
7598
7600
7460
7601
7459
7602
7603
7604
7605
7606
7476
7605
7606
7607
7607
7608
7608
7609
7610
7611
7612
7613
7613
7614
7478
7614
7612
7615
7616
7617
7618
7617
7619
7620
7621
7620
7622
7622
7623
7624
7625
7626
7481
7626
7627
7628
7629
7630
7629
7631
7486
7631
7632
7633
7634
7635
7636
7491
7635
7637
7630
7638
7495
7639
7639
7640
7641
7642
7643
7643
7644
7513
7645
7646
7647
7648
7649
7646
7650
7651
7652
7540
7652
7653
7654
7655
7656
7657
7657
7658
7512
7659
7659
7660
7661
7662
7663
7664
7662
7665
7516
7666
7667
7668
7669
7667
7668
7669
7670
7671
7670
7672
7673
7674
7525
7675
7676
7673
7677
7678
7632
7679
7680
7681
7682
7683
7535
7684
7685
7686
7683
7687
7688
7538
7689
7543
7690
7691
7541
7692
7693
7694
7680
7695
7696
7697
7698
7697
7699
7547
7699
7700
7701
7702
7703
7704
7705
7704
7706
7705
7707
7698
7706
7700
7708
7709
7709
7710
7711
7710
7712
7561
7712
7711
7713
7709
7714
7713
7715
7565
7716
7717
7718
7719
7716
7720
7720
7721
7722
7723
7724
7575
7725
7725
7726
7578
7727
7728
7729
7577
7721
7730
7731
7732
7581
7733
7734
7585
7735
7736
7737
7738
7739
7587
7740
7741
7589
7742
7743
7742
7744
7745
7746
7593
7746
7747
7595
7743
7748
7749
7750
7751
7749
7752
7752
7753
7754
7753
7754
7602
7755
7756
7610
7757
7615
7758
7759
7760
7761
7762
7611
7763
7764
7765
7766
7767
7768
7769
7619
7686
7770
7621
7771
7772
7773
7774
7775
7776
7777
7777
7778
7776
7779
7780
7781
7782
7723
7782
7783
7784
7785
7786
7640
7787
7636
7788
7789
7790
7638
7791
7792
7793
7794
7642
7795
7796
7797
7788
7798
7650
7799
7800
7648
7801
7802
7651
7803
7804
7805
7806
7807
7808
7655
7808
7809
7663
7810
7811
7809
7812
7813
7661
7814
7815
7816
7817
7665
7818
7819
7807
7820
7821
7822
7823
7824
7676
7825
7825
7826
7827
7675
7828
7829
7830
7831
7832
7827
7833
7833
7834
7835
7682
7836
7837
7838
7839
7840
7840
7841
7842
7688
7843
7844
7690
7845
7846
7845
7847
7847
7848
7694
7849
7850
7696
7851
7852
7853
7854
7855
7855
7856
7702
7857
7858
7858
7859
7860
7861
7862
7859
7863
7856
7864
7865
7865
7866
7867
7866
7868
7714
7867
7868
7865
7869
7718
7870
7871
7719
7872
7873
7874
7875
7876
7724
7877
7878
7870
7879
7727
7880
7881
7882
7883
7882
7884
7885
7886
7881
7887
7887
7888
7737
7889
7888
7889
7736
7890
7891
7892
7740
7893
7893
7894
7895
7896
7897
7898
7898
7899
7745
7900
7901
7902
7750
7903
7749
7899
7904
7905
7906
7787
7907
7905
7908
7908
7909
7909
7758
7910
7757
7911
7912
7913
7775
7914
7915
7916
7915
7917
7763
7918
7919
7920
7921
7921
7922
7923
7924
7924
7925
7778
7925
7923
7926
7771
7927
7928
7927
7929
7774
7930
7931
7932
7933
7934
7935
7936
7937
7781
7937
7938
7939
7940
7941
7792
7941
7786
7942
7943
7944
7945
7946
7947
7946
7948
7947
7949
7949
7795
7950
7950
7951
7952
7797
7953
7954
7954
7955
7818
7956
7801
7957
7958
7803
7959
7960
7957
7961
7962
7963
7849
7962
7964
7965
7966
7967
7968
7812
7969
7970
7817
7971
7971
7972
7972
7973
7819
7974
7967
7975
7976
7977
7978
7822
7978
7979
7980
7981
7981
7982
7983
7982
7984
7832
7985
7986
7830
7987
7983
7985
7988
7989
7990
7943
7991
7836
7992
7993
7838
7994
7995
7844
7996
7997
7998
7999
7929
7999
8000
8001
8001
8002
8003
8004
8005
7850
8006
8007
8008
7992
8009
8004
8010
7855
8011
8012
7862
8012
8013
8013
8014
7896
8015
8016
8017
7861
8018
8019
8020
8019
8021
8014
8022
8023
8023
8024
8025
7869
8024
8025
8023
8026
8027
7872
8028
8029
8027
8030
8030
8031
7876
8032
8033
8034
8035
7939
8034
7880
7884
8036
8037
8038
7885
8039
8040
8041
8033
8042
8043
8044
8045
7894
8046
8046
8047
8047
8048
8049
8050
7897
8051
8052
8053
7900
8054
8054
8055
8056
8057
8057
8058
7903
8058
8059
7905
8055
8060
8061
8062
8063
8062
8064
8061
8065
8065
7911
8066
8067
7920
8067
7926
8068
7916
8069
8070
8071
7918
8072
8073
7922
8074
8075
8076
8077
8078
8079
8080
8081
8082
7931
8083
8084
8085
8086
8087
8086
8088
7934
8089
8090
8091
8092
8089
8093
8094
8095
8096
8096
7942
8097
8098
8099
8100
7951
8101
7948
8102
8103
8104
8105
8106
8107
8108
8109
8110
8110
8111
8112
8113
8114
7961
8115
8116
7959
8117
8118
8118
8119
8120
8121
8119
8122
7965
8123
8124
8124
8125
8126
7969
8127
8128
8125
8129
8130
8131
7974
8132
8133
8134
8135
8133
8134
8123
8136
8137
7980
8138
8139
8140
8141
8142
8142
8143
8144
7987
8145
8146
7989
8147
8148
8148
8149
8149
8150
8151
7994
8152
8153
8154
8155
8156
8157
8156
8158
8158
8159
8159
8154
8160
8161
8003
8162
8163
8164
8165
8166
8165
8167
8008
8168
8169
8010
8170
8171
8013
8172
8173
8173
8174
8175
8175
8176
8016
8177
8178
8178
8179
8020
8180
8180
8174
8179
8181
8176
8182
8183
8183
8026
8184
8184
8183
8185
8035
8186
8187
8187
8188
8189
8188
8190
8186
8191
8192
8193
8194
8195
8196
8196
8197
8198
8199
8200
8201
8195
8198
8042
8200
8202
8197
8203
8203
8204
8204
8205
8206
8207
8205
8208
8051
8209
8209
8210
8211
8212
8213
8212
8214
8056
8215
8215
8216
8217
8218
8218
8219
8220
8063
8220
8061
8216
8221
8222
8223
8224
8101
8225
8222
8068
8226
8227
8228
8088
8229
8071
8230
8231
8230
8232
8074
8233
8234
8235
8236
8236
8237
8237
8238
8239
8240
8240
8241
8241
8242
8239
8243
8083
8244
8245
8246
8247
8248
8249
8250
8248
8251
8252
8253
8092
8254
8242
8255
8256
8257
8258
8095
8258
8259
8260
8098
8261
8262
8100
8263
8150
8264
8114
8265
8266
8267
8267
8268
8266
8269
8268
8270
8109
8271
8271
8272
8273
8274
8275
8276
8113
8277
8278
8279
8135
8280
8117
8281
8282
8283
8284
8285
8286
8122
8168
8287
8288
8289
8290
8291
8292
8291
8293
8129
8294
8295
8292
8296
8296
8297
8297
8298
8299
8300
8301
8302
8303
8302
8304
8304
8305
8140
8306
8307
8143
8308
8309
8310
8311
8312
8312
8313
8309
8313
8311
8314
8315
8316
8317
8318
8319
8319
8320
8155
8320
8321
8322
8323
8161
8324
8325
8247
8326
8327
8326
8166
8328
8329
8330
8330
8331
8332
8333
8169
8334
8335
8336
8337
8338
8331
8337
8175
8339
8340
8339
8341
8341
8342
8343
8343
8344
8213
8345
8346
8347
8342
8342
8348
8349
8344
8350
8350
8185
8350
8351
8352
8353
8354
8355
8354
8356
8192
8357
8358
8260
8359
8355
8360
8361
8362
8363
8364
8201
8365
8366
8367
8358
8368
8369
8370
8371
8372
8373
8372
8374
8374
8375
8376
8377
8378
8214
8379
8380
8381
8382
8217
8383
8383
8384
8385
8386
8386
8387
8220
8387
8388
8222
8384
8389
8390
8388
8390
8389
8391
8392
8393
8392
8394
8393
8395
8396
8397
8398
8396
8399
8233
8400
8401
8238
8402
8394
8403
8404
8405
8406
8407
8408
8409
8410
8411
8412
8246
8413
8251
8414
8415
8416
8417
8250
8418
8419
8420
8397
8419
8421
8422
8421
8423
8256
8424
8423
8422
8425
8426
8427
8428
8429
8263
8430
8270
8431
8432
8391
8433
8269
8434
8435
8436
8437
8438
8439
8440
8433
8441
8274
8442
8275
8443
8277
8444
8445
8446
8447
8434
8447
8286
8448
8285
8449
8449
8450
8451
8452
8452
8453
8454
8455
8453
8456
8289
8457
8458
8458
8459
8460
8461
8294
8462
8463
8459
8463
8464
8465
8466
8467
8468
8469
8468
8470
8470
8471
8472
8457
8473
8472
8306
8474
8475
8308
8476
8477
8478
8478
8479
8480
8481
8482
8483
8484
8483
8485
8485
8486
8487
8488
8489
8490
8491
8492
8327
8493
8493
8494
8495
8496
8497
8498
8496
8499
8500
8501
8329
8502
8503
8504
8505
8333
8506
8507
8506
8508
8336
8509
8510
8511
8489
8512
8513
8514
8343
8513
8515
8514
8516
8516
8517
8517
8518
8519
8347
8519
8348
8520
8521
8516
8520
8522
8352
8523
8353
8524
8525
8526
8524
8527
8523
8528
8529
8360
8530
8531
8532
8533
8363
8533
8534
8532
8535
8535
8536
8368
8537
8537
8538
8539
8534
8540
8541
8542
8541
8543
8544
8378
8545
8546
8543
8547
8377
8379
8548
8549
8550
8551
8552
8518
8552
8551
8553
8385
8554
8554
8555
8556
8556
8557
8557
8558
8558
8559
8560
8559
8561
8562
8563
8564
8412
8565
8566
8567
8399
8568
8569
8568
8570
8402
8571
8572
8404
8573
8574
8574
8575
8575
8576
8411
8577
8577
8578
8578
8579
8579
8580
8581
8582
8583
8584
8584
8585
8583
8586
8499
8586
8587
8588
8589
8590
8590
8585
8588
8591
8592
8593
8580
8594
8426
8595
8596
8596
8597
8429
8598
8599
8431
8600
8601
8487
8600
8602
8603
8604
8605
8605
8606
8606
8607
8604
8608
8607
8609
8442
8610
8610
8611
8612
8444
8613
8614
8446
8615
8616
8617
8471
8618
8619
8451
8620
8621
8622
8623
8624
8625
8624
8626
8509
8627
8628
8629
8630
8631
8632
8464
8631
8633
8634
8635
8636
8636
8637
8469
8638
8637
8639
8640
8641
8642
8643
8644
8645
8646
8647
8648
8648
8649
8649
8650
8650
8651
8652
8651
8653
8484
8654
8654
8655
8655
8656
8657
8658
8659
8488
8660
8661
8662
8663
8491
8664
8665
8494
8666
8667
8668
8498
8669
8670
8500
8671
8672
8673
8674
8675
8676
8507
8677
8678
8679
8678
8680
8680
8681
8682
8683
8510
8684
8685
8686
8681
8687
8687
8688
8689
8690
8690
8691
8517
8689
8691
8692
8521
8693
8694
8692
8694
8691
8693
8695
8696
8697
8698
8699
8531
8700
8698
8701
8702
8703
8702
8704
8599
8705
8706
8707
8708
8709
8710
8538
8711
8712
8713
8704
8714
8542
8715
8716
8717
8718
8719
8720
8719
8721
8720
8722
8722
8723
8724
8725
8724
8726
8553
8725
8727
8728
8729
8555
8730
8730
8731
8731
8732
8732
8733
8560
8733
8734
8735
8602
8735
8564
8736
8565
8737
8738
8739
8569
8740
8741
8742
8743
8744
8571
8745
8746
8576
8747
8738
8748
8749
8750
8751
8752
8753
8754
8755
8756
8757
8757
8758
8759
8760
8761
8762
8589
8763
8764
8765
8741
8592
8766
8767
8594
8768
8769
8767
8770
8771
8598
8772
8773
8774
8775
8609
8776
8777
8778
8779
8780
8781
8782
8783
8779
8784
8785
8786
8777
8787
8788
8789
8789
8790
8615
8791
8792
8793
8794
8778
8795
8626
8796
8625
8797
8797
8798
8798
8799
8799
8800
8800
8801
8802
8803
8804
8801
8805
8629
8806
8807
8807
8808
8809
8634
8810
8635
8811
8812
8813
8814
8815
8816
8817
8816
8818
8641
8819
8817
8820
8821
8821
8822
8645
8823
8824
8806
8825
8823
8826
8827
8828
8829
8830
8653
8656
8831
8832
8833
8834
8835
8836
8835
8837
8660
8836
8838
8839
8840
8839
8841
8842
8843
8843
8844
8666
8844
8845
8676
8846
8846
8847
8848
8849
8848
8850
8851
8852
8851
8853
8762
8850
8675
8854
8855
8856
8857
8858
8859
8858
8860
8861
8862
8683
8863
8864
8863
8865
8686
8805
8866
8867
8842
8868
8869
8869
8870
8870
8871
8872
8873
8874
8871
8874
8870
8873
8875
8876
8877
8701
8877
8878
8700
8879
8880
8881
8882
8876
8883
8884
8706
8885
8886
8710
8887
8709
8888
8889
8890
8890
8891
8713
8892
8893
8892
8894
8895
8896
8718
8897
8895
8897
8898
8899
8900
8726
8901
8902
8903
8904
8905
8906
8907
8728
8908
8872
8908
8909
8910
8910
8911
8911
8912
8734
8912
8913
8914
8914
8915
8737
8916
8917
8918
8758
8919
8742
8920
8921
8922
8923
8924
8924
8925
8923
8926
8927
8928
8927
8929
8930
8931
8930
8932
8932
8933
8933
8934
8756
8935
8935
8936
8936
8937
8937
8938
8939
8940
8941
8942
8943
8943
8944
8764
8945
8942
8946
8947
8948
8949
8950
8768
8951
8952
8953
8954
8955
8956
8957
8772
8956
8958
8774
8959
8960
8776
8840
8961
8915
8962
8963
8784
8964
8965
8966
8966
8967
8785
8967
8968
8969
8787
8788
8970
8971
8972
8791
8973
8974
8793
8975
8976
8795
8977
8978
8822
8979
8980
8981
8982
8983
8984
8985
8986
8986
8987
8985
8988
8989
8990
8991
8813
8992
8993
8994
8812
8993
8995
8996
8997
8998
8994
8999
8999
9000
9001
9002
9000
9003
8820
9004
9005
9006
9007
9008
9008
9009
9009
9010
9011
9012
9011
9013
9014
9015
9014
9016
9016
9017
9017
9018
8837
9019
9019
9020
9020
9021
9022
9023
9024
9023
9025
9026
9027
9025
9028
9029
9030
9031
8847
9032
9033
9034
9035
8853
9036
9037
9038
8854
9039
9040
9041
9041
9042
9042
9043
9044
9045
9046
8860
9047
9048
9047
9049
9049
9050
9051
9044
9052
8866
9053
9054
8868
9055
9056
9057
9057
9058
9059
9059
9060
9061
9062
9058
9062
9057
9061
9063
9064
9065
9066
9066
9067
8886
9067
9068
9069
8883
9070
9071
9070
9072
8960
9073
9074
8888
9075
9076
8896
9077
9078
9079
9080
9081
9079
9082
9072
9083
9084
9085
9086
8904
9087
9088
9089
9088
9090
9089
9091
9090
9092
9092
9093
9094
9095
9096
8909
9096
9091
9095
9060
9097
9098
9098
9099
8913
9099
9100
9101
9101
9102
8970
9102
9103
9104
8919
9105
9104
9106
9107
8925
9108
8922
8949
9109
9110
9111
9112
8928
9113
9114
9115
8934
9116
9117
9106
9118
9119
9120
9121
9122
9123
9124
8955
9125
9126
9127
9126
9128
9129
9130
9131
9132
8945
9133
9134
8948
9135
8950
9136
9137
9138
9139
8952
9140
9141
8954
9142
9143
9144
9145
9141
9146
9147
9148
9148
9149
9150
9151
9152
9153
9154
9153
9155
8965
9156
9157
9158
9159
9155
9160
9152
9161
9162
9163
8972
9163
9164
9164
9165
8975
9165
9166
9166
9167
9168
9169
9154
9169
9170
9171
8987
9172
9173
9174
9174
9175
8984
9175
9176
9177
9178
9179
9171
9180
9054
9181
8991
9182
9183
9183
9184
9185
9186
8998
9187
8997
9188
9189
9184
9190
9191
9002
9192
9193
9192
9194
9193
9195
9195
9196
9007
9196
9197
9198
9199
9200
9201
9202
9198
9203
9015
9204
9205
9206
9207
9208
9021
9209
9210
9211
9212
9024
9213
9214
9213
9215
9216
9217
9028
9218
9218
9219
9220
9030
9221
9222
9222
9223
9223
9224
9043
9225
9224
9225
9226
9227
9227
9228
9226
9229
9039
9230
9231
9230
9232
9233
9234
9235
9236
9046
9237
9238
9239
9238
9240
9241
9055
9242
9052
9243
9244
9245
9246
9247
9248
9221
9249
9250
9251
9250
9252
9097
9252
9253
9251
9253
9064
9254
9068
9069
9255
9256
9257
9258
9259
9260
9261
9262
9263
9074
9264
9265
9078
9266
9266
9267
9267
9268
9269
9270
9269
9271
9082
9272
9273
9272
9274
9275
9276
9268
9275
9087
9276
9277
9278
9279
9280
9281
9282
9094
9283
9284
9285
9286
9286
9287
9288
9100
9288
9289
9290
9290
9291
9162
9291
9105
9292
9293
9294
9295
9296
9297
9298
9299
9299
9300
9301
9302
9112
9303
9304
9302
9305
9306
9307
9306
9308
9307
9309
9119
9310
9310
9311
9312
9313
9314
9309
9313
9127
9315
9315
9316
9125
9316
9317
9318
9319
9130
9320
9297
9321
9322
9229
9323
9133
9323
9324
9137
9325
9326
9327
9327
9328
9326
9300
9329
9329
9330
9142
9331
9332
9333
9334
9335
9317
9336
9146
9337
9338
9337
9339
9340
9150
9341
9264
9219
9342
9343
9344
9345
9346
9160
9347
9158
9348
9349
9161
9350
9351
9352
9353
9354
9354
9355
9355
9356
9357
9168
9358
9359
9360
9197
9361
9362
9173
9363
9364
9365
9366
9181
9367
9178
9180
9368
9363
9369
9370
9371
9201
9372
9373
9374
9375
9376
9376
9377
9378
9379
9378
9380
9375
9381
9377
9382
9382
9383
9384
9385
9383
9386
9387
9388
9389
9390
9200
9390
9391
9392
9204
9393
9393
9394
9395
9206
9396
9397
9396
9398
9209
9399
9400
9211
9215
9401
9401
9402
9217
9403
9216
9403
9404
9405
9406
9405
9407
9408
9409
9410
9411
9408
9412
9413
9414
9414
9415
9416
9417
9418
9419
9232
9420
9421
9422
9233
9422
9423
9424
9234
9425
9235
9426
9427
9237
9428
9429
9430
9240
9431
9432
9242
9431
9433
9246
9434
9428
9434
9435
9436
9437
9371
9435
9249
9433
9438
9413
9439
9440
9441
9440
9442
9287
9441
9442
9261
9443
9444
9445
9445
9446
9265
9447
9448
9449
9444
9448
9262
9263
9450
9451
9452
9453
9454
9455
9456
9457
9458
9459
9460
9459
9461
9462
9460
9462
9463
9464
9465
9466
9284
9467
9279
9468
9469
9468
9470
9285
9469
9471
9470
9472
9472
9473
9474
9286
9475
9476
9476
9477
9289
9478
9478
9479
9353
9479
9480
9481
9295
9480
9296
9482
9483
9484
9485
9486
9487
9488
9489
9303
9490
9491
9492
9486
9493
9308
9494
9495
9496
9497
9498
9499
9500
9501
9314
9502
9503
9504
9505
9506
9507
9508
9509
9509
9510
9508
9511
9322
9512
9513
9514
9515
9516
9517
9518
9519
9520
9330
9521
9522
9523
9332
9524
9525
9334
9526
9527
9336
9528
9529
9530
9531
9532
9340
9533
9534
9534
9535
9343
9536
9352
9537
9538
9537
9539
9540
9541
9542
9543
9542
9544
9350
9545
9546
9541
9547
9548
9549
9550
9550
9551
9356
9551
9357
9552
9358
9553
9554
9555
9360
9555
9556
9557
9558
9557
9559
9560
9561
9562
9563
9564
9563
9565
9566
9567
9369
9568
9569
9559
9570
9571
9373
9572
9573
9379
9573
9574
9575
9576
9577
9578
9381
9579
9580
9581
9582
9583
9584
9583
9585
9584
9586
9585
9587
9588
9589
9558
9589
9590
9392
9591
9592
9593
9590
9594
9397
9593
9595
9596
9596
9597
9399
9598
9599
9402
9599
9406
9600
9409
9601
9407
9601
9602
9603
9604
9600
9604
9603
9605
9606
9607
9607
9608
9412
9609
9609
9610
9611
9612
9613
9415
9613
9416
9614
9417
9615
9427
9616
9617
9618
9420
9617
9619
9618
9620
9424
9621
9425
9621
9622
9619
9623
9426
9624
9427
9625
9626
9627
9627
9628
9629
9432
9629
9630
9630
9631
9630
9632
9633
9634
9437
9635
9636
9439
9632
9637
9612
9638
9639
9640
9477
9640
9639
9449
9641
9642
9643
9447
9644
9645
9646
9647
9648
9649
9648
9650
9464
9651
9535
9652
9652
9653
9456
9654
9655
9656
9657
9654
9658
9659
9660
9658
9661
9662
9663
9664
9665
9657
9666
9467
9667
9668
9669
9669
9670
9671
9475
9670
9672
9673
9674
9675
9674
9676
9476
9677
9678
9678
9679
9680
9549
9680
9681
9482
9682
9683
9500
9681
9683
9684
9512
9684
9685
9686
9687
9686
9688
9688
9689
9491
9690
9691
9493
9690
9692
9691
9693
9496
9497
9694
9695
9694
9696
9697
9501
9698
9699
9700
9698
9701
9504
9697
9701
9702
9703
9703
9704
9704
9705
9706
9707
9702
9708
9513
9709
9710
9711
9516
9712
9518
9713
9714
9519
9715
9716
9717
9717
9718
9718
9719
9689
9720
9719
9720
9526
9721
9531
9721
9722
9723
9724
9723
9725
9705
9725
9532
9726
9727
9728
9729
9730
9731
9732
9610
9733
9734
9540
9735
9556
9736
9737
9738
9739
9547
9740
9545
9741
9742
9548
9743
9744
9733
9745
9746
9746
9747
9552
9747
9553
9748
9554
9749
9750
9751
9751
9752
9752
9753
9754
9755
9562
9756
9564
9757
9758
9759
9760
9566
9761
9762
9571
9763
9764
9765
9766
9767
9765
9768
9769
9592
9770
9771
9575
9772
9773
9581
9774
9775
9776
9776
9777
9778
9779
9772
9779
9780
9781
9782
9783
9784
9785
9782
9786
9588
9787
9788
9789
9790
9791
9792
9793
9794
9795
9795
9796
9597
9794
9797
9598
9798
9798
9799
9800
9801
9800
9800
9802
9608
9803
9605
9803
9804
9805
9806
9802
9806
9805
9807
9611
9808
9809
9809
9810
9810
9811
9812
9813
9812
9814
9815
9614
9815
9615
9816
9616
9817
9626
9818
9819
9820
9821
9822
9712
9823
9623
9824
9624
9824
9825
9821
9826
9625
9827
9626
9828
9829
9633
9830
9830
9831
9832
9631
9832
9833
9833
9834
9833
9835
9636
9836
9635
9769
9837
9838
9638
9835
9839
9814
9840
9841
9679
9841
9649
9842
9843
9844
9843
9845
9845
9846
9653
9846
9844
9847
9847
9848
9849
9850
9651
9851
9852
9853
9854
9855
9656
9856
9857
9858
9859
9860
9861
9860
9862
9861
9863
9663
9862
9864
9865
9866
9852
9867
9667
9868
9869
9676
9870
9671
9871
9871
9872
9673
9873
9677
9872
9874
9675
9875
9876
9877
9878
9879
9678
9880
9881
9881
9882
9745
9883
9883
9884
9885
9884
9886
9687
9692
9887
9888
9889
9890
9891
9892
9893
9695
9894
9895
9695
9896
9897
9896
9898
9899
9899
9900
9700
9901
9900
9902
9903
9904
9905
9906
9907
9709
9908
9909
9910
9909
9911
9912
9711
9886
9913
9914
9915
9916
9917
9915
9917
9918
9919
9916
9919
9918
9920
9921
9922
9923
9724
9924
9925
9926
9927
9729
9928
9728
9929
9930
9931
9932
9933
9732
9933
9934
9935
9735
9736
9936
9937
9738
9938
9939
9741
9940
9940
9941
9942
9743
9943
9944
9939
9945
9946
9946
9947
9748
9947
9749
9948
9750
9949
9950
9951
9951
9952
9937
9952
9953
9954
9954
9955
9768
9956
9767
9957
9958
9959
9957
9958
9761
9960
9959
9960
9961
9961
9962
9962
9963
9766
9964
9965
9966
9967
9968
9969
9771
9970
9971
9972
9774
9973
9974
9778
9975
9976
9971
9977
9978
9979
9781
9980
9981
9982
9983
9984
9786
9985
9983
9986
9987
9986
9988
9789
9989
9990
9791
9796
9991
9793
9992
9993
9994
9995
9995
9996
9997
9799
9994
9998
9801
9999
9999
10000
10001
10001
10002
10001
10003
9811
10004
9807
10004
10005
10006
10003
10006
10005
10007
10008
10009
10009
10010
10010
10011
10011
10012
10007
10013
10014
10015
10016
9816
10016
9817
10017
9818
10018
9829
10019
9820
9822
10020
10021
10022
10022
10023
10020
10024
9826
10025
9827
10025
10026
10021
10027
9828
10028
9829
10029
10030
9836
10031
10031
10032
10033
9834
10033
10034
10034
10035
10034
10036
9838
10037
9838
9969
10038
10039
9840
10036
10040
10015
10041
9882
9848
10042
10043
10044
10045
10046
10047
10048
10049
10050
10042
10049
10050
10051
10052
10053
10054
10053
10055
9856
10056
10057
10058
10059
9868
10059
9863
10056
10060
10061
10062
10063
9865
10062
10064
9867
10065
10066
10067
9870
10068
10069
9873
10070
10070
10071
9875
10072
9880
10071
10073
9877
10074
9878
9879
10075
10076
10076
10077
10078
9881
10079
10080
10080
9901
10081
10082
10081
10082
10083
10082
10084
9889
10085
9893
10085
10086
10087
9922
10087
9892
9893
10088
9894
10089
10088
10090
9897
10090
10091
9897
10092
10093
10092
10094
10095
9903
10095
9903
10096
9902
10097
10096
10098
10099
9911
10100
10100
10101
10101
10102
10102
10103
9910
10104
10105
10106
10107
9914
10104
10108
9914
10084
10109
10110
10024
10111
10112
10113
10114
9921
10113
10115
10116
10117
10117
10118
10119
10119
10120
10121
10122
10122
10123
10103
10124
9930
10125
10118
10126
10127
9932
10128
10129
10130
10054
10131
9944
10013
9938
10132
10132
10133
10134
10135
10136
9945
10137
10136
10138
10138
10139
10140
10141
10142
9948
10142
9949
10143
9950
10144
10145
10146
10146
10147
10133
10147
9956
10148
10149
10150
10151
10152
10153
10154
10155
10156
10157
10158
9969
10159
10160
10161
10160
10162
9967
10161
10163
10162
10164
10165
9993
10166
10166
10167
10168
10167
10169
9980
10169
9976
10170
10171
10171
10172
10170
10173
10168
10173
10174
9982
10175
10176
10177
9985
10178
10179
10180
10179
10181
9989
10182
10183
10151
10184
10185
10186
10185
10187
10188
10189
10190
10190
10191
9997
10191
10192
10186
10000
10189
10193
10002
10194
10194
10195
10196
10196
10197
10196
10198
10012
10199
10198
10199
10014
10200
10201
10202
10202
10203
10203
10204
10204
10205
10205
10206
10200
10207
10208
10017
10208
10018
10209
10019
10210
10030
10211
10023
10212
10213
10213
10214
10214
10215
10215
10027
10216
10028
10216
10217
10212
10218
10029
10219
10030
10220
10221
10037
10222
10222
10223
10224
10035
10224
10225
10225
10226
10225
10227
10039
10228
10039
10165
10229
10230
10041
10227
10231
10207
10232
10233
10234
10235
10235
10236
10234
10237
10055
10238
10236
10239
10240
10241
10242
10243
10244
10245
10066
10245
10246
10247
10248
10249
10058
10250
10251
10252
10253
10254
10254
10255
10256
10257
10258
10259
10260
10260
10261
10261
10068
10262
10263
10078
10264
10072
10265
10265
10266
10074
10267
10079
10266
10075
10268
10269
10270
10270
10271
10078
10271
10272
10080
10097
10273
10274
10273
10274
10275
10274
10276
10277
10278
10089
10277
10279
10278
10089
10280
10281
10280
10282
10093
10282
10283
10093
10284
10285
10284
10286
10287
10099
10287
10099
10288
10098
10289
10288
10290
10291
10292
10293
10294
10295
10296
10297
10106
10298
10297
10298
10299
10110
10296
10300
10110
10276
10301
10302
10112
10114
10303
10215
10304
10114
10305
10306
10116
10305
10307
10308
10309
10309
10310
10311
10123
10312
10124
10313
10314
10315
10316
10317
10318
10127
10319
10320
10318
10321
10130
10322
10323
10323
10324
10325
10326
10325
10327
10135
10326
10328
10329
10330
10331
10332
10140
10333
10334
10328
10335
10143
10144
10145
10336
10336
10337
10327
10337
10338
10339
10150
10338
10340
10341
10164
10339
10163
10342
10155
10342
10343
10344
10345
10157
10345
10158
10346
10159
10347
10165
10348
10349
10350
10351
10352
10353
10354
10355
10356
10357
10358
10359
10360
10355
10361
10362
10175
10363
10364
10365
10366
10180
10367
10368
10369
10370
10371
10366
10372
10371
10373
10184
10374
10375
10376
10377
10378
10379
10379
10380
10381
10382
10382
10383
10383
10384
10377
10384
10385
10195
10381
10197
10386
10386
10387
10387
10388
10387
10389
10389
10390
10391
10392
10393
10393
10394
10394
10395
10395
10396
10396
10390
10397
10398
10399
10209
10399
10210
10400
10211
10401
10221
10402
10403
10404
10404
10405
10405
10406
10406
10218
10407
10219
10407
10408
10403
10409
10220
10410
10221
10411
10412
10228
10413
10413
10414
10415
10226
10415
10416
10416
10417
10416
10418
10230
10419
10230
10354
10420
10421
10232
10418
10422
10398
10423
10240
10424
10425
10426
10427
10238
10428
10429
10241
10430
10431
10432
10243
10424
10433
10434
10435
10436
10437
10438
10324
10438
10429
10437
10250
10258
10439
10439
10440
10440
10441
10256
10442
10443
10444
10445
10446
10445
10447
10448
10446
10449
10450
10451
10441
10452
10264
10452
10453
10267
10454
10454
10268
10455
10269
10456
10457
10458
10458
10459
10459
10460
10453
10460
10461
10289
10462
10463
10462
10463
10464
10463
10465
10466
10467
10309
10466
10281
10467
10468
10281
10469
10470
10469
10471
10285
10471
10472
10285
10473
10474
10473
10475
10476
10291
10476
10291
10477
10290
10478
10477
10479
10480
10293
10481
10482
10483
10484
10483
10485
10486
10487
10487
10488
10481
10489
10302
10486
10490
10302
10465
10491
10492
10304
10306
10493
10406
10494
10306
10495
10496
10308
10495
10497
10498
10499
10499
10500
10501
10501
10502
10502
10503
10504
10505
10315
10505
10506
10485
10507
10320
10508
10509
10510
10511
10510
10512
10513
10512
10514
10515
10516
10517
10518
10518
10519
10517
10520
10519
10330
10521
10522
10335
10523
10521
10524
10525
10526
10397
10525
10527
10528
10520
10528
10529
10530
10341
10531
10532
10533
10344
10533
10534
10535
10536
10346
10536
10347
10537
10348
10538
10354
10539
10350
10351
10540
10352
10541
10353
10542
10533
10543
10530
10544
10545
10546
10547
10548
10548
10549
10547
10550
10551
10552
10551
10553
10553
10554
10549
10555
10550
10556
10365
10556
10557
10558
10369
10559
10370
10560
10561
10562
10563
10562
10564
10374
10565
10566
10532
10566
10567
10568
10568
10567
10569
10570
10546
10571
10572
10572
10573
10573
10574
10574
10575
10575
10576
10577
10388
10578
10578
10578
10391
10579
10580
10581
10582
10582
10583
10583
10584
10584
10585
10585
10579
10586
10587
10400
10587
10401
10588
10402
10589
10412
10590
10591
10592
10592
10593
10593
10594
10594
10409
10595
10410
10595
10596
10591
10597
10411
10598
10412
10599
10600
10419
10601
10601
10602
10603
10417
10603
10604
10604
10605
10604
10606
10421
10607
10421
10545
10608
10609
10423
10606
10610
10586
10611
10612
10613
10614
10613
10615
10615
10616
10614
10617
10618
10616
10619
10612
10620
10619
10621
10434
10622
10623
10436
10624
10625
10626
10627
10628
10629
10630
10443
10631
10632
10632
10633
10634
10635
10636
10637
10637
10638
10639
10640
10640
10641
10625
10642
10643
10643
10455
10456
10457
10644
10644
10645
10645
10646
10646
10647
10647
10648
10649
10478
10650
10651
10650
10651
10652
10651
10653
10499
10654
10654
10655
10470
10655
10656
10470
10657
10658
10657
10659
10474
10659
10660
10474
10661
10662
10661
10663
10664
10480
10664
10480
10665
10479
10666
10665
10667
10668
10669
10484
10670
10671
10672
10673
10674
10675
10488
10674
10489
10676
10677
10678
10492
10675
10679
10492
10653
10680
10681
10494
10496
10682
10594
10683
10496
10684
10685
10498
10684
10686
10687
10688
10688
10511
10689
10690
10691
10506
10692
10507
10693
10694
10695
10696
10509
10697
10513
10698
10699
10700
10701
10515
10702
10703
10703
10704
10705
10706
10706
10707
10527
10707
10705
10708
10709
10523
10710
10711
10526
10712
10713
10714
10711
10715
10708
10530
10531
10716
10717
10718
10719
10719
10720
10535
10720
10721
10722
10723
10537
10723
10538
10724
10539
10725
10545
10726
10541
10542
10727
10543
10728
10544
10729
10720
10730
10717
10731
10732
10554
10733
10734
10735
10736
10737
10555
10738
10739
10740
10741
10742
10743
10744
10744
10745
10746
10747
10561
10748
10749
10750
10565
10746
10745
10751
10752
10753
10754
10576
10570
10755
10571
10756
10757
10757
10758
10758
10759
10759
10760
10754
10760
10761
10762
10580
10713
10763
10764
10765
10765
10766
10766
10767
10767
10768
10768
10769
10770
10588
10770
10589
10771
10590
10772
10600
10773
10774
10775
10775
10776
10776
10777
10777
10597
10778
10598
10778
10779
10774
10780
10599
10781
10600
10782
10783
10607
10784
10784
10785
10786
10605
10786
10787
10787
10788
10787
10789
10609
10790
10609
10732
10791
10792
10611
10789
10793
10769
10794
10795
10796
10797
10798
10799
10618
10800
10801
10802
10621
10803
10804
10795
10805
10624
10806
10807
10808
10801
10809
10704
10809
10638
10810
10630
10811
10812
10813
10814
10815
10634
10816
10817
10639
10814
10817
10818
10819
10820
10821
10822
10642
10823
10824
10648
10825
10825
10826
10826
10827
10827
10828
10812
10828
10829
10830
10666
10831
10832
10831
10832
10833
10832
10834
10688
10835
10835
10836
10658
10836
10837
10658
10838
10839
10838
10840
10662
10840
10841
10662
10842
10843
10842
10844
10845
10668
10845
10668
10846
10667
10847
10846
10848
10849
10670
10678
10850
10851
10852
10850
10851
10696
10852
10676
10853
10853
10854
10677
10855
10856
10857
10857
10858
10681
10854
10859
10681
10834
10860
10861
10683
10685
10862
10777
10863
10685
10864
10865
10687
10864
10866
10867
10868
10868
10690
10869
10691
10870
10871
10872
10694
10873
10874
10871
10874
10875
10876
10877
10876
10878
10878
10879
10880
10881
10880
10882
10881
10883
10884
10885
10886
10887
10887
10888
10715
10888
10886
10710
10712
10889
10889
10890
10891
10763
10763
10891
10890
10892
10717
10718
10893
10894
10895
10896
10753
10895
10897
10722
10897
10898
10899
10900
10724
10900
10725
10901
10726
10902
10732
10903
10728
10729
10904
10730
10905
10731
10906
10897
10907
10894
10908
10909
10910
10911
10911
10912
10913
10914
10910
10915
10916
10917
10916
10918
10917
10919
10919
10920
10913
10918
10743
10915
10921
10922
10923
10924
10749
10925
10926
10927
10927
10926
10928
10928
10929
10753
10924
10930
10931
10932
10932
10933
10934
10935
10936
10936
10937
10937
10938
10938
10939
10932
10940
10939
10941
10942
10889
10891
10943
10943
10944
10944
10945
10945
10946
10946
10947
10948
10771
10948
10772
10949
10773
10950
10783
10951
10952
10953
10953
10954
10954
10955
10955
10780
10956
10781
10956
10957
10952
10958
10782
10959
10783
10960
10961
10790
10962
10962
10963
10964
10788
10964
10965
10965
10966
10965
10967
10792
10968
10792
10909
10969
10970
10794
10967
10971
10947
10972
10973
10974
10975
10974
10976
10975
10977
10977
10978
10979
10980
10981
10804
10982
10973
10983
10984
10806
10985
10986
10987
10988
10824
10987
10989
10811
10990
10991
10829
10815
10992
10993
10994
10994
10995
10996
10997
10998
10820
10998
10999
11000
11001
11002
11003
11002
11004
11005
11006
11006
11007
11007
11008
11008
11009
10991
11009
11010
11011
10847
11012
11013
11012
11013
11014
11013
11015
10868
11016
11016
11017
10839
11017
11018
10839
11019
11020
11019
11021
10843
11021
11022
10843
11023
11024
11023
11025
11026
10849
11026
10849
11027
10848
11028
11027
11029
11030
10858
11031
11032
10855
11033
11033
11034
10856
11035
11036
11037
11037
11038
11031
11038
10861
11034
10861
11015
10863
10865
11039
10955
11040
10865
11041
11042
10867
11041
11043
11044
11045
11045
11046
11047
10872
11046
11048
11049
10875
11050
11051
11051
11032
11052
11053
10882
11054
11055
11047
11056
11057
11058
11059
10884
11060
11061
11061
11062
11063
11063
11064
10892
11064
11065
11065
11066
11066
11067
10894
10896
11068
11069
10931
11070
11070
11071
11072
10899
11072
11073
11074
11075
10901
11074
10902
11076
10903
11077
10909
11078
10905
10906
11079
10907
11080
10908
11081
11072
11082
11069
11083
11084
11085
11086
11087
11088
11089
11087
11090
11091
11092
11093
11094
11095
10934
11096
11097
11098
11097
11099
10929
11100
10925
11101
11102
11103
11104
11102
11105
11106
10931
11101
11107
11108
10935
11109
11110
11111
11112
11112
11113
11113
11114
11114
11115
10941
11109
11116
11115
11117
11118
11065
11119
11119
11120
11120
11121
11121
11122
11123
10949
11123
10950
11124
10951
11125
10961
11126
11127
11128
11128
11129
11129
11130
11130
10958
11131
10959
11131
11132
11127
11133
10960
11134
10961
11135
11136
10968
11137
11137
11138
10966
11138
11139
11139
11140
11139
11141
10970
11142
10970
11084
11143
11144
10972
11141
11122
10985
11145
11146
10979
11147
11148
10982
11149
11150
11151
11152
11152
11153
11154
11155
11156
11155
11157
11158
11159
11160
11161
11159
11162
11062
11153
11010
11163
11010
10993
11164
11000
11165
11166
11167
11167
11168
11168
11169
11170
11163
11171
11172
11003
11173
11174
11175
11005
11176
11177
11178
11178
11179
11179
11180
11180
11181
11163
11181
11182
11028
11183
11184
11183
11184
11184
11045
11185
11185
11186
11020
11186
11187
11020
11188
11189
11188
11190
11024
11190
11191
11024
11192
11193
11192
11194
11195
11030
11195
11030
11196
11029
11197
11196
11198
11199
11032
11200
11201
11035
11202
11202
11036
11203
11204
11205
11204
11206
11200
11206
11040
11042
11207
11130
11208
11042
11209
11210
11044
11209
11211
11212
11213
11213
11214
11215
11049
11051
11216
11214
11217
11052
11218
11219
11219
11201
11220
11221
11222
11221
11223
11056
11222
11224
11225
11226
11225
11227
11223
11226
11227
11228
11229
11230
11231
11067
11231
11232
11232
11233
11233
11234
11069
11071
11235
11236
11108
11237
11237
11238
11239
11075
11239
11076
11240
11240
11077
11241
11078
11242
11084
11243
11080
11081
11082
11083
11239
11236
11244
11245
11246
11088
11245
11247
11248
11090
11249
11250
11098
11246
11251
11252
11251
11253
11252
11254
11096
11255
11256
11257
11258
11100
11259
11260
11103
11261
11104
11262
11262
11263
11105
11264
11106
11265
11260
11266
11108
11261
11267
11268
11269
11256
11270
11270
11271
11272
11272
11273
11273
11274
11274
11275
11117
11269
11276
11275
11277
11278
11232
11279
11279
11280
11280
11281
11124
11281
11125
11282
11126
11283
11136
11284
11285
11286
11286
11287
11287
11288
11288
11133
11289
11134
11289
11290
11285
11291
11135
11292
11136
11293
11294
11142
11140
11295
11295
11295
11144
11144
11244
11146
11296
11297
11296
11298
11149
11299
11300
11301
11302
11302
11303
11304
11305
11157
11306
11307
11308
11309
11310
11160
11308
11311
11312
11177
11313
11313
11314
11315
11316
11315
11317
11317
11318
11319
11320
11170
11321
11171
11182
11173
11316
11322
11176
11323
11323
11324
11325
11326
11327
11327
11328
11328
11329
11329
11330
11321
11330
11197
11213
11331
11331
11332
11189
11332
11333
11189
11334
11335
11334
11336
11193
11336
11337
11193
11338
11339
11338
11340
11199
11340
11199
11341
11198
11341
11342
11201
11343
11344
11203
11205
11345
11346
11346
11343
11345
11208
11210
11347
11288
11348
11210
11349
11350
11212
11349
11351
11352
11353
11353
11215
11354
11224
11355
11217
11219
11356
11354
11357
11220
11358
11359
11359
11344
11360
11361
11362
11363
11362
11364
11365
11366
11367
11229
11368
11369
11370
11371
11234
11372
11372
11373
11373
11236
11238
11268
11374
11374
11241
11242
11243
11244
11375
11376
11377
11378
11379
11380
11254
11381
11378
11382
11383
11384
11385
11386
11387
11386
11388
11389
11259
11390
11390
11391
11392
11392
11393
11263
11394
11264
11395
11395
11396
11265
11397
11266
11398
11393
11399
11268
11394
11400
11401
11271
11402
11403
11404
11404
11405
11405
11406
11406
11407
11277
11403
11408
11407
11409
11410
11372
11411
11411
11282
11283
11284
11294
11412
11413
11413
11414
11414
11415
11415
11291
11416
11292
11416
11412
11417
11293
11294
11418
11299
11419
11301
11420
11421
11306
11422
11423
11424
11425
11426
11425
11427
11371
11427
11428
11309
11429
11430
11431
11429
11432
11433
11434
11433
11435
11436
11434
11437
11438
11439
11440
11319
11441
11320
11442
11442
11443
11444
11445
11446
11445
11447
11448
11449
11436
11448
11450
11450
11451
11451
11452
11443
11452
11353
11453
11453
11454
11335
11454
11455
11335
11456
11457
11456
11458
11339
11458
11339
11342
11342
11344
11459
11460
11459
11461
11461
11348
11350
11462
11415
11463
11350
11464
11465
11352
11464
11466
11467
11468
11468
11355
11469
11364
11470
11357
11359
11471
11469
11472
11360
11473
11474
11474
11460
11475
11362
11363
11476
11477
11478
11479
11477
11480
11366
11481
11479
11481
11482
11482
11483
11370
11483
11484
11485
11486
11486
11401
11380
11487
11487
11488
11379
11489
11490
11491
11492
11382
11493
11494
11384
11495
11496
11497
11498
11497
11499
11500
11389
11501
11502
11503
11488
11504
11503
11505
11505
11506
11396
11507
11397
11508
11508
11509
11398
11510
11399
11511
11506
11512
11401
11507
11502
11513
11513
11514
11514
11515
11515
11516
11516
11517
11513
11518
11518
11519
11517
11520
11521
11486
11522
11523
11522
11524
11524
11525
11525
11417
11523
11419
11526
11527
11526
11528
11422
11529
11530
11531
11532
11426
11532
11533
11534
11535
11536
11537
11538
11435
11539
11540
11541
11537
11542
11543
11544
11545
11546
11547
11548
11549
11550
11549
11551
11550
11552
11552
11553
11553
11554
11554
11555
11551
11556
11557
11449
11558
11558
11559
11560
11561
11562
11562
11563
11555
11563
11468
11564
11564
11565
11457
11565
11566
11457
11567
11568
11567
11460
11569
11570
11569
11463
11465
11571
11525
11572
11465
11573
11574
11467
11573
11575
11576
11577
11577
11470
11578
11480
11579
11472
11474
11580
11578
11581
11475
11582
11582
11570
11477
11478
11583
11584
11585
11586
11586
11587
11584
11588
11587
11589
11590
11590
11591
11591
11592
11593
11594
11595
11596
11595
11597
11492
11596
11598
11499
11599
11597
11599
11498
11600
11500
11600
11601
11602
11603
11604
11601
11605
11606
11504
11607
11608
11609
11607
11610
11610
11611
11509
11510
11612
11612
11511
11613
11512
11614
11611
11615
11616
11616
11617
11617
11618
11618
11619
11606
11520
11605
11620
11619
11621
11622
11623
11624
11623
11624
11625
11625
11626
11529
11627
11531
11628
11629
11536
11630
11631
11632
11534
11633
11634
11592
11633
11635
11636
11541
11637
11540
11638
11639
11640
11637
11641
11545
11642
11548
11643
11644
11547
11645
11646
11647
11648
11649
11650
11651
11652
11653
11653
11654
11654
11655
11557
11656
11657
11658
11659
11660
11645
11661
11661
11662
11663
11655
11663
11577
11664
11664
11665
11568
11665
11568
11570
11572
11574
11666
11625
11667
11574
11668
11669
11576
11668
11670
11671
11672
11672
11579
11673
11588
11674
11581
11582
11673
11584
11585
11675
11676
11677
11678
11678
11679
11589
11679
11676
11680
11681
11682
11682
11683
11684
11594
11598
11608
11685
11686
11687
11688
11689
11690
11620
11621
11691
11604
11692
11693
11606
11609
11694
11688
11695
11695
11696
11694
11697
11697
11698
11613
11614
11615
11698
11699
11699
11700
11700
11701
11701
11702
11621
11691
11702
11703
11704
11704
11705
11705
11627
11628
11706
11707
11706
11708
11708
11709
11632
11707
11710
11634
11711
11712
11712
11713
11709
11714
11641
11714
11715
11644
11716
11640
11717
11718
11719
11643
11720
11721
11722
11723
11724
11725
11721
11726
11727
11728
11651
11727
11728
11729
11652
11730
11731
11731
11732
11732
11733
11733
11734
11729
11735
11660
11735
11659
11662
11736
11737
11738
11739
11734
11672
11740
11740
11667
11669
11741
11705
11742
11669
11743
11744
11671
11743
11745
11745
11674
11680
11676
11677
11746
11747
11748
11749
11749
11750
11681
11750
11747
11751
11752
11683
11752
11684
11753
11712
11754
11686
11687
11755
11688
11756
11689
11757
11758
11692
11759
11691
11693
11703
11760
11703
11696
11761
11758
11762
11762
11763
11761
11764
11764
11765
11765
11766
11766
11767
11767
11768
11768
11769
11769
11770
11770
11771
11772
11773
11711
11771
11774
11713
11775
11776
11776
11777
11778
11718
11779
11717
11780
11781
11782
11779
11783
11722
11784
11785
11786
11724
11787
11788
11726
11789
11790
11730
11791
11792
11793
11794
11794
11795
11795
11796
11796
11797
11797
11798
11737
11799
11800
11798
11801
11739
11787
11799
11745
11742
11744
11769
11744
11747
11748
11802
11802
11803
11751
11803
11804
11805
11753
11805
11754
11806
11776
11807
11756
11757
11808
11758
11809
11759
11810
11811
11760
11812
11768
11813
11763
11814
11811
11815
11815
11816
11814
11817
11817
11818
11818
11819
11819
11772
11820
11820
11821
11773
11822
11778
11823
11775
11821
11824
11777
11825
11826
11826
11827
11783
11828
11829
11786
11830
11831
11832
11829
11832
11833
11834
11835
11836
11790
11836
11837
11838
11789
11838
11839
11840
11841
11840
11792
11793
11842
11842
11843
11843
11844
11844
11845
11845
11846
11846
11842
11847
11838
11848
11801
11848
11849
11847
11850
11851
11804
11851
11852
11853
11806
11853
11807
11854
11826
11855
11809
11810
11856
11811
11857
11812
11858
11859
11813
11860
11819
11861
11816
11859
11862
11862
11863
11863
11864
11864
11822
11865
11865
11866
11823
11867
11828
11868
11825
11866
11869
11827
11870
11871
11871
11872
11833
11873
11834
11831
11874
11875
11876
11877
11878
11876
11878
11837
11879
11880
11874
11881
11841
11881
11882
11880
11883
11883
11884
11885
11885
11886
11886
11887
11887
11888
11888
11885
11889
11881
11890
11850
11890
11891
11889
11892
11852
11893
11854
11893
11855
11894
11871
11895
11857
11858
11896
11859
11897
11860
11898
11899
11861
11900
11864
11901
11899
11902
11902
11867
11903
11903
11904
11868
11905
11873
11906
11870
11904
11872
11907
11907
11877
11908
11909
11876
11909
11910
11911
11912
11913
11911
11913
11880
11909
11914
11915
11916
11884
11916
11917
11915
11918
11918
11919
11920
11920
11921
11921
11922
11922
11920
11923
11916
11924
11892
11924
11925
11923
11926
11894
11895
11907
11897
11898
11899
11900
11901
11902
11905
11927
11927
11906
11928
11908
11929
11912
11930
11931
11911
11931
11932
11933
11934
11935
11933
11935
11915
11931
11936
11937
11938
11919
11938
11939
11937
11940
11940
11941
11942
11942
11943
11943
11942
11944
11938
11945
11926
11945
11944
11928
11929
11930
11934
11946
11933
11946
11947
11948
11949
11948
11949
11937
11946
11950
11951
11952
11941
11952
11951
11953
11953
11954
11954
11954
11952
11955
11948
11955
11956
11957
11957
11951
11955
11958
11959
11959
11960
11957
11960
11959
11960
)


// ************************************************************************* //
