/*--------------------------------*- C++ -*----------------------------------*\
| =========                 |                                                 |
| \\      /  F ield         | OpenFOAM: The Open Source CFD Toolbox           |
|  \\    /   O peration     | Version:  v2012                                 |
|   \\  /    A nd           | Website:  www.openfoam.com                      |
|    \\/     M anipulation  |                                                 |
\*---------------------------------------------------------------------------*/
FoamFile
{
    version     2.0;
    format      ascii;
    class       volScalarField;
    location    "500";
    object      yPlus;
}
// * * * * * * * * * * * * * * * * * * * * * * * * * * * * * * * * * * * * * //

dimensions      [0 0 0 0 0 0 0];


internalField   uniform 0;

boundaryField
{
    flap
    {
        type            calculated;
        value           nonuniform List<scalar> 
202
(
10.4618
9.44514
9.48129
10.5241
10.804
12.0677
11.713
11.7142
11.7865
11.9254
12.0796
12.2401
12.4012
12.5593
12.7195
12.8752
13.0379
13.1944
13.3582
13.5184
13.6798
13.8418
14.0049
14.1642
14.3233
14.4841
14.6428
14.8041
14.9609
15.1206
15.2732
15.422
15.5718
15.7179
15.8615
16.0049
16.1429
16.2804
16.4138
16.5435
16.6713
16.7946
16.9168
17.0354
17.1504
17.2629
17.3749
17.4868
17.5979
17.7057
17.8122
17.9145
18.0142
18.1092
18.2007
18.2918
18.382
18.4729
18.56
18.65
18.7414
18.8341
18.9309
19.0395
19.1629
19.3059
19.4736
19.6745
19.9142
20.2076
20.5728
21.0221
21.5572
22.1785
22.8735
23.5588
23.9356
23.8562
23.458
22.9291
22.3565
21.7607
21.165
20.5687
19.9062
19.6994
20.2535
21.7075
23.0674
24.2273
25.0455
25.6167
26.0433
26.3561
26.5585
26.6368
26.5853
26.3517
25.8681
24.8943
22.8689
16.2006
5.58588
10.7394
11.9933
11.6352
11.6361
11.7099
11.8505
12.0067
12.1695
12.3334
12.4947
12.658
12.8173
12.9843
13.1455
13.3139
13.4784
13.6447
13.8112
13.9762
14.1335
14.2875
14.4438
14.5976
14.7553
14.9093
15.0678
15.2201
15.3688
15.5183
15.6638
15.8066
15.9493
16.0862
16.2218
16.3529
16.4801
16.6054
16.726
16.8457
16.9618
17.0745
17.1849
17.2947
17.4044
17.5132
17.6192
17.7243
17.8252
17.9234
18.0166
18.1064
18.1959
18.2845
18.374
18.4595
18.548
18.6374
18.7277
18.8216
18.9266
19.0456
19.1829
19.3438
19.5369
19.7682
20.0528
20.4099
20.8537
21.3845
22.0054
22.7049
23.4024
23.8008
23.7491
23.3666
22.8402
22.2598
21.6821
21.1774
20.8278
20.6016
21.0944
22.4993
23.8929
24.8259
25.3633
25.6974
25.9264
26.0937
26.1899
26.1976
26.0926
25.8579
25.4365
24.7485
23.5487
21.194
14.7731
7.33419
)
;
    }
    freestream
    {
        type            calculated;
        value           uniform 0;
    }
    main
    {
        type            calculated;
        value           nonuniform List<scalar> 
231
(
15.6369
8.96413
11.7665
13.8544
15.329
16.434
17.1638
17.6356
17.901
18.0126
18.0038
17.8618
17.6373
17.2976
16.8738
16.3618
16.0968
16.926
17.8252
18.5839
19.1392
19.4802
19.6603
19.6592
19.5075
19.1766
18.6124
17.7546
16.4794
14.7644
12.3144
9.55743
15.7804
4.82861
5.33268
6.10995
7.03183
8.04379
9.12023
10.2496
11.3812
12.625
14.0183
15.5559
17.1858
18.8553
20.5153
22.1123
23.5936
24.9157
26.0448
26.9588
27.6497
28.1263
28.4014
28.4996
28.4494
28.2797
28.0211
27.6989
27.3369
26.9506
26.5532
26.1531
25.7589
25.3784
25.015
24.6785
24.3722
24.0967
23.8557
23.6508
23.4798
23.3431
23.2381
23.1646
23.12
23.1
23.1045
23.1292
23.1685
23.2145
23.2625
23.3086
23.3476
23.38
23.4007
23.4101
23.4119
23.4041
23.3905
23.3722
23.3559
23.3382
23.3197
23.3014
23.2833
23.2619
23.2432
23.2203
23.1954
23.1733
23.1497
23.1241
23.0967
23.0701
23.0414
23.0134
22.9843
22.9583
22.9326
22.9064
22.881
22.8582
22.8333
22.8084
22.7822
22.7544
22.7234
22.6909
22.6529
22.6155
22.5738
22.5276
22.4762
22.4238
22.3605
22.3205
22.2797
22.433
22.3676
20.1616
20.1142
22.3011
22.3701
22.2171
22.2594
22.3011
22.3663
22.4206
22.474
22.5223
22.5661
22.6055
22.6454
22.6799
22.7126
22.7422
22.7702
22.7967
22.8233
22.8476
22.8746
22.9022
22.9293
22.9568
22.9872
23.0165
23.0464
23.0742
23.1028
23.1295
23.1542
23.1774
23.2032
23.2269
23.2461
23.2679
23.2853
23.3042
23.3245
23.3417
23.3583
23.378
23.3919
23.4002
23.3992
23.3904
23.37
23.3375
23.2971
23.2521
23.2049
23.158
23.1217
23.0963
23.0897
23.1098
23.1561
23.2312
23.3382
23.4734
23.639
23.8392
24.0821
24.3728
24.7052
25.0664
25.4501
25.8368
26.2149
26.5857
26.9422
27.2863
27.6129
27.9111
28.1634
28.3425
28.4175
28.3533
28.113
27.6634
26.9847
26.07
24.928
23.5842
22.0783
20.4639
18.7958
17.125
15.5069
13.9904
12.6134
11.3739
10.2425
9.10931
8.03115
7.02173
6.10637
5.33372
4.82729
)
;
    }
    BaseAndTop
    {
        type            empty;
    }
}


// ************************************************************************* //
