/*--------------------------------*- C++ -*----------------------------------*\
| =========                 |                                                 |
| \\      /  F ield         | OpenFOAM: The Open Source CFD Toolbox           |
|  \\    /   O peration     | Version:  v2012                                 |
|   \\  /    A nd           | Website:  www.openfoam.com                      |
|    \\/     M anipulation  |                                                 |
\*---------------------------------------------------------------------------*/
FoamFile
{
    version     2.0;
    format      ascii;
    class       labelList;
    location    "constant/polyMesh";
    object      pointProcAddressing;
}
// * * * * * * * * * * * * * * * * * * * * * * * * * * * * * * * * * * * * * //


17322
(
0
1
2
3
4
5
6
7
8
9
10
11
12
13
14
15
16
17
18
19
20
21
22
23
24
25
26
27
28
29
30
31
32
33
34
35
36
37
143
144
145
146
147
148
149
150
151
152
153
154
155
156
157
158
159
160
161
162
163
164
165
166
167
168
169
170
171
172
173
174
175
176
177
178
179
180
181
182
183
184
185
186
187
188
189
190
191
192
193
194
195
196
197
198
199
200
201
202
203
204
205
206
207
208
209
210
211
212
213
214
215
216
217
218
219
220
221
222
223
224
225
226
227
228
229
230
231
232
233
234
235
236
237
238
239
240
241
242
243
244
245
246
247
248
249
250
251
252
253
254
255
256
257
258
259
260
261
262
263
264
265
266
267
268
269
270
271
272
273
274
275
276
277
278
279
280
281
282
283
284
285
418
419
420
421
422
423
424
425
426
427
428
429
430
431
432
433
434
435
436
437
438
439
440
441
442
443
444
445
446
447
448
449
450
451
452
453
454
455
456
457
458
459
460
461
462
463
464
465
466
467
468
469
470
471
472
473
474
475
476
477
478
479
480
481
482
483
484
485
486
487
488
489
490
491
492
493
494
495
496
497
498
499
500
501
502
503
504
505
506
507
508
509
510
511
512
513
514
515
516
517
518
519
520
521
522
523
524
525
526
527
528
529
530
531
532
533
534
535
536
537
538
539
540
541
542
543
544
545
546
547
548
549
550
551
552
553
554
555
556
557
558
559
560
561
562
563
564
565
566
567
568
569
570
571
572
573
574
575
576
577
578
579
580
581
582
583
584
585
586
587
588
589
590
591
592
593
594
595
596
597
598
599
600
601
602
603
604
605
606
607
608
609
610
611
612
613
614
615
616
617
618
619
620
621
622
623
624
625
626
627
628
629
630
631
632
633
634
635
636
637
638
639
640
641
642
643
644
645
646
647
648
649
650
651
652
653
654
655
656
657
658
659
660
661
662
663
664
665
666
667
668
669
670
671
672
673
674
675
676
677
678
679
680
681
682
683
684
685
686
687
688
689
690
691
692
693
694
695
696
697
698
699
700
701
702
703
704
705
706
707
708
709
710
711
712
713
714
715
716
717
718
719
720
721
722
723
724
725
726
727
728
729
730
731
732
733
734
735
736
737
738
739
740
741
742
743
744
745
746
747
748
749
750
751
752
753
754
755
756
757
758
759
760
761
762
763
764
765
766
767
768
769
770
771
772
773
774
775
776
777
778
779
780
781
782
783
784
785
786
787
788
789
790
791
792
793
794
795
796
797
798
799
800
801
802
803
804
805
806
807
808
809
810
811
812
813
814
815
816
817
818
819
820
821
822
823
824
825
826
827
828
829
830
831
832
833
834
835
836
837
838
839
840
841
842
843
844
845
846
847
848
849
850
851
852
853
854
855
856
857
858
859
860
861
862
863
864
865
866
867
868
869
870
871
872
873
874
875
876
877
878
879
880
881
882
883
884
885
886
887
888
889
890
891
892
893
894
895
896
897
898
899
900
901
902
903
904
905
906
907
908
909
910
911
912
913
914
915
916
917
918
919
920
921
922
923
924
925
926
927
928
929
930
931
932
933
934
935
936
937
938
939
940
941
942
943
944
945
946
947
948
949
950
951
952
953
954
955
956
957
958
959
960
961
962
963
964
965
966
967
968
969
970
971
972
973
974
975
976
977
978
979
980
981
982
983
984
985
986
987
988
989
990
991
992
993
994
995
996
997
998
999
1000
1001
1002
1003
1004
1005
1006
1007
1008
1009
1010
1011
1012
1013
1014
1015
1016
1017
1018
1019
1020
1021
1022
1023
1024
1025
1026
1027
1028
1029
1030
1031
1032
1033
1034
1035
1036
1037
1038
1039
1040
1041
1042
1043
1044
1045
1046
1047
1048
1049
1050
1051
1052
1053
1054
1055
1056
1057
1058
1059
1060
1061
1062
1063
1064
1065
1066
1067
1068
1069
1070
1071
1072
1073
1074
1075
1076
1077
1078
1079
1080
1081
1082
1083
1084
1085
1086
1087
1088
1089
1090
1091
1092
1093
1094
1095
1096
1097
1098
1099
1100
1101
1102
1103
1104
1105
1106
1107
1108
1109
1110
1111
1112
1113
1114
1115
1116
1117
1118
1119
1120
1121
1122
1123
1124
1125
1126
1127
1128
1129
1130
1131
1132
1133
1134
1135
1136
1137
1138
1139
1140
1141
1142
1143
1144
1145
1146
1147
1148
1149
1150
1151
1152
1153
1154
1155
1156
1157
1158
1159
1160
1161
1162
1163
1164
1165
1166
1167
1168
1169
1170
1171
1172
1173
1174
1175
1176
1177
1178
1179
1180
1181
1182
1183
1184
1185
1186
1187
1188
1189
1190
1191
1192
1193
1194
1195
1196
1197
1198
1199
1200
1201
1202
1203
1204
1205
1206
1207
1208
1209
1210
1211
1212
1213
1214
1215
1216
1217
1218
1219
1220
1221
1222
1223
1224
1225
1226
1227
1228
1229
1230
1231
1232
1233
1234
1235
1236
1237
1238
1239
1240
1241
1242
1243
1244
1245
1246
1247
1248
1249
1250
1251
1252
1253
1254
1255
1256
1257
1258
1259
1260
1261
1262
1263
1264
1265
1266
1267
1268
1269
1270
1271
1272
1273
1274
1275
1276
1277
1278
1279
1280
1281
1282
1283
1284
1285
1286
1287
1288
1289
1290
1291
1292
1293
1294
1295
1296
1297
1298
1299
1300
1301
1302
1303
1304
1305
1306
1307
1308
1309
1310
1311
1312
1313
1314
1315
1316
1317
1318
1319
1320
1321
1322
1323
1324
1325
1326
1327
1328
1329
1330
1331
1332
1333
1334
1335
1336
1337
1338
1339
1340
1341
1342
1343
1344
1345
1346
1347
1348
1349
1350
1351
1352
1353
1354
1355
1356
1357
1358
1359
1360
1361
1362
1363
1364
1365
1366
1367
1368
1369
1370
1371
1372
1373
1374
1375
1376
1377
1378
1379
1380
1381
1382
1383
1384
1385
1386
1387
1388
1389
1390
1391
1392
1393
1394
1395
1396
1397
1398
1399
1400
1401
1402
1403
1404
1405
1406
1407
1408
1409
1410
1411
1412
1413
1414
1415
1416
1417
1418
1419
1420
1421
1422
1423
1424
1425
1426
1427
1428
1429
1430
1431
1432
1433
1434
1435
1436
1437
1438
1439
1440
1441
1442
1443
1444
1445
1446
1447
1448
1449
1450
1451
1452
1453
1454
1455
1456
1457
1458
1459
1460
1461
1462
1463
1464
1465
1466
1467
1468
1469
1470
1471
1472
1473
1474
1475
1476
1477
1478
1479
1480
1481
1482
1483
1484
1485
1486
1487
1488
1489
1490
1491
1492
1493
1494
1495
1496
1497
1498
1499
1500
1501
1502
1503
1504
1505
1506
1507
1508
1509
1510
1511
1512
1513
1514
1515
1516
1517
1518
1519
1520
1521
1522
1523
1524
1525
1526
1527
1528
1529
1530
1531
1532
1533
1534
1535
1536
1537
1538
1539
1540
1541
1542
1543
1544
1545
1546
1547
1548
1549
1550
1551
1552
1553
1554
1555
1556
1557
1558
1559
1560
1561
1562
1563
1564
1565
1566
1567
1568
1569
1570
1571
1572
1573
1574
1575
1576
1577
1578
1579
1580
1581
1582
1583
1584
1585
1586
1587
1588
1589
1590
1591
1592
1593
1594
1595
1596
1597
1598
1599
1600
1601
1602
1603
1604
1605
1606
1607
1608
1609
1610
1611
1612
1613
1614
1615
1616
1617
1618
1619
1620
1621
1622
1623
1624
1625
1626
1627
1628
1629
1630
1631
1632
1633
1634
1635
1636
1637
1638
1639
1640
1641
1642
1643
1644
1645
1646
1647
1648
1649
1650
1651
1652
1653
1654
1655
1656
1657
1658
1659
1660
1661
1662
1663
1664
1667
1668
1669
1670
1671
1672
1673
1674
1675
1677
1678
1679
1680
1681
1682
1683
1684
1685
1686
1687
1688
1689
1690
1691
1692
1693
1694
1695
1696
1697
1698
1699
1700
1701
1702
1703
1704
1705
1706
1707
1708
1709
1710
1711
1712
1713
1714
1715
1716
1717
1718
1719
1720
1721
1722
1723
1724
1725
1726
1727
1728
1729
1730
1731
1732
1733
1734
1735
1736
1737
1738
1739
1740
1741
1742
1743
1744
1745
1746
1747
1748
1749
1750
1751
1752
1753
1754
1755
1756
1757
1758
1759
1760
1761
1762
1763
1767
1768
1769
1770
1771
1772
1773
1774
1775
1776
1777
1778
1779
1780
1781
1782
1783
1784
1785
1786
1787
1788
1789
1790
1791
1792
1793
1794
1795
1796
1797
1798
1799
1800
1801
1802
1803
1804
1805
1806
1807
1808
1809
1810
1811
1812
1813
1814
1815
1816
1817
1818
1819
1820
1821
1822
1823
1824
1825
1826
1827
1828
1829
1830
1831
1832
1833
1834
1835
1836
1837
1838
1839
1840
1841
1842
1843
1845
1846
1847
1848
1849
1850
1851
1852
1855
1856
1857
1858
1859
1860
1861
1862
1863
1864
1865
1866
1867
1868
1869
1870
1871
1872
1873
1874
1875
1876
1877
1878
1879
1880
1881
1882
1883
1884
1885
1886
1887
1888
1889
1890
1891
1892
1893
1894
1895
1896
1897
1898
1899
1900
1901
1902
1903
1904
1905
1906
1907
1908
1909
1910
1911
1912
1913
1914
1915
1916
1917
1918
1919
1920
1921
1922
1923
1924
1925
1926
1927
1928
1929
1935
1939
1941
1942
1943
1944
1945
1946
1947
1954
1955
1956
1957
1958
1959
1960
1961
1962
1963
1964
1965
1966
1967
1968
1969
1970
1971
1972
1973
1974
1975
1976
1977
1978
1979
1980
1981
1982
1983
1984
1985
1986
1987
1988
1989
1990
1991
1992
1993
1994
1995
1996
1997
1998
1999
2000
2001
2002
2003
2004
2005
2006
2007
2008
2009
2010
2011
2012
2013
2014
2015
2016
2017
2018
2019
2034
2035
2036
2037
2038
2039
2046
2047
2048
2049
2050
2051
2052
2053
2054
2055
2056
2057
2058
2059
2060
2061
2062
2063
2064
2065
2066
2067
2068
2069
2070
2071
2072
2073
2074
2075
2076
2077
2078
2079
2080
2081
2082
2083
2084
2085
2097
2098
2099
2100
2101
2102
2103
2104
2105
2106
2107
2108
2109
2119
2120
2121
2122
2123
2124
2125
2126
2127
2128
2129
2130
2131
2132
2133
2134
2135
2136
2137
2138
2139
2140
2141
2142
2143
2144
2145
2146
2147
2148
2149
2150
2151
2152
2153
2154
2155
2156
2157
2158
2159
2160
2162
2164
2165
2166
2167
2186
2187
2188
2189
2190
2191
2192
2193
2194
2195
2196
2197
2198
2205
2206
2207
2208
2209
2210
2211
2212
2213
2214
2215
2216
2217
2218
2219
2220
2221
2222
2223
2224
2225
2226
2227
2228
2229
2230
2231
2232
2238
2239
2259
2260
2261
2262
2263
2264
2265
2266
2267
2268
2269
2270
2271
2272
2285
2286
2287
2288
2289
2290
2291
2292
2293
2294
2295
2296
2297
2298
2299
2300
2304
2305
2306
2307
2308
2309
2310
2311
2312
2313
2314
2315
2316
2318
2346
2347
2348
2349
2350
2351
2352
2353
2354
2355
2356
2369
2370
2371
2372
2373
2374
2375
2376
2377
2378
2379
2380
2381
2382
2383
2384
2385
2392
2393
2394
2395
2398
2439
2458
2459
2460
2461
2462
2466
2467
2468
2469
2470
2471
2472
2473
2474
2475
2528
2529
2530
2531
2532
2533
2534
2535
2536
2537
2606
2607
2608
2615
2616
2617
2618
2619
2620
2706
2707
2717
2814
3963
3964
3965
3966
3967
3968
3969
3972
3974
3976
3987
3988
3989
4013
4030
4031
4032
4037
4038
4039
4040
4041
4042
4043
4044
4045
4046
4047
4048
4049
4050
4051
4052
4053
4054
4055
4056
4057
4058
4059
4060
4061
4062
4064
4065
4066
4070
4077
4078
4079
4080
4089
4090
4091
4099
4100
4101
4102
4103
4104
4105
4106
4111
4112
4113
4116
4117
4118
4119
4120
4121
4125
4126
4127
4131
4132
4133
4134
4135
4136
4142
4143
4144
4145
4146
4147
4148
4149
4150
4151
4155
4156
4157
4160
4161
4162
4163
4164
4165
4171
4172
4173
4174
4175
4181
4182
4183
4184
4185
4190
4191
4192
4195
4196
4197
4198
4214
4215
4216
4219
4227
4232
4233
4234
4235
4236
4238
4239
4240
4241
4243
4244
4246
4258
4259
4260
4261
4262
4263
4270
4271
4272
4273
4274
4277
4278
4279
4280
4281
4282
4283
4284
4288
4289
4290
4291
4292
4293
4295
4301
4302
4303
4304
4305
4308
4312
4313
4314
4316
4317
4318
4327
4328
4329
4330
4331
4333
4334
4335
4336
4337
4338
4339
4340
4341
4345
4348
4349
4350
4351
4352
4353
4361
4362
4363
4364
4365
4366
4370
4371
4372
4373
4384
4385
4386
4387
4388
4395
4396
4397
4398
4399
4401
4408
4421
4422
4423
4424
4425
4429
4430
4431
4432
4433
4434
4437
4438
4439
4440
4442
4443
4444
4446
4449
4450
4451
4462
4463
4464
4468
4469
4470
4471
4472
4473
4476
4477
4479
4480
4481
4482
4483
4484
4485
4490
4491
4492
4493
4494
4495
4502
4503
4504
4505
4506
4507
4508
4509
4520
4521
4522
4523
4524
4525
4526
4529
4530
4531
4533
4534
4540
4543
4544
4545
4546
4551
4552
4553
4554
4556
4557
4558
4559
4560
4561
4562
4563
4564
4565
4566
4572
4573
4574
4575
4599
4600
4601
4602
4603
4604
4605
4606
4607
4608
4609
4610
4611
4612
4613
4615
4616
4617
4618
4619
4620
4624
4625
4626
4630
4632
4633
4634
4635
4636
4643
4644
4645
4646
4647
4653
4654
4656
4657
4658
4659
4660
4661
4662
4663
4664
4671
4672
4673
4674
4678
4679
4680
4681
4682
4683
4684
4685
4687
4688
4689
4690
4697
4698
4699
4700
4701
4702
4703
4711
4712
4716
4717
4718
4719
4720
4725
4726
4727
4728
4729
4730
4731
4738
4739
4740
4741
4742
4743
4752
4753
4754
4755
4756
4757
4758
4759
4760
4761
4762
4763
4764
4765
4766
4767
4768
4769
4770
4771
4772
4773
4774
4775
4776
4777
4778
4779
4780
4781
4783
4784
4785
4786
4787
4788
4789
4790
4791
4792
4793
4794
4795
4796
4802
4803
4804
4805
4806
4807
4808
4822
4823
4824
4825
4838
4839
4840
4841
4842
4843
4850
4851
4852
4853
4854
4855
4860
4861
4862
4863
4868
4869
4870
4871
4872
4873
4874
4875
4876
4877
4878
4879
4880
4881
4882
4883
4884
4885
4886
4887
4888
4889
4890
4892
4893
4894
4895
4896
4897
4898
4899
4900
4901
4902
4903
4904
4905
4906
4907
4908
4909
4911
4912
4913
4914
4915
4929
4931
4932
4937
4938
4939
4940
4943
4944
4945
4946
4947
4948
4949
4950
4951
4952
4953
4954
4955
4956
4963
4964
4965
4966
4967
4968
4969
4970
4971
4972
4973
4974
4975
4980
4985
4986
4987
4989
4990
4993
4996
4997
4998
4999
5000
5001
5002
5003
5004
5005
5006
5007
5008
5009
5010
5011
5013
5014
5017
5029
5035
5036
5040
5041
5042
5043
5044
5045
5046
5052
5061
5062
5065
5070
5072
5079
5080
5081
5082
5083
5084
5085
5086
5087
5088
5089
5090
5091
5092
5093
5094
5095
5096
5097
5098
5099
5100
5101
5104
5105
5106
5107
5110
5111
5112
5113
5114
5115
5116
5117
5121
5122
5123
5124
5125
5126
5127
5128
5129
5135
5136
5137
5141
5142
5143
5144
5146
5147
5148
5149
5155
5156
5157
5158
5159
5160
5161
5162
5163
5168
5169
5170
5171
5172
5173
5174
5175
5176
5177
5178
5179
5180
5181
5182
5183
5184
5194
5195
5196
5197
5198
5199
5212
5213
5216
5223
5224
5225
5226
5227
5228
5229
5230
5231
5232
5233
5234
5235
5238
5239
5240
5249
5250
5251
5252
5253
5254
5262
5263
5264
5265
5266
5267
5276
5277
5278
5279
5280
5281
5282
5283
5294
5295
5296
5297
5298
5299
5300
5301
5313
5314
5315
5316
5317
5320
5321
5322
5323
5326
5327
5334
5335
5336
5337
5338
5339
5346
5347
5348
5349
5351
5352
5353
5380
5381
5382
5383
5384
5385
5386
5387
5388
5389
5396
5397
5398
5399
5400
5401
5402
5403
5404
5405
5406
5407
5408
5409
5410
5411
5412
5413
5414
5415
5416
5417
5421
5426
5427
5428
5429
5430
5431
5439
5440
5442
5443
5444
5449
5450
5455
5456
5457
5458
5459
5460
5462
5472
5473
5474
5478
5479
5480
5486
5487
5488
5489
5490
5493
5494
5495
5496
5497
5498
5499
5500
5501
5502
5503
5509
5510
5511
5512
5513
5514
5515
5522
5523
5524
5525
5526
5527
5528
5529
5533
5534
5535
5536
5540
5541
5542
5543
5544
5545
5550
5561
5562
5563
5572
5573
5574
5575
5576
5577
5578
5579
5580
5581
5582
5583
5584
5585
5591
5592
5593
5594
5604
5605
5606
5607
5608
5609
5610
5613
5614
5615
5616
5617
5618
5619
5620
5621
5622
5623
5629
5630
5631
5632
5633
5634
5640
5641
5642
5643
5644
5645
5647
5648
5649
5650
5662
5663
5664
5665
5666
5671
5672
5673
5674
5681
5682
5683
5684
5685
5692
5693
5699
5700
5701
5702
5703
5704
5705
5706
5707
5708
5709
5710
5711
5712
5716
5717
5718
5719
5725
5726
5727
5728
5733
5734
5735
5743
5744
5745
5746
5747
5748
5749
5750
5751
5752
5753
5754
5761
5762
5763
5764
5772
5773
5774
5778
5784
5785
5787
5788
5789
5790
5791
5792
5793
5794
5795
5796
5802
5808
5809
5810
5811
5812
5813
5814
5815
5819
5820
5821
5822
5824
5830
5831
5832
5833
5834
5835
5841
5842
5845
5846
5847
5848
5849
5850
5851
5852
5853
5854
5855
5856
5857
5858
5859
5860
5861
5862
5863
5866
5867
5868
5869
5870
5871
5872
5873
5874
5875
5890
5891
5892
5893
5894
5898
5899
5900
5901
5902
5903
5904
5905
5906
5907
5908
5909
5912
5913
5914
5915
5916
5917
5918
5919
5920
5921
5922
5923
5924
5925
5926
5927
5929
5930
5931
5932
5939
5940
5942
5943
5944
5945
5946
5953
5954
5955
5956
5962
5964
5966
5969
5970
5971
5972
5973
5974
5975
5977
5978
5979
5980
5981
5982
5983
5984
5985
5986
5987
5988
5989
5990
5991
5992
5993
6001
6002
6003
6004
6005
6006
6007
6008
6009
6010
6015
6016
6017
6018
6019
6020
6033
6034
6035
6036
6037
6038
6039
6048
6049
6050
6051
6052
6070
6071
6072
6073
6085
6086
6087
6088
6089
6090
6091
6092
6093
6094
6095
6096
6097
6098
6099
6101
6102
6103
6104
6105
6106
6107
6108
6109
6110
6111
6112
6113
6114
6115
6116
6117
6118
6119
6120
6121
6122
6123
6124
6125
6126
6142
6143
6144
6145
6146
6153
6154
6155
6156
6157
6158
6159
6160
6161
6162
6163
6169
6170
6171
6172
6173
6174
6175
6176
6177
6178
6179
6180
6181
6182
6183
6184
6188
6189
6190
6191
6192
6193
6194
6195
6196
6197
6198
6199
6200
6201
6202
6203
6204
6205
6206
6207
6210
6217
6218
6219
6220
6221
6222
6223
6224
6230
6231
6232
6239
6240
6241
6242
6243
6244
6245
6246
6247
6248
6249
6250
6251
6252
6253
6254
6255
6257
6273
6274
6275
6276
6283
6284
6285
6286
6287
6288
6289
6290
6291
6294
6295
6297
6298
6299
6300
6301
6302
6315
6316
6317
6318
6319
6321
6324
6325
6326
6329
6330
6331
6336
6337
6338
6339
6340
6341
6342
6343
6344
6345
6346
6347
6348
6349
6350
6351
6352
6353
6354
6355
6362
6363
6364
6365
6366
6371
6372
6383
6384
6385
6386
6387
6392
6393
6394
6395
6396
6397
6400
6401
6402
6403
6404
6405
6406
6407
6408
6409
6415
6416
6417
6418
6420
6421
6422
6423
6424
6430
6431
6432
6433
6434
6435
6436
6437
6438
6439
6440
6441
6442
6443
6444
6445
6447
6448
6449
6450
6451
6452
6453
6454
6455
6456
6457
6458
6459
6460
6461
6462
6463
6464
6465
6466
6467
6468
6469
6470
6472
6473
6474
6475
6476
6477
6478
6479
6480
6482
6483
6484
6485
6486
6487
6488
6489
6490
6491
6492
6493
6495
6496
6497
6498
6499
6503
6504
6508
6509
6510
6511
6512
6513
6514
6515
6516
6517
6518
6519
6520
6521
6526
6527
6528
6529
6532
6533
6545
6553
6554
6555
6557
6558
6559
6560
6561
6562
6563
6570
6578
6579
6583
6584
6588
6596
6597
6598
6599
6600
6601
6602
6603
6604
6607
6608
6609
6610
6611
6612
6613
6617
6618
6619
6623
6624
6625
6626
6627
6628
6629
6630
6631
6632
6637
6638
6639
6640
6641
6644
6645
6646
6647
6648
6649
6653
6654
6655
6662
6663
6664
6665
6666
6667
6668
6669
6670
6671
6672
6673
6674
6675
6676
6677
6682
6683
6684
6685
6686
6687
6688
6689
6690
6691
6692
6693
6703
6704
6705
6706
6707
6709
6710
6711
6712
6713
6714
6715
6716
6719
6720
6721
6722
6736
6737
6738
6739
6740
6741
6748
6749
6750
6751
6752
6753
6754
6755
6756
6757
6760
6761
6762
6763
6764
6765
6767
6768
6769
6770
6771
6772
6773
6777
6778
6779
6780
6781
6782
6790
6791
6792
6793
6794
6795
6796
6801
6802
6803
6804
6805
6806
6815
6816
6817
6818
6819
6829
6830
6831
6832
6833
6834
6835
6843
6846
6847
6848
6849
6850
6851
6852
6853
6855
6856
6857
6858
6859
6860
6861
6862
6863
6864
6865
6866
6872
6873
6874
6875
6876
6886
6887
6888
6889
6890
6895
6896
6897
6900
6901
6902
6903
6908
6909
6914
6915
6916
6917
6918
6921
6922
6929
6930
6931
6932
6933
6938
6939
6940
6941
6942
6943
6951
6952
6953
6954
6955
6956
6957
6958
6959
6960
6961
6962
6963
6964
6965
6966
6967
6968
6978
6979
6980
6983
6984
6985
6986
6987
6988
6994
6995
6996
6999
7007
7008
7009
7010
7011
7012
7013
7016
7017
7018
7019
7028
7029
7030
7031
7032
7040
7041
7042
7043
7044
7045
7049
7055
7056
7058
7059
7060
7061
7062
7063
7064
7073
7075
7078
7079
7080
7081
7082
7083
7084
7087
7088
7089
7090
7091
7093
7094
7095
7096
7097
7098
7099
7100
7107
7113
7114
7115
7116
7117
7118
7119
7120
7121
7122
7123
7124
7126
7127
7128
7133
7134
7135
7136
7137
7138
7139
7143
7144
7145
7146
7147
7148
7149
7150
7151
7152
7154
7155
7156
7157
7158
7159
7160
7165
7166
7167
7168
7169
7170
7172
7191
7192
7193
7198
7199
7200
7201
7202
7203
7204
7205
7206
7207
7208
7209
7210
7211
7212
7213
7217
7218
7219
7220
7221
7222
7223
7224
7225
7226
7227
7233
7234
7246
7247
7248
7249
7250
7251
7253
7254
7255
7258
7259
7260
7261
7265
7266
7267
7268
7273
7274
7275
7276
7277
7287
7288
7289
7294
7295
7301
7302
7303
7304
7305
7306
7311
7312
7313
7314
7315
7316
7317
7318
7321
7326
7327
7328
7334
7335
7336
7337
7338
7353
7360
7361
7362
7374
7375
7376
7378
7379
7380
7381
7382
7387
7388
7389
7390
7391
7392
7395
7396
7397
7398
7399
7400
7401
7402
7403
7407
7408
7409
7410
7411
7412
7413
7414
7419
7420
7427
7428
7429
7430
7432
7433
7434
7435
7436
7437
7438
7439
7440
7441
7442
7443
7444
7445
7446
7447
7448
7449
7450
7451
7452
7453
7454
7459
7460
7461
7462
7463
7464
7465
7466
7469
7470
7471
7472
7473
7474
7475
7476
7477
7478
7485
7486
7487
7488
7491
7502
7504
7505
7506
7507
7508
7509
7510
7511
7512
7513
7514
7515
7516
7517
7523
7524
7525
7526
7527
7529
7530
7531
7532
7533
7534
7535
7536
7537
7538
7539
7540
7541
7542
7543
7544
7545
7546
7557
7558
7559
7560
7561
7562
7563
7564
7567
7568
7574
7575
7576
7577
7578
7579
7580
7581
7584
7585
7586
7587
7588
7589
7590
7591
7592
7593
7594
7595
7596
7602
7603
7605
7606
7616
7617
7619
7622
7623
7624
7625
7626
7627
7628
7629
7630
7631
7632
7633
7634
7635
7636
7642
7647
7648
7649
7650
7651
7652
7660
7663
7664
7665
7666
7678
7679
7680
7681
7697
7698
7699
7700
7701
7702
7703
7704
7705
7706
7708
7709
7710
7711
7712
7713
7715
7716
7717
7724
7725
7730
7731
7732
7733
7734
7735
7736
7737
7738
7739
7740
7741
7742
7748
7749
7750
7751
7756
7762
7763
7764
7765
7766
7770
7773
7774
7775
7776
7777
7781
7782
7783
7792
7793
7794
7795
7796
7797
7798
7799
7800
7809
7810
7815
7816
7817
7818
7819
7820
7823
7826
7827
7828
7829
7830
7831
7832
7835
7836
7837
7838
7839
7840
7845
7846
7847
7848
7849
7850
7851
7852
7865
7866
7867
7868
7876
7881
7882
7886
7887
7888
7889
7895
7896
7897
7898
7899
7900
7901
7902
7903
7904
7905
7906
7907
7908
7911
7912
7913
7914
7915
7916
7917
7918
7919
7920
7921
7922
7928
7929
7930
7931
7932
7933
7934
7935
7937
7938
7939
7940
7941
7942
7943
7944
7945
7950
7951
7953
7954
7955
7962
7969
7970
7972
7973
7974
7975
7976
7977
7978
7979
7980
7983
7984
7985
7986
7987
7988
7989
7991
7992
7993
7996
7997
8002
8003
8004
8005
8006
8007
8008
8009
8010
8011
8013
8014
8015
8016
8017
8023
8024
8028
8029
8030
8031
8032
8033
8039
8048
8049
8050
8051
8052
8063
8064
8065
8066
8067
8068
8069
8070
8071
8072
8073
8095
8096
8097
8098
8099
8100
8101
8102
8103
8104
8108
8109
8110
8111
8112
8124
8125
8126
8129
8130
8131
8132
8133
8134
8135
8137
8138
8139
8145
8146
8147
8148
8149
8150
8158
8159
8160
8161
8162
8163
8164
8165
8166
8167
8168
8169
8170
8171
8172
8173
8174
8175
8176
8177
8178
8179
8180
8181
8182
8183
8184
8189
8190
8191
8192
8193
8194
8195
8196
8197
8198
8199
8201
8202
8203
8206
8215
8216
8217
8218
8219
8220
8221
8222
8228
8233
8240
8241
8242
8243
8244
8245
8247
8248
8249
8250
8251
8255
8256
8257
8258
8259
8260
8261
8262
8263
8269
8270
8271
8277
8278
8279
8280
8281
8282
8283
8284
8285
8286
8287
8288
8289
8290
8291
8292
8294
8295
8296
8297
8300
8301
8310
8311
8312
8313
8314
8315
8316
8317
8320
8329
8330
8331
8332
8333
8334
8335
8336
8337
8338
8339
8355
8356
8357
8358
8361
8369
8370
8371
8372
8373
8374
8375
8376
8377
8383
8384
8385
8386
8387
8388
8389
8390
8394
8395
8396
8400
8401
8403
8404
8405
8406
8418
8419
8420
8421
8425
8426
8429
8430
8431
8432
8433
8439
8441
8442
8444
8445
8446
8459
8460
8461
8462
8463
8464
8465
8467
8468
8469
8470
8478
8479
8481
8488
8489
8490
8491
8494
8495
8496
8497
8498
8501
8502
8506
8507
8508
8509
8515
8516
8517
8524
8525
8526
8527
8528
8529
8532
8533
8534
8535
8536
8537
8541
8542
8548
8549
8550
8551
8552
8553
8554
8559
8574
8575
8576
8577
8578
8579
8580
8581
8582
8583
8588
8589
8590
8591
8592
8603
8605
8618
8619
8620
8627
8628
8629
8633
8634
8639
8641
8642
8643
8644
8645
8646
8647
8648
8654
8655
8656
8657
8658
8659
8660
8661
8662
8663
8664
8670
8671
8672
8673
8674
8675
8676
8677
8678
8679
8680
8681
8682
8683
8684
8686
8687
8688
8689
8690
8691
8692
8693
8694
8695
8696
8700
8701
8702
8703
8709
8711
8715
8716
8717
8718
8724
8725
8726
8727
8731
8732
8733
8734
8743
8749
8751
8752
8753
8754
8755
8756
8765
8771
8773
8775
8778
8779
8780
8781
8782
8794
8795
8799
8800
8801
8802
8803
8806
8807
8808
8809
8810
8811
8815
8824
8825
8834
8835
8836
8837
8838
8841
8843
8846
8853
8854
8855
8856
8861
8862
8865
8866
8867
8872
8873
8874
8875
8876
8877
8889
8894
8895
8896
8897
8898
8902
8903
8912
8913
8918
8925
8926
8927
8928
8929
8930
8931
8932
8935
8936
8937
8938
8941
8942
8943
8945
8946
8947
8951
8952
8971
8972
8973
8974
8975
8976
8977
8978
8979
8980
8984
8985
8986
8987
8988
8989
8990
8991
8992
8993
8994
8995
8996
8997
9002
9003
9004
9007
9008
9009
9010
9011
9016
9017
9018
9019
9020
9021
9022
9023
9024
9025
9036
9037
9038
9044
9046
9048
9049
9050
9051
9052
9053
9054
9055
9056
9057
9069
9070
9071
9072
9073
9076
9077
9078
9079
9083
9084
9085
9086
9091
9092
9093
9094
9095
9096
9097
9098
9099
9107
9108
9113
9114
9115
9116
9117
9118
9120
9121
9122
9123
9124
9125
9126
9134
9135
9137
9138
9139
9147
9148
9149
9150
9151
9152
9155
9156
9157
9158
9164
9165
9166
9167
9168
9175
9176
9177
9178
9180
9183
9184
9186
9187
9188
9189
9190
9191
9192
9197
9198
9199
9206
9207
9208
9209
9210
9211
9213
9214
9215
9216
9217
9218
9226
9227
9228
9234
9235
9238
9239
9246
9247
9248
9249
9250
9251
9252
9253
9254
9255
9256
9257
9258
9259
9265
9266
9267
9268
9269
9270
9279
9280
9281
9282
9283
9284
9285
9286
9287
9289
9290
9296
9297
9298
9299
9300
9301
9304
9305
9307
9308
9309
9312
9313
9314
9315
9316
9317
9318
9319
9321
9326
9330
9331
9339
9340
9341
9342
9348
9349
9350
9351
9352
9353
9359
9373
9374
9375
9376
9377
9378
9383
9384
9394
9395
9396
9397
9412
9415
9416
9417
9418
9433
9434
9443
9444
9445
9446
9454
9456
9457
9459
9460
9461
9467
9468
9469
9470
9472
9473
9479
9480
9494
9499
9500
9511
9512
9515
9516
9518
9519
9520
9521
9522
9523
9524
9525
9526
9527
9528
9529
9531
9532
9533
9534
9535
9536
9537
9538
9539
9540
9541
9542
9543
9544
9545
9546
9554
9555
9556
9557
9558
9559
9560
9561
9562
9563
9564
9565
9566
9567
9568
9570
9581
9590
9597
9598
9599
9600
9601
9611
9612
9613
9614
9615
9616
9617
9619
9620
9621
9622
9623
9624
9635
9645
9661
9662
9663
9664
9665
9673
9674
9675
9676
9689
9694
9695
9696
9704
9707
9708
9709
9710
9711
9718
9719
9720
9724
9725
9726
9727
9728
9733
9734
9735
9736
9738
9739
9740
9741
9742
9743
9744
9749
9750
9751
9752
9753
9755
9769
9770
9771
9772
9773
9774
9776
9778
9779
9780
9781
9782
9783
9784
9785
9786
9787
9788
9789
9795
9796
9797
9798
9799
9800
9801
9802
9813
9816
9817
9819
9820
9821
9822
9823
9824
9825
9826
9827
9828
9829
9838
9839
9840
9849
9850
9851
9852
9863
9864
9867
9871
9880
9881
9883
9884
9885
9886
9887
9888
9889
9890
9891
9893
9894
9895
9896
9899
9900
9901
9902
9903
9904
9905
9907
9908
9909
9910
9911
9917
9918
9925
9933
9937
9938
9939
9940
9941
9942
9943
9945
9946
9947
9949
9958
9962
9963
9965
9966
9968
9969
9972
9973
9979
9980
9989
9990
9997
9998
9999
10012
10013
10022
10023
10024
10025
10026
10033
10034
10035
10036
10040
10041
10042
10046
10047
10050
10051
10065
10072
10078
10079
10080
10081
10082
10088
10089
10093
10094
10095
10098
10101
10102
10106
10113
10122
10123
10124
10125
10126
10133
10134
10141
10142
10143
10144
10145
10146
10157
10158
10159
10160
10161
10168
10169
10170
10171
10177
10178
10179
10180
10185
10196
10197
10199
10202
10206
10212
10224
10225
10234
10235
10236
10237
10238
10242
10245
10251
10262
10263
10264
10265
10275
10277
10290
10291
10292
10297
10298
10303
10304
10305
10306
10307
10308
10309
10310
10311
10316
10336
10337
10356
10357
10366
10367
10368
10375
10376
10377
10378
10379
10383
10384
10391
10392
10393
10394
10395
10397
10398
10405
10406
10407
10408
10409
10410
10415
10416
10425
10426
10427
10428
10429
10440
10446
10447
10448
10451
10452
10454
10455
10456
10457
10460
10461
10462
10468
10469
10470
10471
10472
10473
10482
10488
10489
10497
10501
10502
10503
10521
10522
10524
10525
10526
10527
10528
10529
10530
10531
10532
10534
10535
10536
10542
10543
10544
10549
10550
10564
10565
10570
10588
10589
10595
10598
10599
10600
10601
10602
10603
10614
10615
10620
10639
10640
10650
10651
10656
10659
10662
10666
10667
10668
10671
10672
10673
10680
10681
10685
10686
10687
10699
10702
10703
10707
10708
10710
10732
10749
10750
10751
10752
10760
10775
10776
10781
10791
10792
10793
10794
10795
10807
10817
10818
10819
10820
10836
10859
10860
10874
10890
10891
10892
10903
10910
10918
10926
10927
10928
10936
10940
10948
10949
10984
10988
10989
10993
10994
10995
11006
11023
11024
11029
11041
11042
11043
11044
11083
11094
11095
11125
11225
11324
11325
11326
11327
11328
11329
11330
11331
11332
11333
11334
11335
11336
11337
11338
11339
11340
11341
11342
11343
11344
11345
11346
11347
11348
11349
11350
11351
11352
11353
11354
11355
11356
11357
11358
11359
11360
11361
11362
11363
11364
11365
11366
11367
11368
11369
11370
11371
11372
11373
11374
11375
11376
11377
11378
11379
11380
11382
11383
11394
11395
11399
11400
11401
11402
11403
11404
11405
11406
11436
11437
11438
11439
11444
11445
11446
11447
11448
11449
11450
11451
11512
11514
11515
11516
11517
11518
11519
11520
11521
11522
11523
11524
11525
11526
11527
11528
11529
11530
11531
11532
11533
11534
11535
11536
11537
11538
11539
11540
11541
11542
11543
11544
11545
11546
11547
11548
11549
11550
11551
11552
11553
11554
11555
11556
11557
11558
11559
11560
11561
11562
11563
11564
11565
11566
11567
11568
11569
11570
11571
11572
11573
11574
11575
11576
11577
11578
11579
11580
11581
11582
11583
11584
11585
11586
11589
11590
11591
11592
11593
11594
11595
11596
11597
11598
11599
11600
11601
11602
11603
11604
11605
11606
11607
11608
11609
11610
11611
11612
11614
11615
11618
11619
11620
11621
11622
11623
11624
11629
11636
11637
11638
11639
11640
11641
11642
11643
11644
11645
11646
11647
11648
11649
11650
11651
11652
11653
11654
11655
11656
11657
11658
11659
11660
11661
11662
11663
11664
11665
11666
11667
11668
11669
11670
11671
11672
11673
11674
11675
11677
11678
11680
11681
11682
11683
11684
11685
11686
11687
11688
11689
11690
11691
11694
11695
11698
11699
11700
11701
11702
11703
11704
11708
11709
11710
11711
11712
11713
11714
11715
11716
11717
11718
11719
11720
11725
11726
11727
11736
11737
11740
11741
11742
11743
11744
11745
11746
11747
11748
11749
11750
11751
11752
11753
11754
11755
11756
11757
11758
11759
11760
11761
11762
11763
11764
11774
11775
11776
11777
11778
11779
11792
11793
11794
11795
11796
11797
11804
11805
11806
11807
11808
11809
11810
11811
11817
11818
11819
11820
11821
11822
11825
11826
11827
11832
11833
11834
11835
11836
11837
11838
11839
11840
11841
11842
11843
11844
11845
11846
11847
11848
11849
11850
11851
11857
11858
11863
11864
11865
11866
11867
11868
11869
11870
11871
11872
11873
11874
11875
11876
11877
11881
11882
11883
11884
11885
11886
11887
11888
11889
11890
11891
11892
11893
11912
11913
11914
11915
11916
11917
11918
11919
11920
11921
11922
11923
11924
11925
11926
11927
11928
11929
11932
11933
11934
11935
11947
11948
11949
11950
11955
11956
11957
11958
11959
11966
11967
11968
11969
11974
11975
11976
11977
11978
11979
11980
11981
11982
12003
12005
12006
12007
12008
12013
12014
12015
12016
12018
12019
12029
12030
12031
12040
12041
12042
12043
12053
12054
12055
12056
12057
12058
12059
12060
12061
12062
12063
12068
12071
12072
12073
12074
12077
12078
12081
12082
12083
12084
12087
12088
12093
12108
12114
12122
12123
12124
12125
12126
12128
12130
12131
12132
12133
12136
12137
12138
12139
12152
12162
12206
12207
12208
12209
12210
12211
12212
12213
12218
12219
12220
12221
12222
12223
12239
12259
12260
12261
12262
12263
12264
12265
12266
12273
12274
12275
12276
12277
12278
12279
12280
12281
12282
12283
12284
12285
12286
12287
12288
12289
12290
12303
12304
12305
12306
12311
12312
12313
12314
12315
12316
12317
12318
12319
12320
12321
12322
12323
12324
12325
12326
12327
12328
12329
12330
12335
12336
12337
12338
12339
12340
12341
12342
12343
12344
12345
12346
12347
12348
12349
12350
12359
12360
12361
12362
12363
12364
12365
12366
12367
12368
12369
12370
12371
12372
12373
12374
12375
12376
12377
12378
12379
12380
12381
12382
12383
12388
12389
12390
12391
12392
12393
12394
12395
12396
12397
12398
12399
12400
12401
12402
12403
12404
12405
12406
12407
12408
12409
12410
12411
12412
12413
12414
12415
12416
12417
12418
12419
12420
12421
12422
12423
12424
12425
12426
12427
12428
12429
12430
12431
12438
12439
12440
12441
12442
12443
12444
12445
12446
12447
12448
12449
12450
12451
12452
12453
12454
12455
12456
12457
12458
12459
12460
12461
12462
12463
12464
12465
12466
12467
12468
12469
12470
12471
12472
12473
12474
12475
12476
12477
12478
12479
12480
12481
12482
12483
12484
12485
12486
12487
12488
12489
12490
12491
12492
12493
12494
12495
12496
12497
12498
12507
12508
12509
12510
12511
12512
12513
12514
12515
12516
12517
12518
12519
12520
12521
12522
12523
12524
12525
12526
12527
12528
12529
12530
12531
12532
12533
12534
12535
12536
12537
12538
12540
12541
12542
12543
12544
12545
12546
12547
12548
12549
12550
12555
12565
12566
12571
12576
12577
12578
12579
12580
12581
12582
12583
12588
12589
12590
12591
12592
12593
12594
12595
12596
12597
12598
12599
12600
12601
12602
12603
12604
12605
12606
12607
12608
12609
12610
12611
12612
12613
12614
12615
12616
12617
12618
12619
12620
12621
12624
12625
12626
12627
12628
12629
12635
12636
12637
12638
12639
12640
12641
12642
12643
12649
12650
12651
12652
12653
12654
12655
12656
12662
12663
12664
12665
12725
12727
12728
12729
12730
12731
12732
12733
12734
12735
12736
12737
12738
12739
12740
12741
12742
12743
12744
12745
12746
12747
12748
12749
12750
12751
12752
12753
12754
12755
12756
12757
12758
12759
12760
12761
12762
12763
12764
12765
12766
12767
12768
12769
12770
12771
12772
12773
12774
12775
12776
12777
12778
12779
12780
12781
12782
12783
12784
12785
12786
12787
12788
12789
12790
12791
12792
12793
12794
12795
12796
12797
12798
12799
12800
12801
12802
12803
12804
12805
12806
12807
12808
12809
12810
12811
12812
12813
12814
12815
12816
12817
12818
12819
12820
12821
12822
12823
12824
12825
12826
12827
12828
12829
12830
12831
12832
12833
12834
12835
12836
12837
12838
12839
12840
12841
12842
12843
12844
12845
12846
12847
12848
12849
12850
12851
12852
12853
12854
12855
12856
12857
12858
12859
12860
12861
12862
12863
12864
12865
12866
12867
12868
12869
12870
12871
12872
12873
12874
12875
12876
12877
12878
12879
12880
12881
12882
12883
12884
12885
12886
12887
12888
13004
13006
13007
13008
13009
13010
13011
13012
13013
13014
13015
13016
13017
13018
13019
13020
13021
13022
13023
13024
13025
13026
13027
13028
13029
13030
13031
13032
13033
13034
13035
13036
13037
13038
13039
13040
13041
13042
13043
13044
13045
13046
13047
13048
13049
13050
13051
13052
13053
13054
13055
13056
13057
13058
13059
13060
13061
13062
13063
13064
13065
13066
13067
13068
13069
13070
13071
13072
13073
13074
13075
13076
13077
13078
13079
13080
13081
13082
13083
13084
13085
13086
13087
13088
13089
13090
13091
13092
13093
13094
13095
13096
13097
13098
13099
13100
13101
13102
13103
13104
13105
13106
13107
13108
13109
13110
13111
13112
13113
13114
13115
13116
13117
13118
13119
13120
13121
13122
13123
13124
13125
13126
13127
13128
13129
13130
13131
13132
13133
13134
13135
13136
13137
13138
13139
13140
13141
13142
13143
13144
13145
13146
13147
13148
13149
13150
13151
13152
13153
13154
13155
13156
13157
13158
13159
13160
13161
13162
13163
13164
13165
13166
13167
13168
13169
13170
13171
13172
13173
13174
13287
13289
13290
13291
13292
13293
13294
13295
13296
13297
13298
13299
13300
13301
13302
13303
13304
13305
13306
13307
13308
13309
13310
13311
13312
13313
13314
13315
13316
13317
13318
13319
13320
13321
13322
13323
13324
13325
13326
13327
13328
13329
13330
13331
13332
13333
13334
13335
13336
13337
13338
13339
13340
13341
13342
13343
13344
13345
13346
13347
13348
13349
13350
13351
13352
13353
13354
13355
13356
13357
13358
13359
13360
13361
13362
13363
13364
13365
13366
13367
13368
13369
13370
13371
13372
13373
13374
13375
13376
13377
13378
13379
13380
13381
13382
13383
13384
13385
13386
13387
13388
13389
13390
13391
13392
13393
13394
13395
13396
13397
13398
13399
13400
13401
13402
13403
13404
13405
13406
13407
13408
13409
13410
13411
13412
13413
13414
13415
13416
13417
13418
13419
13420
13421
13422
13423
13424
13425
13426
13427
13428
13429
13430
13431
13432
13484
13485
13486
13487
13548
13550
13551
13552
13553
13554
13555
13556
13557
13558
13559
13560
13561
13562
13563
13564
13565
13566
13567
13568
13569
13570
13571
13572
13573
13574
13575
13576
13577
13578
13579
13580
13581
13582
13583
13584
13585
13586
13587
13588
13589
13590
13591
13592
13593
13594
13595
13596
13597
13598
13599
13600
13601
13602
13603
13604
13605
13606
13607
13608
13609
13610
13611
13612
13613
13614
13615
13616
13617
13618
13619
13620
13621
13622
13623
13624
13625
13626
13627
13628
13629
13630
13631
13632
13633
13634
13635
13636
13637
13638
13639
13640
13641
13642
13643
13644
13645
13646
13647
13648
13649
13650
13651
13652
13653
13654
13655
13656
13657
13658
13659
13660
13661
13662
13663
13664
13665
13666
13667
13668
13669
13670
13671
13672
13673
13674
13675
13676
13677
13678
13679
13680
13681
13682
13683
13684
13685
13686
13687
13688
13689
13690
13691
13692
13693
13694
13695
13696
13697
13698
13699
13700
13701
13702
13703
13704
13759
13760
13761
13762
13763
13822
13824
13825
13826
13827
13828
13829
13830
13831
13832
13833
13834
13835
13836
13837
13838
13839
13840
13841
13842
13843
13844
13845
13846
13847
13848
13849
13850
13851
13852
13853
13854
13855
13856
13857
13858
13859
13860
13861
13862
13863
13864
13865
13866
13867
13868
13869
13870
13871
13872
13873
13874
13875
13876
13877
13878
13879
13880
13881
13882
13883
13884
13885
13886
13887
13888
13889
13890
13891
13892
13893
13894
13895
13896
13897
13898
13899
13900
13901
13902
13903
13904
13905
13906
13907
13908
13909
13910
13911
13912
13913
13914
13915
13916
13917
13918
13919
13920
13921
13922
13923
13924
13925
13926
13927
13928
13929
13930
13931
13932
13933
13934
13935
13936
13937
13938
13939
13940
13941
13942
13943
13944
13945
13946
13947
13948
13949
13950
13951
13952
13953
13954
13955
13956
13957
13958
13959
13960
13961
13962
13963
14014
14060
14062
14063
14064
14065
14066
14067
14068
14069
14070
14071
14072
14073
14074
14075
14076
14077
14078
14079
14080
14081
14082
14083
14084
14085
14086
14087
14088
14089
14090
14091
14092
14093
14094
14095
14096
14097
14098
14099
14100
14101
14102
14103
14104
14105
14106
14107
14108
14109
14110
14111
14112
14113
14114
14115
14116
14117
14118
14119
14120
14121
14122
14123
14124
14125
14126
14127
14128
14129
14130
14131
14132
14133
14134
14135
14136
14137
14138
14139
14140
14141
14142
14143
14144
14145
14146
14147
14148
14149
14150
14151
14152
14153
14154
14155
14156
14157
14158
14159
14160
14161
14162
14163
14164
14165
14166
14167
14168
14169
14170
14171
14172
14173
14174
14175
14176
14177
14178
14179
14180
14181
14182
14183
14184
14185
14186
14187
14188
14189
14190
14191
14192
14193
14194
14195
14196
14197
14198
14199
14200
14201
14202
14253
14254
14255
14256
14257
14258
14305
14307
14308
14309
14310
14311
14312
14313
14314
14315
14316
14317
14318
14319
14320
14321
14322
14323
14324
14325
14326
14327
14328
14329
14330
14331
14332
14333
14334
14335
14336
14337
14338
14339
14340
14341
14342
14343
14344
14345
14346
14347
14348
14349
14350
14351
14352
14353
14354
14355
14356
14357
14358
14359
14360
14361
14362
14363
14364
14365
14366
14367
14368
14369
14370
14371
14372
14373
14374
14375
14376
14377
14378
14379
14380
14381
14382
14383
14384
14385
14386
14387
14388
14389
14390
14391
14392
14393
14394
14395
14396
14397
14398
14399
14400
14401
14402
14403
14404
14405
14406
14407
14408
14409
14410
14411
14412
14413
14414
14415
14416
14417
14418
14419
14420
14421
14422
14423
14424
14425
14426
14427
14428
14429
14430
14431
14432
14433
14434
14435
14436
14497
14498
14499
14500
14501
14502
14503
14550
14552
14553
14554
14555
14556
14557
14558
14559
14560
14561
14562
14563
14564
14565
14566
14567
14568
14569
14570
14571
14572
14573
14574
14575
14576
14577
14578
14579
14580
14581
14582
14583
14584
14585
14586
14587
14588
14589
14590
14591
14592
14593
14594
14595
14596
14597
14598
14599
14600
14601
14602
14603
14604
14605
14606
14607
14608
14609
14610
14611
14612
14613
14614
14615
14616
14617
14618
14619
14620
14621
14622
14623
14624
14625
14626
14627
14628
14629
14630
14631
14632
14633
14634
14635
14636
14637
14638
14639
14640
14641
14642
14643
14644
14645
14646
14647
14648
14649
14650
14651
14652
14653
14654
14655
14656
14657
14658
14659
14660
14661
14662
14663
14664
14665
14666
14667
14668
14669
14670
14671
14672
14730
14731
14732
14733
14734
14735
14736
14737
14738
14739
14740
14741
14742
14743
14744
14745
14746
14747
14748
14749
14750
14804
14805
14806
14807
14808
14809
14810
14811
14812
14813
14814
14815
14816
14817
14818
14819
14820
14821
14822
14823
14824
14825
14826
14827
14828
14829
14830
14831
14832
14833
14834
14835
14836
14837
14838
14839
14840
14841
14842
14843
14844
14845
14846
14847
14848
14849
14850
14851
14852
14853
14854
14855
14856
14857
14858
14859
14860
14861
14862
14863
14864
14865
14866
14867
14868
14869
14870
14871
14872
14873
14874
14875
14876
14877
14878
14879
14880
14881
14882
14883
14884
14885
14886
14887
14888
14889
14890
14891
14892
14893
14894
14895
14896
14897
14898
14899
14900
14901
14902
14903
14904
14905
14906
14907
14908
14909
14910
14911
14912
14913
14914
14915
14916
14917
14918
14919
14920
14921
14922
14923
14924
14925
14926
14983
14984
14985
14986
14987
14988
14989
14990
14991
14992
14993
14994
14995
14996
14997
14998
14999
15000
15047
15048
15049
15050
15051
15052
15053
15054
15055
15056
15057
15058
15059
15060
15061
15062
15063
15064
15065
15066
15067
15068
15069
15070
15071
15072
15073
15074
15075
15076
15077
15078
15079
15080
15081
15082
15083
15084
15085
15086
15087
15088
15089
15090
15091
15092
15093
15094
15095
15096
15097
15098
15099
15100
15101
15102
15103
15104
15105
15106
15107
15108
15109
15110
15111
15112
15113
15114
15115
15116
15117
15118
15119
15120
15121
15122
15123
15124
15125
15126
15127
15128
15129
15130
15131
15132
15133
15134
15135
15136
15137
15138
15139
15140
15141
15142
15143
15144
15145
15146
15147
15148
15149
15150
15151
15152
15153
15154
15155
15156
15157
15158
15159
15160
15161
15162
15194
15195
15196
15197
15198
15199
15200
15201
15202
15203
15253
15255
15256
15257
15258
15259
15260
15261
15262
15263
15264
15265
15266
15267
15268
15269
15270
15271
15272
15273
15274
15275
15276
15277
15278
15279
15280
15281
15282
15283
15284
15285
15286
15287
15288
15289
15290
15291
15292
15293
15294
15295
15296
15297
15298
15299
15300
15301
15302
15303
15304
15305
15306
15307
15308
15309
15310
15311
15312
15313
15314
15315
15316
15317
15318
15319
15320
15321
15322
15323
15324
15325
15326
15327
15328
15329
15330
15331
15332
15333
15334
15335
15336
15337
15338
15339
15340
15341
15342
15343
15344
15345
15346
15347
15348
15349
15350
15351
15352
15353
15354
15355
15356
15357
15358
15359
15360
15361
15362
15363
15364
15404
15405
15406
15407
15408
15409
15410
15411
15412
15413
15414
15415
15416
15417
15418
15460
15462
15463
15464
15465
15466
15467
15468
15469
15470
15471
15472
15473
15474
15475
15476
15477
15478
15479
15480
15481
15482
15483
15484
15485
15486
15487
15488
15489
15490
15491
15492
15493
15494
15495
15496
15497
15498
15499
15500
15501
15502
15503
15504
15505
15506
15507
15508
15509
15510
15511
15512
15513
15514
15515
15516
15517
15518
15519
15520
15521
15522
15523
15524
15525
15526
15527
15528
15529
15530
15531
15532
15533
15534
15535
15536
15537
15538
15539
15540
15541
15542
15543
15544
15545
15546
15547
15548
15549
15550
15551
15552
15553
15554
15555
15556
15557
15558
15559
15560
15561
15562
15563
15564
15565
15566
15567
15568
15570
15571
15622
15623
15624
15625
15626
15627
15628
15629
15630
15631
15632
15633
15634
15635
15636
15637
15638
15639
15640
15680
15681
15682
15683
15684
15685
15686
15687
15688
15689
15690
15691
15692
15693
15694
15695
15696
15697
15698
15699
15700
15701
15702
15703
15704
15705
15706
15707
15708
15709
15710
15711
15712
15713
15714
15715
15716
15717
15718
15719
15720
15721
15722
15723
15724
15725
15726
15727
15728
15729
15730
15731
15732
15733
15734
15735
15736
15737
15738
15739
15740
15741
15742
15743
15744
15745
15746
15747
15748
15749
15750
15751
15752
15753
15754
15755
15756
15757
15758
15759
15760
15761
15762
15763
15764
15765
15766
15767
15768
15769
15770
15771
15772
15774
15805
15806
15807
15808
15809
15810
15811
15812
15813
15814
15815
15816
15817
15818
15819
15820
15821
15822
15823
15824
15825
15826
15827
15828
15829
15830
15831
15832
15891
15892
15893
15894
15895
15896
15897
15898
15899
15900
15901
15902
15903
15904
15905
15906
15907
15908
15909
15910
15911
15912
15913
15914
15915
15916
15917
15918
15919
15920
15921
15922
15923
15924
15925
15926
15927
15928
15929
15930
15931
15932
15933
15934
15935
15936
15937
15938
15939
15940
15941
15942
15943
15944
15945
15946
15947
15948
15949
15950
15951
15952
15953
15954
15955
15956
15957
15958
15959
15960
15961
15962
15963
15964
15965
15966
15967
15968
15969
15970
15971
15972
15973
15974
15975
15976
15977
15978
15979
15980
15981
15982
15983
15984
15985
15986
15987
15988
15989
15990
15991
15992
15993
15994
15995
15996
15997
15998
16045
16046
16047
16048
16049
16050
16051
16052
16053
16054
16055
16056
16057
16058
16059
16060
16061
16062
16063
16064
16065
16066
16067
16068
16069
16070
16071
16072
16073
16074
16075
16114
16115
16116
16117
16118
16119
16120
16121
16122
16123
16124
16125
16126
16127
16128
16129
16130
16131
16132
16133
16134
16135
16136
16137
16138
16139
16140
16141
16142
16143
16144
16145
16146
16147
16148
16149
16150
16151
16152
16153
16154
16155
16156
16157
16158
16159
16160
16161
16162
16163
16164
16165
16166
16167
16168
16169
16170
16171
16172
16173
16174
16175
16176
16177
16178
16179
16180
16181
16182
16183
16184
16185
16186
16187
16188
16189
16190
16191
16192
16193
16194
16195
16196
16197
16238
16241
16242
16243
16244
16245
16246
16247
16248
16249
16250
16251
16252
16253
16254
16255
16256
16257
16258
16259
16260
16261
16262
16263
16264
16265
16266
16267
16268
16269
16270
16271
16309
16310
16311
16312
16313
16314
16315
16316
16317
16318
16319
16320
16321
16322
16323
16324
16325
16326
16327
16328
16329
16330
16331
16332
16333
16334
16335
16336
16337
16338
16339
16340
16341
16342
16343
16344
16345
16346
16347
16348
16349
16350
16351
16352
16353
16354
16355
16356
16357
16358
16359
16360
16361
16362
16363
16364
16365
16366
16367
16368
16369
16370
16371
16372
16373
16374
16375
16376
16377
16378
16379
16380
16381
16382
16383
16384
16385
16386
16387
16388
16389
16390
16391
16392
16393
16394
16395
16396
16397
16398
16399
16400
16431
16432
16433
16434
16435
16436
16437
16438
16439
16440
16441
16442
16443
16444
16445
16446
16447
16448
16449
16450
16451
16476
16477
16478
16479
16480
16481
16482
16483
16484
16485
16486
16487
16488
16489
16490
16491
16492
16493
16494
16495
16496
16497
16498
16499
16500
16501
16502
16503
16504
16505
16506
16507
16508
16509
16510
16511
16512
16513
16514
16515
16516
16517
16518
16519
16520
16521
16522
16523
16524
16525
16526
16527
16528
16529
16530
16531
16532
16533
16534
16535
16536
16537
16538
16539
16540
16541
16542
16543
16544
16545
16546
16547
16548
16549
16550
16551
16581
16582
16583
16584
16585
16586
16587
16588
16589
16590
16591
16592
16606
16607
16608
16609
16610
16611
16612
16613
16614
16615
16616
16617
16618
16619
16620
16621
16622
16623
16624
16625
16626
16627
16628
16629
16630
16631
16632
16633
16634
16635
16636
16637
16638
16639
16640
16641
16642
16643
16644
16645
16646
16647
16648
16649
16650
16651
16652
16653
16654
16655
16656
16657
16658
16659
16680
16683
16684
16685
16686
16687
16688
16689
16690
16691
16692
16693
16694
16695
16696
16697
16698
16699
16700
16701
16702
16703
16704
16705
16706
16707
16708
16709
16710
16711
16712
16713
16714
16715
16716
16717
16718
16719
16720
16721
16722
16723
16724
16830
16831
16832
16833
16834
16835
16836
16837
16838
16839
16840
16841
16842
16843
16844
16845
16846
16847
16848
16849
16850
16851
16852
16853
16854
16855
16856
16857
16858
16859
16860
16861
16862
16863
16864
16865
16866
16867
16868
16869
16870
16871
16872
16873
16874
16875
16876
16877
16878
16879
16880
16881
16882
16883
16884
16885
16886
16887
16888
16889
16890
16891
16892
16893
16894
16895
16896
16897
16898
16899
16900
16901
16902
16903
16904
16905
16906
16907
16908
16909
16910
16911
16912
16913
16914
16915
16916
16917
16918
16919
16920
16921
16922
16923
16924
16925
16926
16927
16928
16929
16930
16931
16932
16933
16934
16935
16936
16937
16938
16939
16940
16941
16942
16943
16944
16945
16946
16947
16948
16949
16950
16951
16952
16953
16954
16955
16956
16957
16958
16959
16960
16961
16962
16963
16964
16965
16966
16967
16968
16969
16970
16971
16972
17105
17106
17107
17108
17109
17110
17111
17112
17113
17114
17115
17116
17117
17118
17119
17120
17121
17122
17123
17124
17125
17126
17127
17128
17129
17130
17131
17132
17133
17134
17135
17136
17137
17138
17139
17140
17141
17142
17143
17144
17145
17146
17147
17148
17149
17150
17151
17152
17153
17154
17155
17156
17157
17158
17159
17160
17161
17162
17163
17164
17165
17166
17167
17168
17169
17170
17171
17172
17173
17174
17175
17176
17177
17178
17179
17180
17181
17182
17183
17184
17185
17186
17187
17188
17189
17190
17191
17192
17193
17194
17195
17196
17197
17198
17199
17200
17201
17202
17203
17204
17205
17206
17207
17208
17209
17210
17211
17212
17213
17214
17215
17216
17217
17218
17219
17220
17221
17222
17223
17224
17225
17226
17227
17228
17229
17230
17231
17232
17233
17234
17235
17236
17237
17238
17239
17240
17241
17242
17243
17244
17245
17246
17247
17248
17249
17250
17251
17252
17253
17254
17255
17256
17257
17258
17259
17260
17261
17262
17263
17264
17265
17266
17267
17268
17269
17270
17271
17272
17273
17274
17275
17276
17277
17278
17279
17280
17281
17282
17283
17284
17285
17286
17287
17288
17289
17290
17291
17292
17293
17294
17295
17296
17297
17298
17299
17300
17301
17302
17303
17304
17305
17306
17307
17308
17309
17310
17311
17312
17313
17314
17315
17316
17317
17318
17319
17320
17321
17322
17323
17324
17325
17326
17327
17328
17329
17330
17331
17332
17333
17334
17335
17336
17337
17338
17339
17340
17341
17342
17343
17344
17345
17346
17347
17348
17349
17350
17351
17352
17353
17354
17355
17356
17357
17358
17359
17360
17361
17362
17363
17364
17365
17366
17367
17368
17369
17370
17371
17372
17373
17374
17375
17376
17377
17378
17379
17380
17381
17382
17383
17384
17385
17386
17387
17388
17389
17390
17391
17392
17393
17394
17395
17396
17397
17398
17399
17400
17401
17402
17403
17404
17405
17406
17407
17408
17409
17410
17411
17412
17413
17414
17415
17416
17417
17418
17419
17420
17421
17422
17423
17424
17425
17426
17427
17428
17429
17430
17431
17432
17433
17434
17435
17436
17437
17438
17439
17440
17441
17442
17443
17444
17445
17446
17447
17448
17449
17450
17451
17452
17453
17454
17455
17456
17457
17458
17459
17460
17461
17462
17463
17464
17465
17466
17467
17468
17469
17470
17471
17472
17473
17474
17475
17476
17477
17478
17479
17480
17481
17482
17483
17484
17485
17486
17487
17488
17489
17490
17491
17492
17493
17494
17495
17496
17497
17498
17499
17500
17501
17502
17503
17504
17505
17506
17507
17508
17509
17510
17511
17512
17513
17514
17515
17516
17517
17518
17519
17520
17521
17522
17523
17524
17525
17526
17527
17528
17529
17530
17531
17532
17533
17534
17535
17536
17537
17538
17539
17540
17541
17542
17543
17544
17545
17546
17547
17548
17549
17550
17551
17552
17553
17554
17555
17556
17557
17558
17559
17560
17561
17562
17563
17564
17565
17566
17567
17568
17569
17570
17571
17572
17573
17574
17575
17576
17577
17578
17579
17580
17581
17582
17583
17584
17585
17586
17587
17588
17589
17590
17591
17592
17593
17594
17595
17596
17597
17598
17599
17600
17601
17602
17603
17604
17605
17606
17607
17608
17609
17610
17611
17612
17613
17614
17615
17616
17617
17618
17619
17620
17621
17622
17623
17624
17625
17626
17627
17628
17629
17630
17631
17632
17633
17634
17635
17636
17637
17638
17639
17640
17641
17642
17643
17644
17645
17646
17647
17648
17649
17650
17651
17652
17653
17654
17655
17656
17657
17658
17659
17660
17661
17662
17663
17664
17665
17666
17667
17668
17669
17670
17671
17672
17673
17674
17675
17676
17677
17678
17679
17680
17681
17682
17683
17684
17685
17686
17687
17688
17689
17690
17691
17692
17693
17694
17695
17696
17697
17698
17699
17700
17701
17702
17703
17704
17705
17706
17707
17708
17709
17710
17711
17712
17713
17714
17715
17716
17717
17718
17719
17720
17721
17722
17723
17724
17725
17726
17727
17728
17729
17730
17731
17732
17733
17734
17735
17736
17737
17738
17739
17740
17741
17742
17743
17744
17745
17746
17747
17748
17749
17750
17751
17752
17753
17754
17755
17756
17757
17758
17759
17760
17761
17762
17763
17764
17765
17766
17767
17768
17769
17770
17771
17772
17773
17774
17775
17776
17777
17778
17779
17780
17781
17782
17783
17784
17785
17786
17787
17788
17789
17790
17791
17792
17793
17794
17795
17796
17797
17798
17799
17800
17801
17802
17803
17804
17805
17806
17807
17808
17809
17810
17811
17812
17813
17814
17815
17816
17817
17818
17819
17820
17821
17822
17823
17824
17825
17826
17827
17828
17829
17830
17831
17832
17833
17834
17835
17836
17837
17838
17839
17840
17841
17842
17843
17844
17845
17846
17847
17848
17849
17850
17851
17852
17853
17854
17855
17856
17857
17858
17859
17860
17861
17862
17863
17864
17865
17866
17867
17868
17869
17870
17871
17872
17873
17874
17875
17876
17877
17878
17879
17880
17881
17882
17883
17884
17885
17886
17887
17888
17889
17890
17891
17892
17893
17894
17895
17896
17897
17898
17899
17900
17901
17902
17903
17904
17905
17906
17907
17908
17909
17910
17911
17912
17913
17914
17915
17916
17917
17918
17919
17920
17921
17922
17923
17924
17925
17926
17927
17928
17929
17930
17931
17932
17933
17934
17935
17936
17937
17938
17939
17940
17941
17942
17943
17944
17945
17946
17947
17948
17949
17950
17951
17952
17953
17954
17955
17956
17957
17958
17959
17960
17961
17962
17963
17964
17965
17966
17967
17968
17969
17970
17971
17972
17973
17974
17975
17976
17977
17978
17979
17980
17981
17982
17983
17984
17985
17986
17987
17988
17989
17990
17991
17992
17993
17994
17995
17996
17997
17998
17999
18000
18001
18002
18003
18004
18005
18006
18007
18008
18009
18010
18011
18012
18013
18014
18015
18016
18017
18018
18019
18020
18021
18022
18023
18024
18025
18026
18027
18028
18029
18030
18031
18032
18033
18034
18035
18036
18037
18038
18039
18040
18041
18042
18043
18044
18045
18046
18047
18048
18049
18050
18051
18052
18053
18054
18055
18056
18057
18058
18059
18060
18061
18062
18063
18064
18065
18066
18067
18068
18069
18070
18071
18072
18073
18074
18075
18076
18077
18078
18079
18080
18081
18082
18083
18084
18085
18086
18087
18088
18089
18090
18091
18092
18093
18094
18095
18096
18097
18098
18099
18100
18101
18102
18103
18104
18105
18106
18107
18108
18109
18110
18111
18112
18113
18114
18115
18116
18117
18118
18119
18120
18121
18122
18123
18124
18125
18126
18127
18128
18129
18130
18131
18132
18133
18134
18135
18136
18137
18138
18139
18140
18141
18142
18143
18144
18145
18146
18147
18148
18149
18150
18151
18152
18153
18154
18155
18156
18157
18158
18159
18160
18161
18162
18163
18164
18165
18166
18167
18168
18169
18170
18171
18172
18173
18174
18175
18176
18177
18178
18179
18180
18181
18182
18183
18184
18185
18186
18187
18188
18189
18190
18191
18192
18193
18194
18195
18196
18197
18198
18199
18200
18201
18202
18203
18204
18205
18206
18207
18208
18209
18210
18211
18212
18213
18214
18215
18216
18217
18218
18219
18220
18221
18222
18223
18224
18225
18226
18227
18228
18229
18230
18231
18232
18233
18234
18235
18236
18237
18238
18239
18240
18241
18242
18243
18244
18245
18246
18247
18248
18249
18250
18251
18252
18253
18254
18255
18256
18257
18258
18259
18260
18261
18262
18263
18264
18265
18266
18267
18268
18269
18270
18271
18272
18273
18274
18275
18276
18277
18278
18279
18280
18281
18282
18283
18284
18285
18286
18287
18288
18289
18290
18291
18292
18293
18294
18295
18296
18297
18298
18299
18300
18301
18302
18303
18304
18305
18306
18307
18308
18309
18310
18311
18312
18313
18314
18315
18316
18317
18318
18319
18320
18321
18322
18323
18324
18325
18326
18327
18328
18329
18330
18331
18332
18333
18334
18335
18336
18337
18338
18339
18340
18341
18342
18343
18344
18345
18346
18347
18348
18349
18350
18351
18354
18355
18356
18357
18358
18359
18360
18361
18362
18364
18365
18366
18367
18368
18369
18370
18371
18372
18373
18374
18375
18376
18377
18378
18379
18380
18381
18382
18383
18384
18385
18386
18387
18388
18389
18390
18391
18392
18393
18394
18395
18396
18397
18398
18399
18400
18401
18402
18403
18404
18405
18406
18407
18408
18409
18410
18411
18412
18413
18414
18415
18416
18417
18418
18419
18420
18421
18422
18423
18424
18425
18426
18427
18428
18429
18430
18431
18432
18433
18434
18435
18436
18437
18438
18439
18440
18441
18442
18443
18444
18445
18446
18447
18448
18449
18450
18454
18455
18456
18457
18458
18459
18460
18461
18462
18463
18464
18465
18466
18467
18468
18469
18470
18471
18472
18473
18474
18475
18476
18477
18478
18479
18480
18481
18482
18483
18484
18485
18486
18487
18488
18489
18490
18491
18492
18493
18494
18495
18496
18497
18498
18499
18500
18501
18502
18503
18504
18505
18506
18507
18508
18509
18510
18511
18512
18513
18514
18515
18516
18517
18518
18519
18520
18521
18522
18523
18524
18525
18526
18527
18528
18529
18530
18532
18533
18534
18535
18536
18537
18538
18539
18542
18543
18544
18545
18546
18547
18548
18549
18550
18551
18552
18553
18554
18555
18556
18557
18558
18559
18560
18561
18562
18563
18564
18565
18566
18567
18568
18569
18570
18571
18572
18573
18574
18575
18576
18577
18578
18579
18580
18581
18582
18583
18584
18585
18586
18587
18588
18589
18590
18591
18592
18593
18594
18595
18596
18597
18598
18599
18600
18601
18602
18603
18604
18605
18606
18607
18608
18609
18610
18611
18612
18613
18614
18615
18616
18622
18626
18628
18629
18630
18631
18632
18633
18634
18641
18642
18643
18644
18645
18646
18647
18648
18649
18650
18651
18652
18653
18654
18655
18656
18657
18658
18659
18660
18661
18662
18663
18664
18665
18666
18667
18668
18669
18670
18671
18672
18673
18674
18675
18676
18677
18678
18679
18680
18681
18682
18683
18684
18685
18686
18687
18688
18689
18690
18691
18692
18693
18694
18695
18696
18697
18698
18699
18700
18701
18702
18703
18704
18705
18706
18721
18722
18723
18724
18725
18726
18733
18734
18735
18736
18737
18738
18739
18740
18741
18742
18743
18744
18745
18746
18747
18748
18749
18750
18751
18752
18753
18754
18755
18756
18757
18758
18759
18760
18761
18762
18763
18764
18765
18766
18767
18768
18769
18770
18771
18772
18784
18785
18786
18787
18788
18789
18790
18791
18792
18793
18794
18795
18796
18806
18807
18808
18809
18810
18811
18812
18813
18814
18815
18816
18817
18818
18819
18820
18821
18822
18823
18824
18825
18826
18827
18828
18829
18830
18831
18832
18833
18834
18835
18836
18837
18838
18839
18840
18841
18842
18843
18844
18845
18846
18847
18849
18851
18852
18853
18854
18873
18874
18875
18876
18877
18878
18879
18880
18881
18882
18883
18884
18885
18892
18893
18894
18895
18896
18897
18898
18899
18900
18901
18902
18903
18904
18905
18906
18907
18908
18909
18910
18911
18912
18913
18914
18915
18916
18917
18918
18919
18925
18926
18946
18947
18948
18949
18950
18951
18952
18953
18954
18955
18956
18957
18958
18959
18972
18973
18974
18975
18976
18977
18978
18979
18980
18981
18982
18983
18984
18985
18986
18987
18991
18992
18993
18994
18995
18996
18997
18998
18999
19000
19001
19002
19003
19005
19033
19034
19035
19036
19037
19038
19039
19040
19041
19042
19043
19056
19057
19058
19059
19060
19061
19062
19063
19064
19065
19066
19067
19068
19069
19070
19071
19072
19079
19080
19081
19082
19085
19126
19145
19146
19147
19148
19149
19153
19154
19155
19156
19157
19158
19159
19160
19161
19162
19215
19216
19217
19218
19219
19220
19221
19222
19223
19224
19293
19294
19295
19302
19303
19304
19305
19306
19307
19393
19394
19404
19501
20650
20651
20652
20653
20654
20655
20656
20659
20661
20663
20674
20675
20676
20700
20717
20718
20719
20724
20725
20726
20727
20728
20729
20730
20731
20732
20733
20734
20735
20736
20737
20738
20739
20740
20741
20742
20743
20744
20745
20746
20747
20748
20749
20751
20752
20753
20757
20764
20765
20766
20767
20776
20777
20778
20786
20787
20788
20789
20790
20791
20792
20793
20798
20799
20800
20803
20804
20805
20806
20807
20808
20812
20813
20814
20818
20819
20820
20821
20822
20823
20829
20830
20831
20832
20833
20834
20835
20836
20837
20838
20842
20843
20844
20847
20848
20849
20850
20851
20852
20858
20859
20860
20861
20862
20868
20869
20870
20871
20872
20877
20878
20879
20882
20883
20884
20885
20901
20902
20903
20906
20914
20919
20920
20921
20922
20923
20925
20926
20927
20928
20930
20931
20933
20945
20946
20947
20948
20949
20950
20957
20958
20959
20960
20961
20964
20965
20966
20967
20968
20969
20970
20971
20975
20976
20977
20978
20979
20980
20982
20988
20989
20990
20991
20992
20995
20999
21000
21001
21003
21004
21005
21014
21015
21016
21017
21018
21020
21021
21022
21023
21024
21025
21026
21027
21028
21032
21035
21036
21037
21038
21039
21040
21048
21049
21050
21051
21052
21053
21057
21058
21059
21060
21071
21072
21073
21074
21075
21082
21083
21084
21085
21086
21088
21095
21108
21109
21110
21111
21112
21116
21117
21118
21119
21120
21121
21124
21125
21126
21127
21129
21130
21131
21133
21136
21137
21138
21149
21150
21151
21155
21156
21157
21158
21159
21160
21163
21164
21166
21167
21168
21169
21170
21171
21172
21177
21178
21179
21180
21181
21182
21189
21190
21191
21192
21193
21194
21195
21196
21207
21208
21209
21210
21211
21212
21213
21216
21217
21218
21220
21221
21227
21230
21231
21232
21233
21238
21239
21240
21241
21243
21244
21245
21246
21247
21248
21249
21250
21251
21252
21253
21259
21260
21261
21262
21286
21287
21288
21289
21290
21291
21292
21293
21294
21295
21296
21297
21298
21299
21300
21302
21303
21304
21305
21306
21307
21311
21312
21313
21317
21319
21320
21321
21322
21323
21330
21331
21332
21333
21334
21340
21341
21343
21344
21345
21346
21347
21348
21349
21350
21351
21358
21359
21360
21361
21365
21366
21367
21368
21369
21370
21371
21372
21374
21375
21376
21377
21384
21385
21386
21387
21388
21389
21390
21398
21399
21403
21404
21405
21406
21407
21412
21413
21414
21415
21416
21417
21418
21425
21426
21427
21428
21429
21430
21439
21440
21441
21442
21443
21444
21445
21446
21447
21448
21449
21450
21451
21452
21453
21454
21455
21456
21457
21458
21459
21460
21461
21462
21463
21464
21465
21466
21467
21468
21470
21471
21472
21473
21474
21475
21476
21477
21478
21479
21480
21481
21482
21483
21489
21490
21491
21492
21493
21494
21495
21509
21510
21511
21512
21525
21526
21527
21528
21529
21530
21537
21538
21539
21540
21541
21542
21547
21548
21549
21550
21555
21556
21557
21558
21559
21560
21561
21562
21563
21564
21565
21566
21567
21568
21569
21570
21571
21572
21573
21574
21575
21576
21577
21579
21580
21581
21582
21583
21584
21585
21586
21587
21588
21589
21590
21591
21592
21593
21594
21595
21596
21598
21599
21600
21601
21602
21616
21618
21619
21624
21625
21626
21627
21630
21631
21632
21633
21634
21635
21636
21637
21638
21639
21640
21641
21642
21643
21650
21651
21652
21653
21654
21655
21656
21657
21658
21659
21660
21661
21662
21667
21672
21673
21674
21676
21677
21680
21683
21684
21685
21686
21687
21688
21689
21690
21691
21692
21693
21694
21695
21696
21697
21698
21700
21701
21704
21716
21722
21723
21727
21728
21729
21730
21731
21732
21733
21739
21748
21749
21752
21757
21759
21766
21767
21768
21769
21770
21771
21772
21773
21774
21775
21776
21777
21778
21779
21780
21781
21782
21783
21784
21785
21786
21787
21788
21791
21792
21793
21794
21797
21798
21799
21800
21801
21802
21803
21804
21808
21809
21810
21811
21812
21813
21814
21815
21816
21822
21823
21824
21828
21829
21830
21831
21833
21834
21835
21836
21842
21843
21844
21845
21846
21847
21848
21849
21850
21855
21856
21857
21858
21859
21860
21861
21862
21863
21864
21865
21866
21867
21868
21869
21870
21871
21881
21882
21883
21884
21885
21886
21899
21900
21903
21910
21911
21912
21913
21914
21915
21916
21917
21918
21919
21920
21921
21922
21925
21926
21927
21936
21937
21938
21939
21940
21941
21949
21950
21951
21952
21953
21954
21963
21964
21965
21966
21967
21968
21969
21970
21981
21982
21983
21984
21985
21986
21987
21988
22000
22001
22002
22003
22004
22007
22008
22009
22010
22013
22014
22021
22022
22023
22024
22025
22026
22033
22034
22035
22036
22038
22039
22040
22067
22068
22069
22070
22071
22072
22073
22074
22075
22076
22083
22084
22085
22086
22087
22088
22089
22090
22091
22092
22093
22094
22095
22096
22097
22098
22099
22100
22101
22102
22103
22104
22108
22113
22114
22115
22116
22117
22118
22126
22127
22129
22130
22131
22136
22137
22142
22143
22144
22145
22146
22147
22149
22159
22160
22161
22165
22166
22167
22173
22174
22175
22176
22177
22180
22181
22182
22183
22184
22185
22186
22187
22188
22189
22190
22196
22197
22198
22199
22200
22201
22202
22209
22210
22211
22212
22213
22214
22215
22216
22220
22221
22222
22223
22227
22228
22229
22230
22231
22232
22237
22248
22249
22250
22259
22260
22261
22262
22263
22264
22265
22266
22267
22268
22269
22270
22271
22272
22278
22279
22280
22281
22291
22292
22293
22294
22295
22296
22297
22300
22301
22302
22303
22304
22305
22306
22307
22308
22309
22310
22316
22317
22318
22319
22320
22321
22327
22328
22329
22330
22331
22332
22334
22335
22336
22337
22349
22350
22351
22352
22353
22358
22359
22360
22361
22368
22369
22370
22371
22372
22379
22380
22386
22387
22388
22389
22390
22391
22392
22393
22394
22395
22396
22397
22398
22399
22403
22404
22405
22406
22412
22413
22414
22415
22420
22421
22422
22430
22431
22432
22433
22434
22435
22436
22437
22438
22439
22440
22441
22448
22449
22450
22451
22459
22460
22461
22465
22471
22472
22474
22475
22476
22477
22478
22479
22480
22481
22482
22483
22489
22495
22496
22497
22498
22499
22500
22501
22502
22506
22507
22508
22509
22511
22517
22518
22519
22520
22521
22522
22528
22529
22532
22533
22534
22535
22536
22537
22538
22539
22540
22541
22542
22543
22544
22545
22546
22547
22548
22549
22550
22553
22554
22555
22556
22557
22558
22559
22560
22561
22562
22577
22578
22579
22580
22581
22585
22586
22587
22588
22589
22590
22591
22592
22593
22594
22595
22596
22599
22600
22601
22602
22603
22604
22605
22606
22607
22608
22609
22610
22611
22612
22613
22614
22616
22617
22618
22619
22626
22627
22629
22630
22631
22632
22633
22640
22641
22642
22643
22649
22651
22653
22656
22657
22658
22659
22660
22661
22662
22664
22665
22666
22667
22668
22669
22670
22671
22672
22673
22674
22675
22676
22677
22678
22679
22680
22688
22689
22690
22691
22692
22693
22694
22695
22696
22697
22702
22703
22704
22705
22706
22707
22720
22721
22722
22723
22724
22725
22726
22735
22736
22737
22738
22739
22757
22758
22759
22760
22772
22773
22774
22775
22776
22777
22778
22779
22780
22781
22782
22783
22784
22785
22786
22788
22789
22790
22791
22792
22793
22794
22795
22796
22797
22798
22799
22800
22801
22802
22803
22804
22805
22806
22807
22808
22809
22810
22811
22812
22813
22829
22830
22831
22832
22833
22840
22841
22842
22843
22844
22845
22846
22847
22848
22849
22850
22856
22857
22858
22859
22860
22861
22862
22863
22864
22865
22866
22867
22868
22869
22870
22871
22875
22876
22877
22878
22879
22880
22881
22882
22883
22884
22885
22886
22887
22888
22889
22890
22891
22892
22893
22894
22897
22904
22905
22906
22907
22908
22909
22910
22911
22917
22918
22919
22926
22927
22928
22929
22930
22931
22932
22933
22934
22935
22936
22937
22938
22939
22940
22941
22942
22944
22960
22961
22962
22963
22970
22971
22972
22973
22974
22975
22976
22977
22978
22981
22982
22984
22985
22986
22987
22988
22989
23002
23003
23004
23005
23006
23008
23011
23012
23013
23016
23017
23018
23023
23024
23025
23026
23027
23028
23029
23030
23031
23032
23033
23034
23035
23036
23037
23038
23039
23040
23041
23042
23049
23050
23051
23052
23053
23058
23059
23070
23071
23072
23073
23074
23079
23080
23081
23082
23083
23084
23087
23088
23089
23090
23091
23092
23093
23094
23095
23096
23102
23103
23104
23105
23107
23108
23109
23110
23111
23117
23118
23119
23120
23121
23122
23123
23124
23125
23126
23127
23128
23129
23130
23131
23132
23134
23135
23136
23137
23138
23139
23140
23141
23142
23143
23144
23145
23146
23147
23148
23149
23150
23151
23152
23153
23154
23155
23156
23157
23159
23160
23161
23162
23163
23164
23165
23166
23167
23169
23170
23171
23172
23173
23174
23175
23176
23177
23178
23179
23180
23182
23183
23184
23185
23186
23190
23191
23195
23196
23197
23198
23199
23200
23201
23202
23203
23204
23205
23206
23207
23208
23213
23214
23215
23216
23219
23220
23232
23240
23241
23242
23244
23245
23246
23247
23248
23249
23250
23257
23265
23266
23270
23271
23275
23283
23284
23285
23286
23287
23288
23289
23290
23291
23294
23295
23296
23297
23298
23299
23300
23304
23305
23306
23310
23311
23312
23313
23314
23315
23316
23317
23318
23319
23324
23325
23326
23327
23328
23331
23332
23333
23334
23335
23336
23340
23341
23342
23349
23350
23351
23352
23353
23354
23355
23356
23357
23358
23359
23360
23361
23362
23363
23364
23369
23370
23371
23372
23373
23374
23375
23376
23377
23378
23379
23380
23390
23391
23392
23393
23394
23396
23397
23398
23399
23400
23401
23402
23403
23406
23407
23408
23409
23423
23424
23425
23426
23427
23428
23435
23436
23437
23438
23439
23440
23441
23442
23443
23444
23447
23448
23449
23450
23451
23452
23454
23455
23456
23457
23458
23459
23460
23464
23465
23466
23467
23468
23469
23477
23478
23479
23480
23481
23482
23483
23488
23489
23490
23491
23492
23493
23502
23503
23504
23505
23506
23516
23517
23518
23519
23520
23521
23522
23530
23533
23534
23535
23536
23537
23538
23539
23540
23542
23543
23544
23545
23546
23547
23548
23549
23550
23551
23552
23553
23559
23560
23561
23562
23563
23573
23574
23575
23576
23577
23582
23583
23584
23587
23588
23589
23590
23595
23596
23601
23602
23603
23604
23605
23608
23609
23616
23617
23618
23619
23620
23625
23626
23627
23628
23629
23630
23638
23639
23640
23641
23642
23643
23644
23645
23646
23647
23648
23649
23650
23651
23652
23653
23654
23655
23665
23666
23667
23670
23671
23672
23673
23674
23675
23681
23682
23683
23686
23694
23695
23696
23697
23698
23699
23700
23703
23704
23705
23706
23715
23716
23717
23718
23719
23727
23728
23729
23730
23731
23732
23736
23742
23743
23745
23746
23747
23748
23749
23750
23751
23760
23762
23765
23766
23767
23768
23769
23770
23771
23774
23775
23776
23777
23778
23780
23781
23782
23783
23784
23785
23786
23787
23794
23800
23801
23802
23803
23804
23805
23806
23807
23808
23809
23810
23811
23813
23814
23815
23820
23821
23822
23823
23824
23825
23826
23830
23831
23832
23833
23834
23835
23836
23837
23838
23839
23841
23842
23843
23844
23845
23846
23847
23852
23853
23854
23855
23856
23857
23859
23878
23879
23880
23885
23886
23887
23888
23889
23890
23891
23892
23893
23894
23895
23896
23897
23898
23899
23900
23904
23905
23906
23907
23908
23909
23910
23911
23912
23913
23914
23920
23921
23933
23934
23935
23936
23937
23938
23940
23941
23942
23945
23946
23947
23948
23952
23953
23954
23955
23960
23961
23962
23963
23964
23974
23975
23976
23981
23982
23988
23989
23990
23991
23992
23993
23998
23999
24000
24001
24002
24003
24004
24005
24008
24013
24014
24015
24021
24022
24023
24024
24025
24040
24047
24048
24049
24061
24062
24063
24065
24066
24067
24068
24069
24074
24075
24076
24077
24078
24079
24082
24083
24084
24085
24086
24087
24088
24089
24090
24094
24095
24096
24097
24098
24099
24100
24101
24106
24107
24114
24115
24116
24117
24119
24120
24121
24122
24123
24124
24125
24126
24127
24128
24129
24130
24131
24132
24133
24134
24135
24136
24137
24138
24139
24140
24141
24146
24147
24148
24149
24150
24151
24152
24153
24156
24157
24158
24159
24160
24161
24162
24163
24164
24165
24172
24173
24174
24175
24178
24189
24191
24192
24193
24194
24195
24196
24197
24198
24199
24200
24201
24202
24203
24204
24210
24211
24212
24213
24214
24216
24217
24218
24219
24220
24221
24222
24223
24224
24225
24226
24227
24228
24229
24230
24231
24232
24233
24244
24245
24246
24247
24248
24249
24250
24251
24254
24255
24261
24262
24263
24264
24265
24266
24267
24268
24271
24272
24273
24274
24275
24276
24277
24278
24279
24280
24281
24282
24283
24289
24290
24292
24293
24303
24304
24306
24309
24310
24311
24312
24313
24314
24315
24316
24317
24318
24319
24320
24321
24322
24323
24329
24334
24335
24336
24337
24338
24339
24347
24350
24351
24352
24353
24365
24366
24367
24368
24384
24385
24386
24387
24388
24389
24390
24391
24392
24393
24395
24396
24397
24398
24399
24400
24402
24403
24404
24411
24412
24417
24418
24419
24420
24421
24422
24423
24424
24425
24426
24427
24428
24429
24435
24436
24437
24438
24443
24449
24450
24451
24452
24453
24457
24460
24461
24462
24463
24464
24468
24469
24470
24479
24480
24481
24482
24483
24484
24485
24486
24487
24496
24497
24502
24503
24504
24505
24506
24507
24510
24513
24514
24515
24516
24517
24518
24519
24522
24523
24524
24525
24526
24527
24532
24533
24534
24535
24536
24537
24538
24539
24552
24553
24554
24555
24563
24568
24569
24573
24574
24575
24576
24582
24583
24584
24585
24586
24587
24588
24589
24590
24591
24592
24593
24594
24595
24598
24599
24600
24601
24602
24603
24604
24605
24606
24607
24608
24609
24615
24616
24617
24618
24619
24620
24621
24622
24624
24625
24626
24627
24628
24629
24630
24631
24632
24637
24638
24640
24641
24642
24649
24656
24657
24659
24660
24661
24662
24663
24664
24665
24666
24667
24670
24671
24672
24673
24674
24675
24676
24678
24679
24680
24683
24684
24689
24690
24691
24692
24693
24694
24695
24696
24697
24698
24700
24701
24702
24703
24704
24710
24711
24715
24716
24717
24718
24719
24720
24726
24735
24736
24737
24738
24739
24750
24751
24752
24753
24754
24755
24756
24757
24758
24759
24760
24782
24783
24784
24785
24786
24787
24788
24789
24790
24791
24795
24796
24797
24798
24799
24811
24812
24813
24816
24817
24818
24819
24820
24821
24822
24824
24825
24826
24832
24833
24834
24835
24836
24837
24845
24846
24847
24848
24849
24850
24851
24852
24853
24854
24855
24856
24857
24858
24859
24860
24861
24862
24863
24864
24865
24866
24867
24868
24869
24870
24871
24876
24877
24878
24879
24880
24881
24882
24883
24884
24885
24886
24888
24889
24890
24893
24902
24903
24904
24905
24906
24907
24908
24909
24915
24920
24927
24928
24929
24930
24931
24932
24934
24935
24936
24937
24938
24942
24943
24944
24945
24946
24947
24948
24949
24950
24956
24957
24958
24964
24965
24966
24967
24968
24969
24970
24971
24972
24973
24974
24975
24976
24977
24978
24979
24981
24982
24983
24984
24987
24988
24997
24998
24999
25000
25001
25002
25003
25004
25007
25016
25017
25018
25019
25020
25021
25022
25023
25024
25025
25026
25042
25043
25044
25045
25048
25056
25057
25058
25059
25060
25061
25062
25063
25064
25070
25071
25072
25073
25074
25075
25076
25077
25081
25082
25083
25087
25088
25090
25091
25092
25093
25105
25106
25107
25108
25112
25113
25116
25117
25118
25119
25120
25126
25128
25129
25131
25132
25133
25146
25147
25148
25149
25150
25151
25152
25154
25155
25156
25157
25165
25166
25168
25175
25176
25177
25178
25181
25182
25183
25184
25185
25188
25189
25193
25194
25195
25196
25202
25203
25204
25211
25212
25213
25214
25215
25216
25219
25220
25221
25222
25223
25224
25228
25229
25235
25236
25237
25238
25239
25240
25241
25246
25261
25262
25263
25264
25265
25266
25267
25268
25269
25270
25275
25276
25277
25278
25279
25290
25292
25305
25306
25307
25314
25315
25316
25320
25321
25326
25328
25329
25330
25331
25332
25333
25334
25335
25341
25342
25343
25344
25345
25346
25347
25348
25349
25350
25351
25357
25358
25359
25360
25361
25362
25363
25364
25365
25366
25367
25368
25369
25370
25371
25373
25374
25375
25376
25377
25378
25379
25380
25381
25382
25383
25387
25388
25389
25390
25396
25398
25402
25403
25404
25405
25411
25412
25413
25414
25418
25419
25420
25421
25430
25436
25438
25439
25440
25441
25442
25443
25452
25458
25460
25462
25465
25466
25467
25468
25469
25481
25482
25486
25487
25488
25489
25490
25493
25494
25495
25496
25497
25498
25502
25511
25512
25521
25522
25523
25524
25525
25528
25530
25533
25540
25541
25542
25543
25548
25549
25552
25553
25554
25559
25560
25561
25562
25563
25564
25576
25581
25582
25583
25584
25585
25589
25590
25599
25600
25605
25612
25613
25614
25615
25616
25617
25618
25619
25622
25623
25624
25625
25628
25629
25630
25632
25633
25634
25638
25639
25658
25659
25660
25661
25662
25663
25664
25665
25666
25667
25671
25672
25673
25674
25675
25676
25677
25678
25679
25680
25681
25682
25683
25684
25689
25690
25691
25694
25695
25696
25697
25698
25703
25704
25705
25706
25707
25708
25709
25710
25711
25712
25723
25724
25725
25731
25733
25735
25736
25737
25738
25739
25740
25741
25742
25743
25744
25756
25757
25758
25759
25760
25763
25764
25765
25766
25770
25771
25772
25773
25778
25779
25780
25781
25782
25783
25784
25785
25786
25794
25795
25800
25801
25802
25803
25804
25805
25807
25808
25809
25810
25811
25812
25813
25821
25822
25824
25825
25826
25834
25835
25836
25837
25838
25839
25842
25843
25844
25845
25851
25852
25853
25854
25855
25862
25863
25864
25865
25867
25870
25871
25873
25874
25875
25876
25877
25878
25879
25884
25885
25886
25893
25894
25895
25896
25897
25898
25900
25901
25902
25903
25904
25905
25913
25914
25915
25921
25922
25925
25926
25933
25934
25935
25936
25937
25938
25939
25940
25941
25942
25943
25944
25945
25946
25952
25953
25954
25955
25956
25957
25966
25967
25968
25969
25970
25971
25972
25973
25974
25976
25977
25983
25984
25985
25986
25987
25988
25991
25992
25994
25995
25996
25999
26000
26001
26002
26003
26004
26005
26006
26008
26013
26017
26018
26026
26027
26028
26029
26035
26036
26037
26038
26039
26040
26046
26060
26061
26062
26063
26064
26065
26070
26071
26081
26082
26083
26084
26099
26102
26103
26104
26105
26120
26121
26130
26131
26132
26133
26141
26143
26144
26146
26147
26148
26154
26155
26156
26157
26159
26160
26166
26167
26181
26186
26187
26198
26199
26202
26203
26205
26206
26207
26208
26209
26210
26211
26212
26213
26214
26215
26216
26218
26219
26220
26221
26222
26223
26224
26225
26226
26227
26228
26229
26230
26231
26232
26233
26241
26242
26243
26244
26245
26246
26247
26248
26249
26250
26251
26252
26253
26254
26255
26257
26268
26277
26284
26285
26286
26287
26288
26298
26299
26300
26301
26302
26303
26304
26306
26307
26308
26309
26310
26311
26322
26332
26348
26349
26350
26351
26352
26360
26361
26362
26363
26376
26381
26382
26383
26391
26394
26395
26396
26397
26398
26405
26406
26407
26411
26412
26413
26414
26415
26420
26421
26422
26423
26425
26426
26427
26428
26429
26430
26431
26436
26437
26438
26439
26440
26442
26456
26457
26458
26459
26460
26461
26463
26465
26466
26467
26468
26469
26470
26471
26472
26473
26474
26475
26476
26482
26483
26484
26485
26486
26487
26488
26489
26500
26503
26504
26506
26507
26508
26509
26510
26511
26512
26513
26514
26515
26516
26525
26526
26527
26536
26537
26538
26539
26550
26551
26554
26558
26567
26568
26570
26571
26572
26573
26574
26575
26576
26577
26578
26580
26581
26582
26583
26586
26587
26588
26589
26590
26591
26592
26594
26595
26596
26597
26598
26604
26605
26612
26620
26624
26625
26626
26627
26628
26629
26630
26632
26633
26634
26636
26645
26649
26650
26652
26653
26655
26656
26659
26660
26666
26667
26676
26677
26684
26685
26686
26699
26700
26709
26710
26711
26712
26713
26720
26721
26722
26723
26727
26728
26729
26733
26734
26737
26738
26752
26759
26765
26766
26767
26768
26769
26775
26776
26780
26781
26782
26785
26788
26789
26793
26800
26809
26810
26811
26812
26813
26820
26821
26828
26829
26830
26831
26832
26833
26844
26845
26846
26847
26848
26855
26856
26857
26858
26864
26865
26866
26867
26872
26883
26884
26886
26889
26893
26899
26911
26912
26921
26922
26923
26924
26925
26929
26932
26938
26949
26950
26951
26952
26962
26964
26977
26978
26979
26984
26985
26990
26991
26992
26993
26994
26995
26996
26997
26998
27003
27023
27024
27043
27044
27053
27054
27055
27062
27063
27064
27065
27066
27070
27071
27078
27079
27080
27081
27082
27084
27085
27092
27093
27094
27095
27096
27097
27102
27103
27112
27113
27114
27115
27116
27127
27133
27134
27135
27138
27139
27141
27142
27143
27144
27147
27148
27149
27155
27156
27157
27158
27159
27160
27169
27175
27176
27184
27188
27189
27190
27208
27209
27211
27212
27213
27214
27215
27216
27217
27218
27219
27221
27222
27223
27229
27230
27231
27236
27237
27251
27252
27257
27275
27276
27282
27285
27286
27287
27288
27289
27290
27301
27302
27307
27326
27327
27337
27338
27343
27346
27349
27353
27354
27355
27358
27359
27360
27367
27368
27372
27373
27374
27386
27389
27390
27394
27395
27397
27419
27436
27437
27438
27439
27447
27462
27463
27468
27478
27479
27480
27481
27482
27494
27504
27505
27506
27507
27523
27546
27547
27561
27577
27578
27579
27590
27597
27605
27613
27614
27615
27623
27627
27635
27636
27671
27675
27676
27680
27681
27682
27693
27710
27711
27716
27728
27729
27730
27731
27770
27781
27782
27812
27912
28011
28012
28013
28014
28015
28016
28017
28018
28019
28020
28021
28022
28023
28024
28025
28026
28027
28028
28029
28030
28031
28032
28033
28034
28035
28036
28037
28038
28039
28040
28041
28042
28043
28044
28045
28046
28047
28048
28049
28050
28051
28052
28053
28054
28055
28056
28057
28058
28059
28060
28061
28062
28063
28064
28065
28066
28067
28069
28070
28081
28082
28086
28087
28088
28089
28090
28091
28092
28093
28123
28124
28125
28126
28131
28132
28133
28134
28135
28136
28137
28138
28199
28201
28202
28203
28204
28205
28206
28207
28208
28209
28210
28211
28212
28213
28214
28215
28216
28217
28218
28219
28220
28221
28222
28223
28224
28225
28226
28227
28228
28229
28230
28231
28232
28233
28234
28235
28236
28237
28238
28239
28240
28241
28242
28243
28244
28245
28246
28247
28248
28249
28250
28251
28252
28253
28254
28255
28256
28257
28258
28259
28260
28261
28262
28263
28264
28265
28266
28267
28268
28269
28270
28271
28272
28273
28276
28277
28278
28279
28280
28281
28282
28283
28284
28285
28286
28287
28288
28289
28290
28291
28292
28293
28294
28295
28296
28297
28298
28299
28301
28302
28305
28306
28307
28308
28309
28310
28311
28316
28323
28324
28325
28326
28327
28328
28329
28330
28331
28332
28333
28334
28335
28336
28337
28338
28339
28340
28341
28342
28343
28344
28345
28346
28347
28348
28349
28350
28351
28352
28353
28354
28355
28356
28357
28358
28359
28360
28361
28362
28364
28365
28367
28368
28369
28370
28371
28372
28373
28374
28375
28376
28377
28378
28381
28382
28385
28386
28387
28388
28389
28390
28391
28395
28396
28397
28398
28399
28400
28401
28402
28403
28404
28405
28406
28407
28412
28413
28414
28423
28424
28427
28428
28429
28430
28431
28432
28433
28434
28435
28436
28437
28438
28439
28440
28441
28442
28443
28444
28445
28446
28447
28448
28449
28450
28451
28461
28462
28463
28464
28465
28466
28479
28480
28481
28482
28483
28484
28491
28492
28493
28494
28495
28496
28497
28498
28504
28505
28506
28507
28508
28509
28512
28513
28514
28519
28520
28521
28522
28523
28524
28525
28526
28527
28528
28529
28530
28531
28532
28533
28534
28535
28536
28537
28538
28544
28545
28550
28551
28552
28553
28554
28555
28556
28557
28558
28559
28560
28561
28562
28563
28564
28568
28569
28570
28571
28572
28573
28574
28575
28576
28577
28578
28579
28580
28599
28600
28601
28602
28603
28604
28605
28606
28607
28608
28609
28610
28611
28612
28613
28614
28615
28616
28619
28620
28621
28622
28634
28635
28636
28637
28642
28643
28644
28645
28646
28653
28654
28655
28656
28661
28662
28663
28664
28665
28666
28667
28668
28669
28690
28692
28693
28694
28695
28700
28701
28702
28703
28705
28706
28716
28717
28718
28727
28728
28729
28730
28740
28741
28742
28743
28744
28745
28746
28747
28748
28749
28750
28755
28758
28759
28760
28761
28764
28765
28768
28769
28770
28771
28774
28775
28780
28795
28801
28809
28810
28811
28812
28813
28815
28817
28818
28819
28820
28823
28824
28825
28826
28839
28849
28893
28894
28895
28896
28897
28898
28899
28900
28905
28906
28907
28908
28909
28910
28926
28946
28947
28948
28949
28950
28951
28952
28953
28960
28961
28962
28963
28964
28965
28966
28967
28968
28969
28970
28971
28972
28973
28974
28975
28976
28977
28990
28991
28992
28993
28998
28999
29000
29001
29002
29003
29004
29005
29006
29007
29008
29009
29010
29011
29012
29013
29014
29015
29016
29017
29022
29023
29024
29025
29026
29027
29028
29029
29030
29031
29032
29033
29034
29035
29036
29037
29046
29047
29048
29049
29050
29051
29052
29053
29054
29055
29056
29057
29058
29059
29060
29061
29062
29063
29064
29065
29066
29067
29068
29069
29070
29075
29076
29077
29078
29079
29080
29081
29082
29083
29084
29085
29086
29087
29088
29089
29090
29091
29092
29093
29094
29095
29096
29097
29098
29099
29100
29101
29102
29103
29104
29105
29106
29107
29108
29109
29110
29111
29112
29113
29114
29115
29116
29117
29118
29125
29126
29127
29128
29129
29130
29131
29132
29133
29134
29135
29136
29137
29138
29139
29140
29141
29142
29143
29144
29145
29146
29147
29148
29149
29150
29151
29152
29153
29154
29155
29156
29157
29158
29159
29160
29161
29162
29163
29164
29165
29166
29167
29168
29169
29170
29171
29172
29173
29174
29175
29176
29177
29178
29179
29180
29181
29182
29183
29184
29185
29194
29195
29196
29197
29198
29199
29200
29201
29202
29203
29204
29205
29206
29207
29208
29209
29210
29211
29212
29213
29214
29215
29216
29217
29218
29219
29220
29221
29222
29223
29224
29225
29227
29228
29229
29230
29231
29232
29233
29234
29235
29236
29237
29242
29252
29253
29258
29263
29264
29265
29266
29267
29268
29269
29270
29275
29276
29277
29278
29279
29280
29281
29282
29283
29284
29285
29286
29287
29288
29289
29290
29291
29292
29293
29294
29295
29296
29297
29298
29299
29300
29301
29302
29303
29304
29305
29306
29307
29308
29311
29312
29313
29314
29315
29316
29322
29323
29324
29325
29326
29327
29328
29329
29330
29336
29337
29338
29339
29340
29341
29342
29343
29349
29350
29351
29352
29412
29414
29415
29416
29417
29418
29419
29420
29421
29422
29423
29424
29425
29426
29427
29428
29429
29430
29431
29432
29433
29434
29435
29436
29437
29438
29439
29440
29441
29442
29443
29444
29445
29446
29447
29448
29449
29450
29451
29452
29453
29454
29455
29456
29457
29458
29459
29460
29461
29462
29463
29464
29465
29466
29467
29468
29469
29470
29471
29472
29473
29474
29475
29476
29477
29478
29479
29480
29481
29482
29483
29484
29485
29486
29487
29488
29489
29490
29491
29492
29493
29494
29495
29496
29497
29498
29499
29500
29501
29502
29503
29504
29505
29506
29507
29508
29509
29510
29511
29512
29513
29514
29515
29516
29517
29518
29519
29520
29521
29522
29523
29524
29525
29526
29527
29528
29529
29530
29531
29532
29533
29534
29535
29536
29537
29538
29539
29540
29541
29542
29543
29544
29545
29546
29547
29548
29549
29550
29551
29552
29553
29554
29555
29556
29557
29558
29559
29560
29561
29562
29563
29564
29565
29566
29567
29568
29569
29570
29571
29572
29573
29574
29575
29691
29693
29694
29695
29696
29697
29698
29699
29700
29701
29702
29703
29704
29705
29706
29707
29708
29709
29710
29711
29712
29713
29714
29715
29716
29717
29718
29719
29720
29721
29722
29723
29724
29725
29726
29727
29728
29729
29730
29731
29732
29733
29734
29735
29736
29737
29738
29739
29740
29741
29742
29743
29744
29745
29746
29747
29748
29749
29750
29751
29752
29753
29754
29755
29756
29757
29758
29759
29760
29761
29762
29763
29764
29765
29766
29767
29768
29769
29770
29771
29772
29773
29774
29775
29776
29777
29778
29779
29780
29781
29782
29783
29784
29785
29786
29787
29788
29789
29790
29791
29792
29793
29794
29795
29796
29797
29798
29799
29800
29801
29802
29803
29804
29805
29806
29807
29808
29809
29810
29811
29812
29813
29814
29815
29816
29817
29818
29819
29820
29821
29822
29823
29824
29825
29826
29827
29828
29829
29830
29831
29832
29833
29834
29835
29836
29837
29838
29839
29840
29841
29842
29843
29844
29845
29846
29847
29848
29849
29850
29851
29852
29853
29854
29855
29856
29857
29858
29859
29860
29861
29974
29976
29977
29978
29979
29980
29981
29982
29983
29984
29985
29986
29987
29988
29989
29990
29991
29992
29993
29994
29995
29996
29997
29998
29999
30000
30001
30002
30003
30004
30005
30006
30007
30008
30009
30010
30011
30012
30013
30014
30015
30016
30017
30018
30019
30020
30021
30022
30023
30024
30025
30026
30027
30028
30029
30030
30031
30032
30033
30034
30035
30036
30037
30038
30039
30040
30041
30042
30043
30044
30045
30046
30047
30048
30049
30050
30051
30052
30053
30054
30055
30056
30057
30058
30059
30060
30061
30062
30063
30064
30065
30066
30067
30068
30069
30070
30071
30072
30073
30074
30075
30076
30077
30078
30079
30080
30081
30082
30083
30084
30085
30086
30087
30088
30089
30090
30091
30092
30093
30094
30095
30096
30097
30098
30099
30100
30101
30102
30103
30104
30105
30106
30107
30108
30109
30110
30111
30112
30113
30114
30115
30116
30117
30118
30119
30171
30172
30173
30174
30235
30237
30238
30239
30240
30241
30242
30243
30244
30245
30246
30247
30248
30249
30250
30251
30252
30253
30254
30255
30256
30257
30258
30259
30260
30261
30262
30263
30264
30265
30266
30267
30268
30269
30270
30271
30272
30273
30274
30275
30276
30277
30278
30279
30280
30281
30282
30283
30284
30285
30286
30287
30288
30289
30290
30291
30292
30293
30294
30295
30296
30297
30298
30299
30300
30301
30302
30303
30304
30305
30306
30307
30308
30309
30310
30311
30312
30313
30314
30315
30316
30317
30318
30319
30320
30321
30322
30323
30324
30325
30326
30327
30328
30329
30330
30331
30332
30333
30334
30335
30336
30337
30338
30339
30340
30341
30342
30343
30344
30345
30346
30347
30348
30349
30350
30351
30352
30353
30354
30355
30356
30357
30358
30359
30360
30361
30362
30363
30364
30365
30366
30367
30368
30369
30370
30371
30372
30373
30374
30375
30376
30377
30378
30379
30380
30381
30382
30383
30384
30385
30386
30387
30388
30389
30390
30391
30446
30447
30448
30449
30450
30509
30511
30512
30513
30514
30515
30516
30517
30518
30519
30520
30521
30522
30523
30524
30525
30526
30527
30528
30529
30530
30531
30532
30533
30534
30535
30536
30537
30538
30539
30540
30541
30542
30543
30544
30545
30546
30547
30548
30549
30550
30551
30552
30553
30554
30555
30556
30557
30558
30559
30560
30561
30562
30563
30564
30565
30566
30567
30568
30569
30570
30571
30572
30573
30574
30575
30576
30577
30578
30579
30580
30581
30582
30583
30584
30585
30586
30587
30588
30589
30590
30591
30592
30593
30594
30595
30596
30597
30598
30599
30600
30601
30602
30603
30604
30605
30606
30607
30608
30609
30610
30611
30612
30613
30614
30615
30616
30617
30618
30619
30620
30621
30622
30623
30624
30625
30626
30627
30628
30629
30630
30631
30632
30633
30634
30635
30636
30637
30638
30639
30640
30641
30642
30643
30644
30645
30646
30647
30648
30649
30650
30701
30747
30749
30750
30751
30752
30753
30754
30755
30756
30757
30758
30759
30760
30761
30762
30763
30764
30765
30766
30767
30768
30769
30770
30771
30772
30773
30774
30775
30776
30777
30778
30779
30780
30781
30782
30783
30784
30785
30786
30787
30788
30789
30790
30791
30792
30793
30794
30795
30796
30797
30798
30799
30800
30801
30802
30803
30804
30805
30806
30807
30808
30809
30810
30811
30812
30813
30814
30815
30816
30817
30818
30819
30820
30821
30822
30823
30824
30825
30826
30827
30828
30829
30830
30831
30832
30833
30834
30835
30836
30837
30838
30839
30840
30841
30842
30843
30844
30845
30846
30847
30848
30849
30850
30851
30852
30853
30854
30855
30856
30857
30858
30859
30860
30861
30862
30863
30864
30865
30866
30867
30868
30869
30870
30871
30872
30873
30874
30875
30876
30877
30878
30879
30880
30881
30882
30883
30884
30885
30886
30887
30888
30889
30940
30941
30942
30943
30944
30945
30992
30994
30995
30996
30997
30998
30999
31000
31001
31002
31003
31004
31005
31006
31007
31008
31009
31010
31011
31012
31013
31014
31015
31016
31017
31018
31019
31020
31021
31022
31023
31024
31025
31026
31027
31028
31029
31030
31031
31032
31033
31034
31035
31036
31037
31038
31039
31040
31041
31042
31043
31044
31045
31046
31047
31048
31049
31050
31051
31052
31053
31054
31055
31056
31057
31058
31059
31060
31061
31062
31063
31064
31065
31066
31067
31068
31069
31070
31071
31072
31073
31074
31075
31076
31077
31078
31079
31080
31081
31082
31083
31084
31085
31086
31087
31088
31089
31090
31091
31092
31093
31094
31095
31096
31097
31098
31099
31100
31101
31102
31103
31104
31105
31106
31107
31108
31109
31110
31111
31112
31113
31114
31115
31116
31117
31118
31119
31120
31121
31122
31123
31184
31185
31186
31187
31188
31189
31190
31237
31239
31240
31241
31242
31243
31244
31245
31246
31247
31248
31249
31250
31251
31252
31253
31254
31255
31256
31257
31258
31259
31260
31261
31262
31263
31264
31265
31266
31267
31268
31269
31270
31271
31272
31273
31274
31275
31276
31277
31278
31279
31280
31281
31282
31283
31284
31285
31286
31287
31288
31289
31290
31291
31292
31293
31294
31295
31296
31297
31298
31299
31300
31301
31302
31303
31304
31305
31306
31307
31308
31309
31310
31311
31312
31313
31314
31315
31316
31317
31318
31319
31320
31321
31322
31323
31324
31325
31326
31327
31328
31329
31330
31331
31332
31333
31334
31335
31336
31337
31338
31339
31340
31341
31342
31343
31344
31345
31346
31347
31348
31349
31350
31351
31352
31353
31354
31355
31356
31357
31358
31359
31417
31418
31419
31420
31421
31422
31423
31424
31425
31426
31427
31428
31429
31430
31431
31432
31433
31434
31435
31436
31437
31491
31492
31493
31494
31495
31496
31497
31498
31499
31500
31501
31502
31503
31504
31505
31506
31507
31508
31509
31510
31511
31512
31513
31514
31515
31516
31517
31518
31519
31520
31521
31522
31523
31524
31525
31526
31527
31528
31529
31530
31531
31532
31533
31534
31535
31536
31537
31538
31539
31540
31541
31542
31543
31544
31545
31546
31547
31548
31549
31550
31551
31552
31553
31554
31555
31556
31557
31558
31559
31560
31561
31562
31563
31564
31565
31566
31567
31568
31569
31570
31571
31572
31573
31574
31575
31576
31577
31578
31579
31580
31581
31582
31583
31584
31585
31586
31587
31588
31589
31590
31591
31592
31593
31594
31595
31596
31597
31598
31599
31600
31601
31602
31603
31604
31605
31606
31607
31608
31609
31610
31611
31612
31613
31670
31671
31672
31673
31674
31675
31676
31677
31678
31679
31680
31681
31682
31683
31684
31685
31686
31687
31734
31735
31736
31737
31738
31739
31740
31741
31742
31743
31744
31745
31746
31747
31748
31749
31750
31751
31752
31753
31754
31755
31756
31757
31758
31759
31760
31761
31762
31763
31764
31765
31766
31767
31768
31769
31770
31771
31772
31773
31774
31775
31776
31777
31778
31779
31780
31781
31782
31783
31784
31785
31786
31787
31788
31789
31790
31791
31792
31793
31794
31795
31796
31797
31798
31799
31800
31801
31802
31803
31804
31805
31806
31807
31808
31809
31810
31811
31812
31813
31814
31815
31816
31817
31818
31819
31820
31821
31822
31823
31824
31825
31826
31827
31828
31829
31830
31831
31832
31833
31834
31835
31836
31837
31838
31839
31840
31841
31842
31843
31844
31845
31846
31847
31848
31849
31881
31882
31883
31884
31885
31886
31887
31888
31889
31890
31940
31942
31943
31944
31945
31946
31947
31948
31949
31950
31951
31952
31953
31954
31955
31956
31957
31958
31959
31960
31961
31962
31963
31964
31965
31966
31967
31968
31969
31970
31971
31972
31973
31974
31975
31976
31977
31978
31979
31980
31981
31982
31983
31984
31985
31986
31987
31988
31989
31990
31991
31992
31993
31994
31995
31996
31997
31998
31999
32000
32001
32002
32003
32004
32005
32006
32007
32008
32009
32010
32011
32012
32013
32014
32015
32016
32017
32018
32019
32020
32021
32022
32023
32024
32025
32026
32027
32028
32029
32030
32031
32032
32033
32034
32035
32036
32037
32038
32039
32040
32041
32042
32043
32044
32045
32046
32047
32048
32049
32050
32051
32091
32092
32093
32094
32095
32096
32097
32098
32099
32100
32101
32102
32103
32104
32105
32147
32149
32150
32151
32152
32153
32154
32155
32156
32157
32158
32159
32160
32161
32162
32163
32164
32165
32166
32167
32168
32169
32170
32171
32172
32173
32174
32175
32176
32177
32178
32179
32180
32181
32182
32183
32184
32185
32186
32187
32188
32189
32190
32191
32192
32193
32194
32195
32196
32197
32198
32199
32200
32201
32202
32203
32204
32205
32206
32207
32208
32209
32210
32211
32212
32213
32214
32215
32216
32217
32218
32219
32220
32221
32222
32223
32224
32225
32226
32227
32228
32229
32230
32231
32232
32233
32234
32235
32236
32237
32238
32239
32240
32241
32242
32243
32244
32245
32246
32247
32248
32249
32250
32251
32252
32253
32254
32255
32257
32258
32309
32310
32311
32312
32313
32314
32315
32316
32317
32318
32319
32320
32321
32322
32323
32324
32325
32326
32327
32367
32368
32369
32370
32371
32372
32373
32374
32375
32376
32377
32378
32379
32380
32381
32382
32383
32384
32385
32386
32387
32388
32389
32390
32391
32392
32393
32394
32395
32396
32397
32398
32399
32400
32401
32402
32403
32404
32405
32406
32407
32408
32409
32410
32411
32412
32413
32414
32415
32416
32417
32418
32419
32420
32421
32422
32423
32424
32425
32426
32427
32428
32429
32430
32431
32432
32433
32434
32435
32436
32437
32438
32439
32440
32441
32442
32443
32444
32445
32446
32447
32448
32449
32450
32451
32452
32453
32454
32455
32456
32457
32458
32459
32461
32492
32493
32494
32495
32496
32497
32498
32499
32500
32501
32502
32503
32504
32505
32506
32507
32508
32509
32510
32511
32512
32513
32514
32515
32516
32517
32518
32519
32578
32579
32580
32581
32582
32583
32584
32585
32586
32587
32588
32589
32590
32591
32592
32593
32594
32595
32596
32597
32598
32599
32600
32601
32602
32603
32604
32605
32606
32607
32608
32609
32610
32611
32612
32613
32614
32615
32616
32617
32618
32619
32620
32621
32622
32623
32624
32625
32626
32627
32628
32629
32630
32631
32632
32633
32634
32635
32636
32637
32638
32639
32640
32641
32642
32643
32644
32645
32646
32647
32648
32649
32650
32651
32652
32653
32654
32655
32656
32657
32658
32659
32660
32661
32662
32663
32664
32665
32666
32667
32668
32669
32670
32671
32672
32673
32674
32675
32676
32677
32678
32679
32680
32681
32682
32683
32684
32685
32732
32733
32734
32735
32736
32737
32738
32739
32740
32741
32742
32743
32744
32745
32746
32747
32748
32749
32750
32751
32752
32753
32754
32755
32756
32757
32758
32759
32760
32761
32762
32801
32802
32803
32804
32805
32806
32807
32808
32809
32810
32811
32812
32813
32814
32815
32816
32817
32818
32819
32820
32821
32822
32823
32824
32825
32826
32827
32828
32829
32830
32831
32832
32833
32834
32835
32836
32837
32838
32839
32840
32841
32842
32843
32844
32845
32846
32847
32848
32849
32850
32851
32852
32853
32854
32855
32856
32857
32858
32859
32860
32861
32862
32863
32864
32865
32866
32867
32868
32869
32870
32871
32872
32873
32874
32875
32876
32877
32878
32879
32880
32881
32882
32883
32884
32925
32928
32929
32930
32931
32932
32933
32934
32935
32936
32937
32938
32939
32940
32941
32942
32943
32944
32945
32946
32947
32948
32949
32950
32951
32952
32953
32954
32955
32956
32957
32958
32996
32997
32998
32999
33000
33001
33002
33003
33004
33005
33006
33007
33008
33009
33010
33011
33012
33013
33014
33015
33016
33017
33018
33019
33020
33021
33022
33023
33024
33025
33026
33027
33028
33029
33030
33031
33032
33033
33034
33035
33036
33037
33038
33039
33040
33041
33042
33043
33044
33045
33046
33047
33048
33049
33050
33051
33052
33053
33054
33055
33056
33057
33058
33059
33060
33061
33062
33063
33064
33065
33066
33067
33068
33069
33070
33071
33072
33073
33074
33075
33076
33077
33078
33079
33080
33081
33082
33083
33084
33085
33086
33087
33118
33119
33120
33121
33122
33123
33124
33125
33126
33127
33128
33129
33130
33131
33132
33133
33134
33135
33136
33137
33138
33163
33164
33165
33166
33167
33168
33169
33170
33171
33172
33173
33174
33175
33176
33177
33178
33179
33180
33181
33182
33183
33184
33185
33186
33187
33188
33189
33190
33191
33192
33193
33194
33195
33196
33197
33198
33199
33200
33201
33202
33203
33204
33205
33206
33207
33208
33209
33210
33211
33212
33213
33214
33215
33216
33217
33218
33219
33220
33221
33222
33223
33224
33225
33226
33227
33228
33229
33230
33231
33232
33233
33234
33235
33236
33237
33238
33268
33269
33270
33271
33272
33273
33274
33275
33276
33277
33278
33279
33293
33294
33295
33296
33297
33298
33299
33300
33301
33302
33303
33304
33305
33306
33307
33308
33309
33310
33311
33312
33313
33314
33315
33316
33317
33318
33319
33320
33321
33322
33323
33324
33325
33326
33327
33328
33329
33330
33331
33332
33333
33334
33335
33336
33337
33338
33339
33340
33341
33342
33343
33344
33345
33346
33367
33370
33371
33372
33373
)


// ************************************************************************* //
