/*--------------------------------*- C++ -*----------------------------------*\
| =========                 |                                                 |
| \\      /  F ield         | OpenFOAM: The Open Source CFD Toolbox           |
|  \\    /   O peration     | Version:  v2012                                 |
|   \\  /    A nd           | Website:  www.openfoam.com                      |
|    \\/     M anipulation  |                                                 |
\*---------------------------------------------------------------------------*/
FoamFile
{
    version     2.0;
    format      ascii;
    class       labelList;
    note        "nPoints:14462  nCells:11941  nFaces:43054  nInternalFaces:18781";
    location    "constant/polyMesh";
    object      neighbour;
}
// * * * * * * * * * * * * * * * * * * * * * * * * * * * * * * * * * * * * * //


18781
(
1
2
3
4
5
6
7
8
9
8
10
11
12
13
14
13
15
11
16
17
18
19
20
18
21
22
23
24
23
25
26
20
27
28
24
29
28
30
31
32
33
29
34
35
36
37
38
39
40
41
41
42
40
43
35
44
45
37
46
47
48
49
50
51
52
53
54
55
56
49
57
58
59
59
60
51
60
54
61
62
63
64
53
65
66
67
68
69
70
58
71
72
73
74
62
75
76
64
77
78
70
79
68
80
69
81
82
83
84
76
85
86
87
86
88
78
89
81
90
90
91
92
80
93
94
95
94
96
96
97
93
98
87
99
100
101
89
102
103
104
105
106
103
106
107
108
97
109
110
111
112
104
113
101
114
115
116
117
118
119
120
121
122
123
123
124
125
126
124
127
128
129
122
130
131
132
116
133
132
134
135
118
136
137
126
138
139
140
137
139
141
142
143
144
145
146
128
147
148
144
149
150
138
151
152
134
153
154
153
155
156
157
158
159
160
161
150
162
162
163
164
165
166
146
167
159
165
168
149
168
169
170
171
172
154
172
173
174
156
175
176
158
177
178
179
161
178
180
181
164
182
183
184
185
186
185
187
188
189
190
191
192
193
194
195
196
197
197
198
196
199
199
200
200
201
202
187
194
203
204
192
205
205
206
206
207
207
208
209
190
210
211
189
212
213
214
215
216
217
218
219
218
220
221
222
220
223
224
225
202
226
227
227
228
229
230
231
232
212
233
234
235
234
236
235
237
238
214
239
240
241
230
242
243
244
245
237
243
246
247
248
248
249
249
250
251
252
251
253
253
254
254
229
255
256
257
257
258
259
260
260
261
262
263
240
264
265
266
267
266
268
269
242
270
271
272
273
274
274
275
250
275
276
277
278
279
280
281
277
282
283
284
284
285
286
287
259
288
289
290
267
291
263
292
293
292
294
295
296
297
298
269
299
300
301
287
301
295
302
302
303
304
305
306
307
308
279
307
309
310
311
312
313
313
314
312
315
315
286
316
317
318
319
320
290
319
321
321
322
323
296
324
300
325
326
327
328
329
322
330
329
331
332
333
334
335
336
336
337
311
337
338
339
340
314
339
310
341
342
343
344
345
346
347
347
348
349
320
350
351
352
353
354
325
355
355
356
357
358
359
359
360
330
361
362
363
332
364
365
350
366
335
358
367
368
369
340
370
371
372
372
373
373
374
375
376
377
378
377
379
380
381
378
349
382
383
384
353
385
385
386
387
363
388
389
360
390
365
391
392
393
394
395
396
396
397
398
399
400
399
401
402
403
369
404
376
405
406
381
407
408
409
375
410
411
412
413
414
380
415
416
417
414
418
419
386
401
420
421
422
423
423
424
425
426
426
427
425
428
402
429
430
431
427
431
398
432
433
400
434
435
436
437
438
439
440
441
412
440
408
442
407
443
444
445
410
445
446
447
448
448
449
450
450
449
451
451
452
453
454
419
455
456
457
458
457
459
458
460
461
435
462
463
464
465
436
466
430
467
468
469
470
471
471
472
472
473
474
475
473
475
459
476
477
478
476
479
480
481
482
483
453
482
484
485
486
485
487
488
489
490
491
454
492
493
493
490
494
495
496
497
498
461
499
500
500
501
502
503
502
504
504
505
503
506
477
507
508
509
505
509
510
511
512
513
514
511
515
516
517
518
479
519
520
484
521
483
522
523
524
486
525
526
488
527
519
490
528
529
530
530
531
532
495
533
534
497
535
536
537
536
538
539
540
541
542
543
544
545
546
547
508
548
549
550
512
551
552
553
553
554
554
555
540
552
546
555
556
557
548
558
559
557
560
522
561
562
563
564
564
565
527
566
567
568
569
529
570
571
572
573
574
573
575
570
576
576
537
577
578
579
580
581
541
582
583
584
585
586
547
586
585
587
550
588
589
590
591
592
593
593
594
595
596
597
598
599
558
600
601
602
560
603
604
568
605
565
606
607
608
609
610
567
611
612
613
603
614
615
615
616
616
617
618
617
619
608
620
621
578
622
581
623
582
624
625
626
627
628
626
629
630
631
588
632
633
634
635
634
636
592
637
638
639
640
641
642
643
628
640
598
642
644
635
645
646
647
647
648
649
650
651
651
652
606
653
654
655
656
657
610
655
658
614
659
613
660
661
662
663
664
665
620
666
667
668
669
670
623
671
672
673
674
671
674
675
629
676
677
678
631
679
680
679
681
639
682
683
684
680
685
649
686
686
687
688
689
690
691
692
690
693
645
694
695
650
696
697
652
698
699
700
701
702
661
703
658
704
705
706
707
706
708
709
660
710
711
712
701
713
670
714
665
715
716
667
717
718
716
719
708
720
721
722
723
675
724
725
726
727
728
728
729
726
730
731
732
682
733
734
735
736
736
737
735
738
739
688
740
741
691
742
743
744
694
745
745
746
747
737
748
697
749
750
750
751
752
753
753
754
755
751
755
756
757
758
759
707
709
760
761
762
759
713
763
712
764
765
766
715
767
768
769
720
770
771
772
771
773
774
767
723
725
775
776
777
778
779
730
780
781
742
782
783
733
784
784
785
786
741
787
788
789
790
785
791
740
792
793
794
795
746
796
796
797
798
799
748
800
801
754
802
803
804
792
805
806
807
808
765
809
758
810
811
812
813
814
815
816
774
817
764
818
819
820
808
821
822
822
823
823
824
772
825
826
827
824
828
829
830
778
831
779
832
830
833
834
835
835
836
836
837
833
838
839
840
841
842
843
844
845
846
846
847
847
848
845
849
850
850
851
843
851
797
837
852
853
800
854
854
855
856
848
857
803
858
859
859
860
806
861
862
862
863
864
810
865
866
866
867
815
868
817
869
816
870
871
872
873
821
874
820
875
876
877
878
879
880
829
881
882
883
883
884
882
885
886
887
887
888
888
889
890
891
892
893
894
895
891
896
841
897
849
897
898
844
899
900
901
902
903
904
905
906
907
908
855
909
909
910
911
912
857
913
914
915
916
917
918
919
920
921
922
916
923
877
919
876
924
925
868
926
927
870
928
929
872
927
930
928
931
875
932
933
934
935
936
880
936
937
884
938
939
940
941
942
943
931
944
945
946
890
947
948
949
950
951
950
952
952
953
910
954
948
955
956
957
958
958
959
960
961
960
962
903
963
964
964
965
965
966
963
967
920
968
961
969
970
971
972
973
973
974
972
975
966
975
917
976
977
978
978
979
980
981
922
982
983
983
984
985
986
986
987
987
988
989
990
930
991
992
993
935
994
995
996
985
995
997
998
943
999
944
1000
942
1001
1002
1003
1002
1004
1005
1006
1007
1008
1008
1009
1009
1010
1011
1012
1013
1014
1012
1015
1016
954
1017
1018
1013
1019
957
1020
1021
1022
962
1023
1024
1025
1026
1027
1028
1029
1030
1020
1031
969
1032
1033
974
1034
1035
1036
1037
1038
1039
1040
1041
1042
984
1043
1041
980
1044
1045
982
1046
1047
1048
1049
1050
1051
1052
989
1053
1054
993
1055
1055
1056
1057
1058
1059
996
1060
1061
1062
1045
1060
999
1063
1004
1064
1003
1065
1066
1067
1068
1069
1070
1063
1069
1059
1071
1072
1073
1011
1074
1075
1076
1077
1078
1079
1080
1081
1017
1078
1082
1036
1083
1075
1084
1085
1022
1086
1087
1088
1089
1026
1090
1091
1092
1093
1094
1095
1029
1095
1096
1097
1098
1099
1100
1046
1101
1092
1101
1035
1102
1103
1104
1038
1105
1106
1106
1107
1097
1108
1109
1043
1110
1111
1112
1113
1114
1115
1048
1116
1117
1118
1119
1120
1121
1121
1122
1122
1123
1124
1125
1058
1124
1126
1057
1127
1128
1129
1130
1131
1062
1132
1133
1071
1134
1070
1135
1067
1136
1137
1138
1139
1140
1141
1073
1142
1142
1143
1144
1145
1146
1145
1147
1148
1080
1149
1150
1146
1151
1152
1153
1152
1154
1147
1155
1100
1156
1156
1157
1089
1157
1093
1158
1159
1091
1160
1161
1162
1163
1099
1164
1165
1098
1166
1167
1168
1169
1170
1171
1172
1173
1174
1175
1154
1175
1108
1176
1177
1173
1178
1179
1112
1180
1180
1181
1119
1181
1182
1114
1183
1184
1116
1185
1186
1187
1188
1187
1189
1190
1132
1191
1192
1193
1125
1194
1195
1196
1127
1197
1198
1129
1199
1200
1197
1201
1184
1202
1203
1202
1204
1138
1205
1137
1206
1139
1207
1208
1209
1210
1211
1201
1212
1213
1144
1214
1215
1216
1217
1218
1219
1220
1220
1221
1151
1222
1223
1224
1219
1225
1226
1215
1227
1228
1229
1230
1231
1231
1232
1163
1233
1162
1234
1235
1230
1236
1237
1166
1236
1238
1179
1239
1239
1240
1237
1241
1228
1242
1235
1243
1174
1244
1245
1246
1247
1177
1248
1178
1249
1250
1251
1252
1183
1253
1254
1255
1243
1256
1188
1257
1258
1259
1190
1260
1261
1262
1263
1262
1264
1194
1264
1265
1200
1266
1266
1267
1268
1199
1269
1270
1271
1272
1273
1274
1275
1274
1276
1212
1277
1211
1278
1208
1279
1280
1281
1282
1282
1283
1284
1285
1285
1286
1287
1288
1289
1289
1290
1288
1291
1292
1293
1222
1294
1295
1295
1296
1225
1297
1298
1299
1300
1291
1301
1302
1232
1303
1304
1305
1306
1234
1307
1308
1309
1310
1311
1240
1312
1313
1314
1242
1315
1316
1317
1318
1319
1319
1320
1247
1321
1299
1322
1323
1320
1324
1322
1325
1253
1326
1326
1327
1328
1255
1329
1330
1257
1331
1332
1333
1334
1332
1333
1335
1336
1327
1337
1338
1275
1339
1340
1267
1341
1342
1343
1344
1345
1345
1346
1347
1348
1349
1350
1284
1344
1276
1351
1352
1353
1354
1281
1355
1280
1356
1283
1357
1358
1359
1360
1361
1362
1363
1287
1364
1365
1366
1367
1368
1369
1370
1293
1371
1372
1373
1374
1375
1368
1376
1377
1378
1371
1379
1380
1377
1381
1365
1382
1303
1383
1384
1307
1385
1386
1387
1386
1388
1389
1389
1390
1391
1392
1312
1393
1393
1394
1395
1396
1397
1397
1398
1399
1400
1383
1401
1331
1391
1321
1402
1403
1404
1405
1406
1324
1407
1408
1396
1409
1410
1411
1412
1413
1413
1414
1351
1415
1416
1417
1418
1335
1419
1420
1337
1421
1422
1423
1424
1423
1425
1424
1426
1426
1427
1343
1349
1428
1429
1430
1348
1431
1350
1432
1433
1434
1435
1436
1353
1437
1438
1436
1439
1440
1441
1442
1358
1443
1442
1444
1445
1444
1446
1446
1447
1440
1448
1364
1449
1450
1451
1452
1452
1453
1454
1454
1455
1451
1456
1457
1374
1458
1375
1459
1460
1461
1461
1462
1463
1379
1464
1465
1466
1467
1466
1468
1456
1469
1470
1388
1471
1472
1473
1474
1472
1475
1476
1477
1392
1478
1479
1480
1481
1400
1482
1398
1483
1484
1485
1486
1401
1487
1488
1489
1490
1491
1492
1493
1494
1495
1491
1496
1407
1409
1497
1494
1498
1499
1412
1500
1500
1501
1502
1503
1415
1504
1505
1506
1507
1506
1508
1419
1508
1509
1421
1510
1511
1501
1512
1513
1514
1438
1515
1516
1428
1517
1518
1448
1519
1519
1520
1520
1521
1433
1522
1523
1435
1524
1525
1526
1439
1527
1528
1529
1530
1445
1531
1532
1447
1533
1534
1535
1536
1537
1538
1450
1539
1540
1541
1455
1542
1543
1544
1545
1465
1546
1546
1547
1548
1549
1550
1551
1552
1553
1554
1464
1555
1556
1557
1558
1496
1559
1560
1561
1539
1562
1471
1563
1564
1565
1477
1566
1567
1568
1567
1569
1568
1570
1478
1571
1507
1572
1572
1573
1482
1483
1574
1575
1576
1577
1486
1576
1578
1579
1580
1581
1582
1563
1583
1492
1584
1585
1586
1495
1587
1588
1589
1590
1591
1592
1592
1593
1577
1594
1595
1596
1503
1597
1598
1598
1599
1526
1600
1601
1602
1603
1510
1604
1605
1512
1606
1607
1608
1609
1516
1609
1608
1610
1611
1612
1613
1524
1614
1615
1616
1523
1617
1525
1618
1619
1620
1621
1622
1528
1623
1624
1622
1625
1531
1626
1627
1533
1628
1535
1629
1630
1629
1631
1628
1632
1633
1634
1635
1636
1637
1636
1638
1639
1640
1553
1641
1640
1641
1637
1642
1643
1550
1644
1552
1645
1551
1646
1647
1648
1649
1650
1649
1651
1560
1652
1653
1654
1654
1655
1561
1656
1656
1657
1658
1659
1660
1661
1662
1570
1662
1569
1663
1663
1664
1665
1666
1667
1668
1573
1669
1670
1671
1672
1673
1673
1674
1675
1676
1674
1677
1582
1678
1583
1679
1672
1680
1681
1682
1683
1684
1590
1684
1685
1686
1686
1687
1593
1688
1688
1689
1690
1691
1692
1693
1694
1692
1695
1597
1696
1696
1697
1698
1699
1700
1701
1700
1702
1603
1703
1670
1704
1705
1706
1707
1606
1707
1708
1697
1709
1710
1711
1712
1713
1613
1714
1614
1715
1716
1717
1616
1718
1719
1719
1720
1619
1721
1722
1717
1723
1723
1724
1702
1725
1726
1712
1727
1726
1728
1634
1729
1730
1731
1732
1733
1730
1734
1632
1735
1736
1718
1737
1738
1660
1739
1740
1639
1741
1742
1743
1744
1661
1745
1746
1747
1746
1748
1749
1750
1750
1751
1648
1752
1753
1754
1755
1756
1756
1757
1653
1758
1759
1760
1747
1761
1762
1690
1763
1764
1765
1765
1766
1767
1768
1769
1770
1771
1772
1667
1773
1773
1774
1775
1774
1776
1771
1777
1778
1777
1779
1780
1781
1782
1783
1784
1695
1783
1784
1785
1786
1787
1787
1788
1681
1789
1790
1769
1791
1685
1792
1793
1794
1795
1689
1796
1797
1798
1799
1800
1801
1802
1800
1803
1803
1804
1805
1806
1807
1699
1808
1809
1810
1809
1811
1812
1704
1813
1814
1706
1815
1816
1817
1818
1819
1818
1820
1713
1821
1714
1821
1822
1823
1824
1716
1825
1826
1827
1828
1829
1722
1830
1724
1831
1832
1833
1834
1727
1835
1836
1837
1838
1839
1840
1841
1842
1840
1843
1844
1734
1845
1846
1845
1847
1844
1848
1849
1850
1841
1850
1741
1851
1851
1852
1853
1743
1854
1855
1855
1856
1852
1857
1858
1859
1752
1860
1861
1862
1863
1753
1864
1865
1866
1862
1867
1856
1868
1869
1867
1870
1764
1871
1760
1872
1873
1873
1874
1766
1875
1875
1876
1877
1878
1879
1880
1857
1880
1881
1882
1883
1884
1882
1885
1886
1887
1883
1888
1881
1889
1890
1779
1891
1892
1893
1894
1782
1895
1785
1896
1897
1898
1790
1899
1900
1791
1901
1893
1902
1903
1904
1905
1906
1799
1907
1795
1908
1909
1909
1910
1804
1911
1911
1912
1913
1914
1915
1916
1805
1916
1917
1918
1919
1808
1920
1920
1921
1922
1923
1924
1925
1924
1926
1838
1925
1815
1927
1927
1928
1929
1930
1931
1819
1931
1932
1933
1934
1935
1936
1823
1937
1938
1939
1940
1827
1941
1939
1942
1943
1829
1944
1945
1946
1947
1832
1948
1946
1943
1949
1949
1950
1951
1952
1839
1951
1952
1953
1954
1955
1956
1957
1843
1958
1959
1960
1961
1958
1962
1848
1963
1964
1944
1965
1966
1967
1968
1969
1970
1969
1971
1972
1973
1974
1975
1976
1874
1975
1976
1977
1863
1978
1979
1980
1980
1981
1866
1982
1983
1984
1985
1986
1986
1987
1987
1988
1872
1989
1990
1991
1992
1993
1994
1995
1996
1997
1879
1998
1999
2000
2001
2002
2003
2004
2005
2005
2006
2007
2008
2008
2009
2007
2010
2009
2011
2004
2012
1928
2013
2012
2013
2014
1895
2015
2016
2017
2018
2019
2020
2019
2021
2022
2023
2023
2024
2025
2026
1903
2027
2028
2025
2029
1908
2030
1907
2031
2032
2033
2034
1912
2035
2036
2037
1995
2032
2038
2039
2038
2040
2041
2039
2042
2042
2043
2018
2044
2045
1934
2046
1923
2047
2048
2049
2050
2048
2051
2052
2053
1930
2054
2055
2056
1933
2057
2058
2059
2057
2060
1938
1940
1953
2061
2062
2063
2064
2065
2066
2065
2067
2068
2069
1947
2070
2071
2072
1950
2073
2074
2075
2076
2077
2078
1955
2079
2080
2081
2082
2083
2084
2085
2082
2086
2087
1963
2088
2088
2089
2090
2087
2091
2092
2093
2092
2094
1970
2095
2096
2097
2098
2099
1972
2100
2101
2101
2102
2096
2103
2104
2105
1982
2106
2107
2108
1984
2107
2109
1983
2110
2111
2112
2113
2102
2114
2115
2116
2117
2118
1996
2119
1991
2120
2121
2122
2123
1994
2124
2125
2126
2127
1998
2128
2129
2124
2130
2103
2029
2131
2132
2133
2010
2132
2134
2135
2133
2136
2137
2138
2139
2140
2131
2141
2142
2143
2015
2144
2145
2145
2146
2020
2147
2148
2149
2150
2146
2151
2028
2152
2153
2026
2154
2155
2156
2157
2158
2159
2160
2161
2162
2161
2163
2163
2034
2164
2165
2165
2166
2043
2167
2167
2168
2169
2170
2171
2172
2044
2172
2173
2174
2175
2047
2176
2176
2177
2178
2179
2180
2181
2079
2180
2182
2183
2054
2184
2184
2185
2186
2187
2188
2188
2189
2190
2189
2191
2177
2192
2193
2194
2195
2196
2195
2197
2067
2198
2197
2198
2199
2068
2200
2201
2202
2070
2203
2204
2073
2205
2205
2206
2207
2202
2208
2208
2209
2080
2210
2211
2212
2213
2214
2215
2216
2084
2217
2218
2094
2219
2220
2221
2222
2221
2223
2224
2225
2222
2226
2225
2227
2227
2228
2229
2203
2230
2231
2097
2232
2233
2234
2100
2235
2236
2237
2238
2239
2240
2241
2105
2123
2242
2242
2243
2244
2109
2245
2246
2246
2247
2112
2248
2249
2118
2250
2251
2252
2251
2253
2253
2254
2254
2255
2256
2120
2257
2258
2122
2258
2259
2260
2261
2126
2262
2263
2128
2264
2265
2265
2266
2266
2267
2268
2269
2270
2271
2272
2272
2273
2273
2274
2140
2275
2139
2275
2276
2277
2276
2278
2271
2279
2185
2279
2157
2280
2281
2282
2283
2284
2175
2284
2151
2285
2285
2286
2287
2153
2288
2289
2290
2291
2292
2293
2292
2294
2295
2159
2296
2297
2268
2293
2298
2164
2299
2300
2301
2302
2168
2303
2304
2305
2171
2306
2173
2307
2308
2309
2310
2310
2311
2312
2313
2314
2179
2313
2315
2316
2182
2317
2318
2315
2319
2320
2321
2320
2322
2322
2323
2324
2325
2191
2326
2327
2194
2328
2326
2329
2330
2331
2214
2332
2333
2334
2200
2335
2336
2335
2337
2338
2339
2340
2341
2342
2340
2343
2342
2344
2345
2344
2346
2211
2347
2348
2213
2349
2350
2351
2352
2353
2352
2354
2218
2355
2356
2357
2358
2358
2359
2360
2361
2356
2362
2228
2363
2363
2364
2365
2366
2231
2367
2367
2368
2369
2237
2370
2234
2371
2372
2236
2373
2374
2375
2376
2377
2377
2378
2378
2379
2380
2381
2382
2383
2250
2384
2384
2385
2386
2249
2387
2383
2388
2388
2389
2390
2379
2391
2392
2393
2394
2395
2389
2394
2264
2396
2397
2398
2399
2399
2400
2267
2401
2401
2402
2300
2403
2404
2405
2406
2407
2408
2409
2410
2409
2411
2412
2413
2414
2415
2416
2417
2418
2410
2417
2419
2420
2421
2422
2423
2422
2424
2424
2425
2286
2426
2427
2428
2429
2425
2428
2297
2430
2290
2431
2432
2294
2433
2434
2435
2436
2423
2437
2437
2438
2439
2440
2441
2442
2443
2440
2302
2444
2445
2445
2446
2305
2311
2447
2307
2448
2449
2450
2451
2450
2452
2453
2454
2452
2455
2456
2456
2457
2458
2353
2459
2459
2460
2460
2461
2462
2463
2464
2465
2466
2467
2468
2469
2468
2470
2327
2470
2471
2472
2473
2474
2330
2475
2476
2332
2477
2478
2479
2480
2337
2480
2481
2482
2483
2484
2483
2485
2341
2486
2487
2488
2489
2489
2490
2491
2485
2492
2493
2494
2354
2495
2349
2496
2497
2498
2499
2498
2500
2501
2502
2503
2359
2504
2505
2506
2507
2508
2509
2362
2510
2510
2511
2512
2513
2511
2514
2513
2515
2516
2517
2486
2518
2506
2519
2372
2520
2380
2521
2522
2376
2523
2524
2525
2520
2525
2526
2527
2528
2529
2530
2400
2531
2531
2532
2533
2534
2386
2535
2536
2536
2537
2538
2539
2392
2540
2540
2541
2542
2542
2543
2544
2543
2545
2546
2547
2398
2547
2548
2549
2550
2551
2403
2552
2553
2405
2554
2555
2556
2557
2556
2558
2419
2559
2560
2561
2416
2562
2563
2564
2414
2563
2565
2565
2566
2567
2568
2420
2569
2570
2571
2564
2572
2573
2574
2575
2576
2577
2578
2455
2577
2579
2578
2580
2431
2581
2582
2433
2582
2583
2436
2584
2559
2584
2585
2586
2439
2587
2588
2589
2590
2591
2591
2592
2444
2593
2594
2594
2447
2595
2596
2597
2598
2453
2599
2600
2598
2601
2602
2603
2603
2604
2605
2606
2474
2607
2463
2606
2608
2609
2462
2610
2611
2612
2466
2613
2572
2614
2615
2469
2613
2616
2617
2618
2472
2619
2620
2476
2621
2622
2619
2623
2624
2479
2625
2500
2626
2627
2628
2482
2629
2630
2631
2629
2632
2633
2634
2635
2636
2636
2637
2638
2635
2639
2494
2640
2493
2641
2642
2643
2496
2644
2645
2499
2646
2647
2648
2649
2503
2650
2608
2650
2651
2505
2652
2653
2654
2655
2656
2656
2657
2657
2658
2659
2660
2661
2662
2663
2663
2664
2516
2665
2666
2519
2667
2668
2669
2670
2671
2522
2672
2673
2524
2674
2675
2676
2527
2677
2678
2678
2679
2679
2680
2681
2682
2533
2683
2684
2535
2685
2686
2687
2538
2688
2684
2685
2689
2690
2691
2692
2693
2694
2689
2695
2695
2696
2554
2697
2698
2699
2700
2550
2701
2702
2552
2703
2704
2589
2705
2706
2557
2707
2708
2709
2703
2710
2711
2562
2712
2712
2713
2714
2715
2716
2717
2718
2719
2720
2721
2569
2713
2722
2723
2724
2724
2725
2726
2575
2727
2727
2728
2729
2729
2730
2731
2732
2580
2730
2733
2734
2735
2736
2585
2737
2738
2739
2728
2740
2740
2741
2735
2742
2590
2743
2744
2593
2745
2746
2747
2747
2748
2604
2749
2599
2750
2751
2752
2601
2753
2754
2605
2753
2755
2756
2757
2758
2758
2759
2760
2761
2762
2762
2763
2763
2764
2765
2766
2767
2615
2768
2769
2618
2770
2771
2772
2773
2774
2773
2775
2776
2777
2759
2777
2624
2778
2779
2780
2781
2781
2782
2783
2784
2784
2785
2786
2787
2788
2633
2789
2785
2790
2791
2637
2669
2792
2793
2794
2640
2795
2796
2797
2798
2791
2799
2800
2801
2802
2803
2804
2805
2646
2806
2807
2808
2809
2809
2810
2782
2808
2811
2804
2811
2812
2813
2662
2812
2655
2814
2815
2816
2817
2813
2818
2819
2820
2819
2821
2820
2822
2823
2824
2821
2825
2824
2826
2826
2827
2828
2827
2829
2830
2814
2828
2831
2832
2681
2833
2832
2833
2834
2835
2836
2837
2831
2836
2834
2838
2839
2840
2691
2841
2842
2702
2843
2843
2844
2845
2846
2687
2847
2848
2849
2850
2851
2692
2693
2852
2853
2854
2696
2855
2856
2857
2858
2859
2700
2858
2701
2860
2861
2862
2863
2864
2705
2865
2866
2859
2867
2709
2867
2710
2868
2869
2870
2723
2738
2871
2872
2721
2873
2874
2875
2726
2875
2874
2876
2876
2877
2720
2878
2879
2880
2725
2872
2881
2882
2883
2884
2885
2886
2887
2888
2889
2890
2890
2891
2891
2892
2736
2893
2894
2895
2895
2896
2897
2897
2898
2899
2742
2900
2901
2866
2902
2902
2903
2903
2904
2747
2905
2906
2907
2906
2908
2751
2909
2910
2755
2911
2912
2910
2913
2914
2908
2914
2889
2915
2766
2916
2761
2917
2918
2919
2920
2765
2921
2922
2923
2769
2771
2924
2925
2926
2927
2928
2929
2927
2930
2931
2775
2932
2933
2779
2934
2935
2936
2937
2936
2783
2938
2939
2940
2941
2942
2943
2787
2944
2945
2789
2946
2947
2948
2949
2950
2797
2951
2951
2952
2953
2954
2796
2955
2956
2957
2803
2958
2800
2959
2960
2802
2961
2962
2963
2964
2806
2965
2966
2810
2967
2968
2969
2970
2971
2972
2973
2974
2975
2976
2976
2977
2977
2978
2978
2979
2980
2981
2982
2823
2983
2984
2985
2986
2987
2988
2989
2990
2991
2992
2992
2993
2994
2995
2996
2997
2837
2998
2999
3000
2839
3001
3002
3002
3003
3003
3004
3005
3006
2845
3007
2849
3008
3009
3009
3010
2850
3011
3012
3013
3008
3014
3015
3016
3015
3017
3017
3018
3018
3019
3014
3020
3020
3021
3022
3023
3024
3025
3022
3025
2863
3026
3027
2865
3028
3029
3030
3031
3032
3033
3032
3034
3035
3036
2873
3037
3037
3038
3039
3040
3041
3042
3043
3042
3044
3045
3046
3045
3047
3048
3049
3049
3050
3050
3051
2925
3040
3052
3053
3053
3054
3052
3055
3055
3056
3057
3058
3059
3056
3060
3061
3062
2901
3062
3063
2898
3064
3048
3065
3054
3066
3066
3067
3068
3069
3070
2905
3071
3072
3073
3072
3074
3075
2911
3076
3077
3078
2913
3079
3080
3081
3079
3082
3083
3084
2971
3085
3085
3086
3086
3087
3087
3088
3089
3090
2923
3091
3084
2926
3092
3093
3094
3095
2931
3096
3094
3097
3097
3098
3099
2937
3100
3099
3100
3101
3102
3083
3101
3103
3104
3105
3106
3105
3107
3107
3108
2942
3109
3110
2948
3111
2949
3112
3112
3113
3113
3114
3114
3115
3116
3117
3115
3118
3119
2954
3120
2993
3121
3122
2958
3123
3123
3124
3124
3125
3126
3118
3127
3128
3129
3128
3130
2963
3131
3132
2965
3133
3134
2967
3135
3136
2969
3137
3138
3138
3139
3140
2984
3141
3142
3143
2975
3144
3145
3146
3147
3148
3143
3149
3150
3151
3152
3153
3151
3154
3152
3155
3156
2986
3157
3158
3154
3159
3157
3160
2991
3161
3161
3162
3163
3164
3165
2995
3166
3167
3005
3168
3169
3170
3170
3171
3000
3166
3172
3169
3173
3174
3175
3016
3176
3177
3027
3178
3179
3180
3181
3182
3011
3183
3184
3180
3185
3185
3186
3187
3188
3189
3190
3191
3021
3192
3193
3194
3195
3031
3196
3026
3197
3198
3199
3200
3035
3201
3030
3202
3203
3034
3204
3036
3205
3206
3207
3208
3209
3047
3209
3041
3210
3210
3211
3212
3213
3214
3046
3215
3216
3217
3218
3065
3219
3220
3221
3222
3223
3224
3225
3226
3227
3082
3228
3059
3229
3230
3231
3232
3063
3233
3234
3235
3236
3237
3238
3239
3240
3241
3241
3242
3203
3243
3071
3244
3245
3246
3075
3247
3246
3248
3249
3077
3250
3251
3081
3252
3253
3251
3254
3255
3256
3257
3258
3259
3260
3261
3089
3262
3263
3091
3264
3265
3266
3267
3267
3268
3269
3096
3270
3271
3272
3270
3273
3274
3275
3276
3277
3278
3104
3279
3280
3281
3109
3282
3283
3137
3284
3285
3111
3286
3287
3288
3289
3290
3291
3287
3292
3292
3293
3294
3120
3295
3296
3122
3297
3298
3299
3300
3295
3301
3132
3302
3129
3303
3304
3305
3131
3306
3307
3308
3140
3309
3135
3310
3311
3311
3312
3313
3314
3312
3315
3259
3142
3316
3317
3318
3162
3319
3320
3321
3322
3323
3323
3324
3149
3324
3325
3153
3326
3327
3328
3329
3330
3156
3331
3332
3333
3159
3334
3335
3336
3337
3338
3339
3340
3341
3342
3341
3343
3344
3168
3345
3346
3347
3348
3349
3350
3349
3351
3174
3352
3353
3176
3354
3355
3356
3179
3357
3358
3359
3182
3360
3361
3361
3362
3186
3362
3363
3364
3360
3365
3366
3367
3366
3368
3191
3369
3192
3370
3365
3371
3372
3373
3374
3375
3376
3377
3198
3378
3375
3200
3379
3380
3202
3381
3382
3383
3205
3384
3385
3377
3384
3386
3387
3386
3388
3222
3268
3214
3389
3213
3390
3391
3392
3393
3394
3217
3395
3396
3395
3397
3238
3398
3398
3399
3399
3400
3401
3226
3402
3225
3403
3404
3227
3405
3229
3406
3407
3232
3408
3405
3409
3410
3411
3412
3411
3413
3237
3412
3414
3415
3416
3415
3404
3417
3418
3419
3420
3413
3421
3422
3423
3422
3424
3425
3426
3427
3248
3428
3429
3255
3430
3252
3431
3432
3433
3254
3434
3435
3436
3434
3437
3438
3439
3265
3439
3440
3440
3441
3441
3442
3442
3443
3443
3444
3445
3446
3445
3269
3447
3448
3449
3450
3451
3274
3452
3450
3453
3453
3454
3455
3280
3456
3457
3458
3279
3459
3457
3460
3461
3462
3282
3463
3464
3465
3466
3465
3467
3286
3468
3469
3470
3293
3471
3472
3473
3472
3474
3294
3474
3475
3476
3477
3478
3479
3480
3343
3481
3479
3481
3302
3482
3301
3483
3484
3485
3486
3487
3306
3488
3486
3488
3489
3490
3491
3492
3493
3310
3494
3495
3496
3497
3467
3498
3498
3499
3499
3500
3317
3501
3502
3503
3504
3320
3505
3506
3322
3507
3508
3509
3510
3511
3512
3327
3513
3514
3329
3515
3516
3514
3517
3518
3519
3518
3520
3334
3336
3521
3521
3522
3523
3338
3340
3524
3525
3526
3527
3528
3525
3529
3530
3351
3531
3531
3532
3356
3532
3533
3534
3533
3535
3536
3535
3537
3534
3538
3354
3539
3540
3368
3541
3542
3543
3543
3544
3363
3544
3545
3546
3547
3548
3549
3550
3551
3552
3369
3553
3554
3555
3372
3556
3373
3557
3558
3559
3376
3560
3561
3562
3563
3379
3564
3565
3542
3565
3387
3566
3383
3567
3423
3568
3388
3569
3570
3571
3572
3449
3573
3394
3574
3575
3576
3575
3577
3396
3578
3579
3580
3581
3401
3582
3583
3584
3401
3585
3403
3586
3587
3588
3589
3437
3590
3408
3591
3592
3593
3594
3592
3593
3595
3596
3597
3598
3599
3600
3598
3601
3418
3602
3603
3604
3605
3421
3605
3606
3607
3608
3426
3609
3427
3610
3611
3612
3430
3613
3612
3614
3615
3616
3617
3616
3618
3436
3619
3620
3620
3621
3615
3622
3458
3623
3624
3494
3625
3626
3627
3446
3628
3629
3630
3631
3632
3632
3633
3634
3635
3636
3637
3636
3638
3639
3637
3640
3456
3638
3641
3642
3643
3644
3645
3644
3646
3645
3647
3647
3648
3466
3649
3468
3650
3651
3652
3653
3654
3654
3655
3655
3656
3473
3657
3658
3659
3660
3661
3662
3661
3663
3487
3664
3480
3665
3666
3667
3668
3483
3669
3670
3665
3671
3493
3672
3673
3674
3675
3490
3676
3677
3492
3678
3679
3680
3681
3682
3683
3497
3683
3684
3685
3686
3684
3687
3520
3688
3504
3689
3512
3690
3691
3524
3692
3693
3694
3693
3695
3509
3695
3696
3511
3697
3698
3699
3516
3700
3701
3702
3703
3704
3522
3705
3706
3702
3707
3708
3709
3710
3711
3712
3713
3527
3714
3715
3716
3717
3716
3718
3717
3719
3720
3721
3722
3537
3539
3723
3724
3541
3724
3725
3726
3727
3728
3546
3729
3730
3549
3731
3550
3732
3733
3734
3729
3735
3553
3736
3737
3738
3739
3556
3740
3741
3735
3742
3741
3743
3742
3743
3744
3745
3745
3746
3563
3744
3747
3746
3748
3749
3567
3750
3751
3569
3752
3753
3572
3754
3754
3755
3756
3577
3757
3758
3759
3760
3758
3761
3762
3763
3764
3759
3765
3582
3766
3764
3767
3768
3600
3769
3769
3770
3770
3771
3589
3772
3772
3773
3773
3774
3775
3591
3776
3777
3778
3779
3775
3780
3597
3781
3601
3782
3783
3784
3785
3786
3786
3787
3774
3788
3789
3790
3790
3791
3792
3783
3793
3609
3794
3751
3794
3795
3611
3796
3797
3798
3614
3799
3800
3801
3802
3619
3803
3621
3804
3805
3806
3807
3808
3809
3624
3810
3629
3626
3811
3812
3813
3814
3814
3815
3816
3817
3818
3819
3820
3821
3634
3822
3757
3639
3819
3823
3824
3825
3826
3826
3827
3648
3828
3643
3829
3830
3831
3832
3829
3833
3834
3835
3650
3836
3837
3652
3838
3839
3838
3840
3841
3842
3662
3843
3663
3844
3659
3845
3846
3845
3847
3848
3849
3850
3847
3851
3852
3853
3854
3854
3855
3719
3853
3672
3856
3856
3857
3857
3858
3859
3860
3861
3851
3861
3676
3860
3862
3678
3863
3864
3680
3865
3859
3682
3866
3867
3868
3869
3686
3840
3870
3870
3871
3872
3873
3872
3874
3691
3875
3874
3694
3876
3877
3878
3879
3697
3880
3881
3882
3883
3882
3884
3701
3885
3886
3887
3704
3888
3889
3886
3890
3891
3892
3892
3893
3873
3894
3711
3895
3896
3897
3898
3715
3876
3714
3899
3900
3901
3902
3903
3899
3904
3905
3906
3907
3723
3906
3907
3908
3909
3738
3910
3911
3912
3911
3913
3732
3914
3915
3731
3916
3917
3918
3734
3919
3920
3921
3739
3922
3740
3923
3924
3925
3926
3927
3928
3929
3930
3931
3932
3752
3933
3749
3934
3912
3755
3935
3936
3937
3938
3939
3940
3941
3939
3942
3943
3944
3945
3761
3946
3947
3946
3948
3765
3949
3950
3951
3767
3952
3953
3771
3954
3955
3956
3957
3958
3959
3960
3961
3809
3962
3778
3963
3964
3964
3965
3965
3966
3967
3968
3967
3969
3970
3971
3972
3972
3973
3955
3971
3974
3789
3975
3976
3977
3978
3979
3979
3980
3980
3981
3982
3983
3984
3798
3985
3983
3986
3987
3801
3988
3987
3989
3990
3804
3991
3992
3993
3994
3990
3993
3808
3995
3995
3996
3997
3998
3999
4000
3866
4001
3813
4002
4003
4004
3817
4005
3818
3999
4006
4007
4008
4009
4010
4010
4011
3943
4011
3824
4012
4013
3828
4014
4015
4013
4016
4017
4018
4000
4019
4020
4021
4020
4022
4021
4023
3835
4022
4024
3839
4025
4026
4027
4028
4029
4030
4027
4031
4031
4032
4032
4033
4034
4035
4036
4035
4037
4038
3849
4039
4040
4034
4041
4042
3855
3858
4043
4044
4045
4046
4047
4048
4049
4050
4051
3863
4052
4053
3865
4054
4055
4056
4056
4057
3869
4057
4058
4059
4060
4061
4062
4063
4064
3884
4065
4066
4067
4068
4067
4069
3880
4068
4070
3883
4071
4072
4073
4074
3889
4075
4076
3893
4077
4077
4078
4079
3897
4080
3894
4081
4082
4083
4084
3896
4085
4086
4087
4088
4089
3901
4090
4091
3904
4092
4092
4093
3938
4093
4094
4095
4096
4097
4098
3910
4097
4099
4100
4101
3914
4102
4103
4104
4105
4105
4106
3919
4106
3920
4107
4108
4109
3928
4104
3923
4110
4111
4112
4113
4110
4113
4114
4115
4115
4116
4117
4116
4118
3933
4119
3932
4119
4120
4121
4122
4123
3936
4124
4125
3938
4089
4092
3942
4094
4124
4126
4093
3948
4127
4128
4128
4129
4130
4131
4132
4133
4134
4135
4135
4136
4129
4134
3953
4137
4138
4137
4139
4140
4141
4142
4139
4141
4143
4144
3960
4144
4145
4143
4146
3963
4147
4148
4149
4150
4146
4151
4152
3970
4153
3974
4154
4155
4156
4157
4140
4158
4159
4145
4160
4161
4162
4161
4163
4163
4164
4165
4166
4155
4167
4125
4168
4169
4168
4170
3986
4171
4172
4173
4174
4175
4174
4176
4177
3992
4178
4179
4180
3996
4181
4182
4183
4182
4184
4147
4185
4186
4187
4002
4188
4189
4189
4190
4190
4191
4191
4192
4192
4193
4193
4194
4015
4195
4195
4196
4197
4198
4199
4200
4201
4200
4202
4203
4203
4204
4024
4202
4205
4206
4205
4207
4208
4209
4210
4211
4212
4213
4026
4214
4215
4216
4030
4217
4217
4218
4219
4220
4221
4040
4222
4223
4224
4225
4226
4226
4227
4225
4228
4041
4229
4230
4231
4228
4232
4094
4126
4126
4233
4233
4234
4047
4235
4236
4234
4236
4055
4237
4238
4239
4232
4238
4240
4241
4241
4242
4242
4243
4244
4245
4246
4060
4247
4219
4248
4249
4249
4250
4251
4252
4084
4253
4065
4251
4254
4069
4255
4122
4256
4123
4071
4257
4258
4259
4260
4259
4261
4260
4262
4076
4263
4264
4265
4266
4267
4263
4268
4264
4269
4270
4271
4271
4272
4272
4273
4270
4088
4274
4274
4275
4275
4276
4277
4121
4121
4278
4255
4278
4098
4279
4279
4280
4281
4112
4282
4256
4257
4122
4256
4257
4258
4107
4261
4283
4284
4285
4259
4109
4262
4260
4286
4114
4287
4288
4289
4290
4291
4292
4118
4293
4294
4278
4123
4255
4295
4296
4132
4297
4298
4299
4131
4300
4301
4302
4198
4303
4304
4305
4306
4307
4308
4307
4309
4310
4311
4312
4311
4313
4314
4315
4316
4317
4318
4319
4320
4319
4321
4321
4322
4322
4323
4154
4324
4324
4325
4326
4327
4328
4329
4330
4331
4331
4332
4326
4329
4333
4334
4335
4333
4336
4337
4165
4338
4339
4339
4340
4340
4341
4342
4170
4343
4344
4173
4345
4244
4343
4346
4347
4177
4348
4346
4349
4350
4351
4352
4180
4353
4350
4352
4354
4355
4354
4355
4185
4356
4357
4194
4358
4207
4358
4245
4359
4360
4361
4362
4363
4364
4365
4366
4367
4368
4368
4369
4369
4201
4370
4371
4372
4373
4366
4374
4375
4376
4212
4377
4378
4379
4380
4211
4381
4380
4382
4383
4384
4382
4385
4386
4387
4388
4389
4390
4391
4392
4387
4393
4394
4221
4390
4395
4395
4396
4231
4397
4227
4398
4399
4400
4401
4402
4230
4403
4404
4405
4406
4295
4407
4237
4344
4408
4343
4409
4240
4410
4411
4412
4349
4345
4346
4345
4413
4247
4413
4414
4250
4415
4416
4417
4418
4253
4419
4420
4262
4418
4261
4421
4422
4267
4423
4268
4424
4425
4426
4276
4427
4428
4429
4430
4423
4431
4432
4433
4434
4435
4436
4282
4437
4437
4438
4439
4440
4441
4285
4440
4442
4443
4444
4444
4445
4439
4446
4447
4448
4291
4445
4449
4449
4450
4441
4451
4452
4453
4296
4407
4298
4454
4299
4455
4456
4457
4302
4457
4458
4456
4459
4460
4461
4306
4462
4463
4464
4309
4465
4466
4465
4467
4468
4467
4469
4469
4470
4315
4471
4472
4472
4473
4471
4474
4320
4475
4476
4477
4478
4479
4474
4480
4481
4327
4482
4483
4484
4330
4485
4486
4487
4488
4468
4489
4490
4473
4491
4492
4493
4493
4494
4492
4495
4496
4497
4498
4499
4484
4500
4344
4408
4348
4501
4502
4412
4503
4353
4504
4505
4506
4507
4508
4509
4510
4509
4511
4512
4360
4513
4514
4515
4516
4516
4517
4518
4519
4520
4521
4512
4522
4523
4524
4525
4526
4527
4528
4529
4529
4530
4375
4528
4530
4531
4523
4532
4533
4378
4534
4534
4535
4536
4381
4537
4538
4539
4540
4384
4541
4542
4531
4543
4388
4544
4545
4546
4391
4547
4548
4549
4394
4550
4550
4551
4552
4553
4404
4554
4398
4555
4556
4400
4557
4558
4558
4559
4406
4557
4560
4561
4560
4561
4562
4563
4408
4410
4564
4565
4501
4566
4501
4567
4416
4568
4569
4570
4571
4569
4572
4442
4573
4574
4574
4575
4426
4576
4576
4577
4578
4425
4579
4580
4581
4577
4582
4575
4583
4583
4584
4584
4585
4585
4586
4435
4587
4434
4588
4589
4590
4438
4591
4592
4593
4573
4574
4573
4448
4594
4595
4596
4447
4597
4598
4599
4600
4452
4601
4453
4575
4602
4583
4603
4604
4461
4605
4606
4607
4603
4608
4527
4609
4610
4611
4612
4611
4613
4614
4615
4466
4614
4616
4617
4618
4619
4620
4619
4621
4622
4623
4624
4625
4511
4626
4478
4627
4627
4628
4629
4629
4630
4630
4631
4483
4632
4633
4634
4635
4633
4636
4637
4636
4638
4639
4640
4640
4641
4641
4642
4491
4494
4643
4644
4645
4646
4496
4647
4648
4498
4649
4650
4650
4651
4651
4652
4566
4653
4653
4654
4655
4656
4655
4657
4654
4656
4657
4658
4510
4659
4660
4661
4662
4663
4567
4664
4515
4665
4666
4667
4519
4668
4521
4669
4670
4522
4671
4672
4673
4674
4675
4676
4674
4677
4527
4676
4678
4679
4680
4681
4682
4683
4683
4684
4685
4542
4686
4663
4687
4688
4689
4540
4689
4541
4690
4543
4691
4692
4693
4694
4695
4696
4697
4547
4698
4699
4549
4553
4700
4701
4696
4702
4570
4703
4704
4705
4706
4562
4707
4559
4708
4709
4710
4711
4712
4713
4714
4715
4716
4716
4717
4566
4718
4719
4719
4720
4721
4722
4723
4724
4723
4725
4726
4727
4728
4729
4581
4730
4728
4731
4732
4733
4734
4602
4735
4729
4736
4588
4737
4738
4734
4739
4740
4741
4742
4742
4597
4741
4743
4744
4744
4745
4746
4747
4748
4599
4749
4743
4747
4750
4602
4750
4751
4752
4753
4753
4754
4609
4755
4756
4757
4756
4758
4759
4612
4760
4761
4754
4762
4763
4764
4763
4765
4766
4767
4767
4768
4766
4769
4770
4621
4769
4771
4625
4772
4624
4772
4773
4774
4628
4775
4776
4777
4778
4779
4774
4780
4634
4781
4782
4783
4638
4784
4785
4639
4786
4787
4788
4789
4790
4791
4792
4793
4794
4795
4796
4797
4798
4799
4800
4796
4801
4649
4801
4802
4803
4804
4782
4805
4718
4806
4807
4808
4809
4659
4810
4811
4812
4813
4811
4813
4775
4814
4673
4665
4815
4816
4817
4818
4817
4819
4819
4820
4670
4821
4822
4823
4824
4821
4824
4825
4682
4677
4826
4827
4828
4829
4830
4830
4831
4681
4832
4833
4834
4835
4829
4836
4687
4837
4838
4839
4840
4690
4841
4842
4843
4844
4845
4839
4844
4833
4846
4698
4847
4697
4848
4849
4850
4851
4852
4853
4853
4854
4702
4703
4855
4856
4706
4857
4858
4859
4860
4708
4861
4862
4863
4864
4863
4865
4865
4866
4859
4867
4867
4868
4868
4869
4864
4870
4871
4718
4806
4815
4724
4872
4873
4874
4856
4873
4875
4876
4877
4878
4732
4879
4879
4880
4881
4882
4883
4884
4883
4885
4886
4880
4887
4888
4750
4889
4889
4890
4740
4891
4739
4891
4892
4893
4894
4895
4896
4897
4746
4898
4890
4889
4899
4900
4899
4901
4758
4902
4902
4903
4904
4905
4757
4906
4907
4908
4909
4827
4910
4761
4911
4762
4912
4913
4768
4914
4914
4915
4916
4917
4918
4919
4792
4920
4920
4921
4922
4794
4923
4924
4925
4777
4926
4927
4926
4928
4928
4929
4929
4930
4931
4932
4933
4934
4935
4932
4936
4787
4937
4937
4938
4939
4940
4941
4940
4942
4791
4942
4943
4944
4799
4945
4946
4798
4947
4948
4800
4949
4950
4951
4952
4953
4954
4955
4804
4956
4957
4958
4959
4960
4808
4961
4962
4963
4964
4964
4965
4966
4814
4967
4968
4969
4970
4818
4971
4972
4973
4974
4822
4975
4976
4977
4825
4978
4979
4980
4981
4982
4982
4834
4983
4984
4985
4832
4986
4987
4988
4989
4836
4990
4991
4838
4992
4993
4994
4980
4995
4996
4997
4846
4997
4996
4998
4999
4998
5000
5001
4848
5002
5003
4850
5004
5005
4852
5006
5007
5008
4857
5009
5010
5011
5010
5012
5013
5014
5015
5012
5014
4869
5016
4866
5017
5018
5019
5020
5021
5022
5023
5024
4871
5025
4960
5026
5027
5028
4877
5029
4876
4878
5030
5031
5032
5033
5034
4882
5035
5036
5037
4886
5038
5035
5039
5040
5041
5042
5041
5043
5036
5044
5043
5045
5046
4895
4900
5047
4901
5048
5048
5049
5036
5049
5050
5051
5052
5053
5054
5055
4905
5054
5056
4910
5057
5058
5059
5057
5059
5053
5060
5061
5062
5063
5062
5064
5064
5065
5066
5065
5067
4917
5068
5069
5066
5070
5068
5071
5072
5071
5073
4923
5074
5075
5074
5076
4927
5077
5078
5079
5080
5081
5076
5082
4935
5083
5084
4934
4959
5085
5086
4939
5087
5088
4941
5089
5090
5091
5092
5093
5094
5095
5095
5096
5097
5098
5075
5098
5099
5100
5100
5101
5102
5103
5099
5102
4952
5104
5103
4954
5105
5106
4956
5107
5108
4958
5109
5110
5111
4962
4963
5112
5113
5114
5115
4966
5116
5117
4968
5118
5119
5118
5120
4971
5026
5121
5122
5123
5123
5124
4975
5122
5125
5126
5127
5127
5128
5129
5130
5131
5132
5129
4983
5133
5061
5134
4985
5135
5136
5136
5137
4988
5138
5139
4990
5140
5141
5141
5142
4995
5143
5143
5144
5145
5146
5147
5148
5149
5150
5000
5145
5151
5139
5152
5006
5153
5154
5155
5011
5156
5157
5158
5159
5160
5161
5009
5162
5163
5164
5165
5166
5167
5168
5169
5022
5167
5017
5170
5171
5172
5173
5025
5173
5172
5174
5171
5174
5175
5175
5176
5176
5177
5113
5178
5030
5179
5164
5180
5181
5182
5183
5182
5184
5184
5185
5040
5186
5042
5186
5187
5039
5188
5188
5189
5190
5191
5045
5046
5192
5193
5187
5194
5195
5192
5194
5195
5196
5197
5198
5199
5200
5063
5201
5202
5060
5203
5204
5205
5206
5207
5208
5209
5210
5211
5211
5212
5213
5070
5214
5215
5216
5096
5217
5217
5218
5219
5220
5221
5222
5223
5224
5225
5224
5226
5225
5227
5082
5228
5229
5084
5230
5087
5086
5231
5232
5233
5090
5234
5234
5235
5236
5237
5238
5237
5239
5094
5238
5240
5241
5242
5243
5244
5245
5246
5247
5105
5248
5249
5250
5243
5251
5252
5253
5254
5254
5255
5109
5256
5257
5258
5259
5231
5259
5113
5260
5115
5261
5262
5262
5263
5119
5264
5265
5266
5222
5267
5178
5268
5269
5270
5268
5271
5272
5273
5131
5274
5275
5273
5276
5277
5132
5278
5279
5280
5281
5282
5140
5282
5142
5283
5284
5138
5285
5286
5286
5287
5288
5289
5290
5146
5291
5292
5293
5290
5294
5150
5295
5152
5296
5297
5298
5299
5300
5155
5301
5157
5302
5303
5158
5304
5305
5306
5161
5307
5162
5308
5309
5310
5166
5311
5312
5304
5313
5314
5315
5169
5316
5317
5318
5319
5320
5321
5322
5323
5324
5325
5319
5326
5327
5328
5329
5181
5330
5331
5332
5185
5333
5334
5335
5336
5337
5338
5339
5340
5337
5341
5336
5339
5342
5196
5337
5343
5344
5345
5346
5347
5201
5348
5349
5350
5346
5351
5352
5353
5354
5355
5356
5354
5355
5347
5357
5281
5353
5358
5359
5359
5360
5361
5362
5212
5363
5364
5365
5214
5366
5367
5364
5368
5218
5369
5370
5371
5220
5372
5373
5372
5374
5375
5226
5376
5377
5378
5379
5228
5380
5381
5374
5382
5232
5383
5384
5385
5236
5386
5387
5239
5388
5389
5390
5391
5392
5241
5393
5394
5395
5396
5397
5245
5398
5373
5399
5400
5248
5400
5401
5402
5403
5402
5404
5404
5405
5401
5406
5406
5407
5408
5256
5409
5410
5410
5411
5412
5413
5414
5261
5415
5416
5417
5264
5418
5419
5420
5421
5420
5422
5421
5423
5424
5425
5426
5426
5427
5427
5428
5425
5429
5430
5275
5431
5432
5432
5433
5434
5435
5434
5436
5437
5438
5436
5437
5439
5440
5441
5442
5442
5443
5443
5444
5445
5288
5446
5447
5441
5448
5449
5450
5451
5298
5452
5450
5452
5435
5453
5454
5455
5455
5456
5299
5454
5457
5458
5445
5459
5460
5461
5303
5462
5463
5464
5306
5462
5465
5461
5466
5309
5467
5468
5311
5469
5470
5471
5472
5472
5473
5474
5475
5316
5476
5477
5475
5478
5320
5479
5480
5481
5322
5482
5415
5482
5483
5476
5484
5484
5485
5485
5486
5328
5487
5488
5333
5489
5471
5490
5491
5492
5491
5493
5494
5493
5495
5495
5496
5341
5497
5498
5497
5499
5345
5343
5500
5500
5501
5502
5503
5504
5349
5505
5506
5351
5507
5508
5360
5505
5509
5510
5511
5357
5512
5513
5362
5514
5515
5516
5363
5517
5518
5519
5520
5521
5522
5369
5523
5368
5524
5525
5526
5396
5527
5527
5528
5529
5530
5531
5376
5532
5533
5534
5535
5535
5536
5534
5537
5536
5538
5382
5538
5539
5386
5540
5541
5542
5543
5544
5545
5546
5547
5547
5548
5546
5549
5550
5551
5393
5552
5553
5554
5555
5395
5556
5557
5558
5559
5560
5559
5561
5403
5562
5563
5564
5565
5566
5567
5560
5568
5569
5570
5571
5571
5572
5572
5573
5574
5412
5575
5576
5577
5578
5542
5577
5579
5579
5580
5580
5581
5581
5582
5422
5582
5583
5584
5585
5532
5586
5428
5487
5587
5588
5589
5590
5591
5592
5591
5593
5594
5595
5595
5593
5596
5597
5598
5599
5600
5601
5602
5603
5604
5605
5606
5607
5608
5609
5445
5610
5606
5611
5448
5612
5613
5451
5614
5615
5616
5617
5614
5618
5619
5620
5459
5621
5622
5623
5622
5624
5625
5463
5626
5627
5628
5629
5473
5630
5630
5631
5468
5632
5633
5634
5635
5634
5636
5474
5636
5637
5638
5639
5640
5641
5642
5643
5644
5644
5645
5646
5647
5486
5648
5483
5649
5650
5651
5652
5653
5654
5655
5489
5656
5657
5492
5658
5659
5660
5661
5496
5662
5663
5664
5665
5499
5666
5667
5502
5668
5665
5508
5669
5513
5669
5670
5670
5671
5672
5673
5674
5604
5675
5675
5676
5676
5677
5677
5678
5679
5680
5681
5516
5681
5682
5518
5683
5684
5522
5685
5686
5687
5687
5688
5689
5524
5690
5691
5686
5692
5528
5693
5694
5695
5531
5696
5696
5697
5698
5699
5537
5700
5701
5702
5703
5704
5705
5706
5707
5543
5708
5544
5709
5710
5711
5712
5549
5713
5714
5715
5716
5717
5718
5553
5719
5552
5720
5721
5722
5716
5723
5724
5725
5725
5726
5726
5727
5694
5728
5729
5730
5697
5731
5732
5733
5733
5734
5735
5736
5737
5738
5732
5738
5737
5739
5739
5740
5741
5742
5741
5743
5744
5745
5746
5747
5746
5748
5748
5749
5749
5750
5751
5750
5752
5650
5753
5754
5755
5584
5585
5756
5757
5756
5758
5592
5759
5760
5761
5761
5762
5762
5763
5764
5765
5766
5602
5767
5768
5768
5769
5598
5770
5771
5770
5772
5601
5772
5773
5774
5605
5775
5776
5777
5777
5778
5779
5609
5778
5780
5625
5781
5782
5783
5783
5784
5784
5785
5786
5787
5788
5787
5789
5788
5790
5791
5792
5620
5793
5794
5794
5795
5796
5790
5797
5793
5798
5799
5800
5801
5801
5802
5803
5804
5804
5805
5806
5803
5807
5802
5808
5809
5810
5811
5808
5810
5812
5658
5813
5813
5814
5814
5815
5641
5816
5645
5643
5817
5818
5819
5820
5648
5821
5649
5822
5823
5824
5825
5824
5825
5817
5826
5826
5827
5827
5828
5656
5763
5829
5662
5830
5831
5832
5833
5833
5834
5835
5836
5837
5835
5838
5839
5840
5841
5841
5668
5841
5842
5843
5673
5844
5674
5845
5846
5847
5848
5849
5850
5679
5851
5852
5684
5853
5854
5855
5856
5685
5857
5858
5859
5860
5861
5862
5863
5863
5864
5693
5865
5692
5865
5866
5867
5868
5868
5869
5870
5871
5707
5872
5758
5873
5873
5874
5702
5875
5876
5876
5877
5875
5878
5706
5877
5879
5880
5713
5881
5882
5883
5751
5883
5881
5884
5882
5884
5885
5886
5887
5717
5887
5888
5889
5885
5886
5720
5890
5891
5724
5892
5723
5890
5893
5894
5895
5896
5728
5897
5898
5899
5900
5740
5901
5899
5902
5903
5904
5735
5905
5906
5742
5907
5908
5909
5910
5911
5912
5913
5744
5914
5915
5747
5915
5916
5917
5916
5918
5919
5752
5920
5825
5921
5921
5922
5922
5923
5924
5925
5926
5927
5760
5928
5929
5930
5931
5932
5766
5933
5933
5934
5935
5936
5937
5938
5939
5940
5941
5792
5942
5943
5944
5945
5936
5945
5946
5947
5946
5948
5949
5950
5785
5951
5781
5952
5953
5954
5955
5956
5957
5958
5791
5959
5960
5961
5959
5962
5963
5964
5965
5966
5967
5968
5969
5970
5971
5971
5972
5970
5973
5953
5968
5805
5974
5975
5976
5977
5978
5979
5807
5980
5981
5982
5983
5984
5985
5984
5986
5986
5987
5988
5989
5980
5990
5987
5991
5992
5993
5994
5993
5995
5995
5996
5822
5997
5998
5828
5999
6000
6001
6002
6003
6004
6005
6004
6006
5988
6007
5836
6008
6009
6010
6011
6012
6013
5840
6014
5839
6015
6016
6017
5852
6018
5844
5856
6019
6020
6021
6020
6022
6018
6023
5849
5948
6024
5851
6025
6026
6027
6028
6029
6029
6030
6030
6031
6032
6033
6034
6035
6036
5864
6037
5866
6038
5862
6039
6040
6041
6042
6043
6044
6045
6046
6047
6045
6048
5871
6049
6050
6049
6051
6052
5878
6053
6054
6055
6056
6057
6058
6059
6051
6059
6060
6061
6062
6063
6064
6065
6066
5889
6067
6066
6068
6069
5892
6070
6071
6067
6069
6072
5895
6071
6073
6073
6074
6075
6076
6075
6077
6078
5901
6079
6080
6081
6082
6083
6084
5905
6085
6086
5907
6087
6088
5910
6089
6089
6090
6091
6091
6092
5913
6093
6094
6093
6095
6096
6096
6097
6096
6097
6098
5919
6097
6099
5920
6100
6062
6101
6102
6103
5925
6104
5926
6105
6106
6107
6108
6109
5934
6110
6111
6112
5931
6113
6114
6005
6115
6116
6117
6118
6119
6120
5938
6121
5939
6122
6118
6123
5942
6124
6125
5944
6126
6127
6128
6129
6130
6131
6132
5955
6133
5951
5952
6134
6135
6136
5956
6137
6138
6139
5958
6139
6140
6141
6142
6143
6142
6144
6143
6145
5972
6144
6146
6147
6125
6147
5967
6148
6149
6150
6149
6151
6152
6153
6154
6148
6155
6156
6157
5976
6156
6158
6159
6160
6160
6161
6161
6162
6163
6159
6164
6165
6166
5985
6167
6168
6165
6169
6170
6171
6171
6172
6172
6173
5996
6174
6001
6175
6176
6175
6177
6178
6179
5999
6180
6000
6181
6182
6102
6183
6184
6185
6185
6186
6187
6188
6014
6189
6011
6190
6009
6191
6192
6192
6193
6194
6013
6195
6196
6197
6195
6198
6017
6199
6200
6201
6202
6203
6204
6023
6205
6202
6206
6207
6025
6208
6209
6210
6211
6210
6212
6036
6213
6214
6215
6032
6216
6203
6037
6217
6035
6218
6219
6220
6221
6039
6222
6223
6041
6224
6225
6225
6226
6227
6228
6227
6229
6230
6228
6231
6077
6232
6232
6233
6234
6081
6235
6236
6109
6237
6237
6238
6055
6239
6240
6058
6241
6238
6242
6243
6244
6063
6064
6245
6062
6063
6246
6247
6248
6065
6249
6066
6250
6251
6068
6252
6251
6253
6070
6254
6255
6256
6256
6252
6254
6257
6258
6076
6259
6260
6261
6262
6263
6264
6264
6265
6092
6266
6267
6263
6268
6090
6269
6085
6270
6271
6272
6273
6272
6274
6094
6274
6275
6276
6277
6278
6279
6280
6279
6281
6282
6282
6283
6282
6283
6284
6100
6283
6285
6101
6286
6247
6287
6288
6288
6289
6289
6290
6108
6291
6107
6292
6293
6294
6295
6111
6296
6297
6113
6298
6299
6115
6300
6301
6119
6302
6302
6303
6304
6305
6306
6307
6306
6308
6308
6309
6309
6310
6126
6311
6312
6313
6314
6315
6307
6315
6132
6316
6316
6317
6133
6318
6319
6320
6321
6322
6322
6323
6323
6324
6325
6326
6320
6325
6327
6328
6329
6146
6330
6331
6332
6333
6330
6334
6335
6336
6337
6338
6324
6339
6339
6340
6153
6341
6342
6333
6343
6341
6344
6345
6162
6346
6166
6347
6348
6349
6350
6351
6352
6353
6353
6354
6355
6356
6357
6358
6358
6359
6359
6360
6361
6362
6363
6364
6365
6366
6361
6367
6368
6178
6369
6369
6370
6371
6371
6372
6181
6373
6374
6186
6375
6184
6376
6377
6378
6379
6380
6381
6301
6380
6381
6382
6383
6384
6385
6386
6387
6194
6388
6389
6390
6385
6391
6392
6393
6199
6394
6395
6392
6396
6212
6397
6398
6399
6400
6401
6402
6403
6401
6404
6402
6405
6406
6407
6406
6408
6409
6410
6411
6412
6413
6414
6215
6414
6415
6415
6416
6417
6418
6417
6419
6220
6420
6421
6226
6418
6229
6422
6224
6422
6423
6424
6425
6426
6427
6428
6233
6429
6429
6430
6431
6432
6235
6433
6434
6433
6435
6436
6437
6242
6438
6439
6440
6440
6441
6442
6244
6441
6443
6248
6249
6444
6247
6248
6445
6446
6447
6250
6448
6251
6449
6450
6253
6451
6450
6452
6255
6453
6454
6455
6258
6455
6451
6453
6456
6259
6457
6458
6262
6459
6458
6459
6460
6431
6461
6462
6266
6463
6464
6268
6465
6466
6467
6468
6468
6469
6273
6469
6470
6471
6472
6473
6474
6467
6473
6475
6476
6475
6477
6280
6478
6472
6479
6478
6480
6481
6481
6482
6481
6482
6483
6286
6482
6484
6287
6485
6446
6486
6374
6487
6292
6488
6293
6489
6490
6491
6295
6492
6493
6303
6494
6298
6495
6496
6300
6497
6498
6499
6500
6501
6305
6502
6503
6504
6505
6506
6507
6508
6509
6312
6510
6511
6314
6512
6513
6514
6515
6318
6516
6517
6407
6518
6519
6329
6520
6521
6522
6523
6524
6525
6526
6328
6526
6527
6528
6529
6332
6530
6531
6532
6531
6533
6336
6534
6535
6338
6536
6537
6538
6537
6539
6540
6541
6542
6543
6544
6536
6545
6546
6547
6546
6548
6547
6549
6550
6551
6350
6552
6553
6554
6555
6366
6556
6557
6551
6558
6357
6559
6559
6560
6561
6562
6563
6362
6564
6565
6566
6384
6567
6365
6567
6568
6569
6372
6570
6370
6376
6571
6572
6573
6574
6575
6576
6576
6575
6577
6578
6578
6579
6379
6580
6581
6582
6583
6393
6584
6389
6585
6586
6587
6387
6588
6589
6589
6590
6590
6391
6591
6592
6593
6594
6595
6596
6396
6595
6597
6405
6598
6399
6599
6416
6403
6600
6601
6602
6603
6599
6604
6605
6606
6607
6411
6608
6410
6609
6610
6611
6609
6612
6421
6613
6614
6615
6616
6617
6618
6420
6619
6620
6621
6622
6622
6623
6425
6623
6624
6625
6428
6626
6430
6626
6627
6628
6629
6630
6628
6630
6631
6632
6465
6633
6634
6635
6493
6636
6637
6638
6439
6639
6640
6641
6642
6638
6643
6634
6644
6447
6448
6645
6446
6447
6646
6647
6648
6449
6649
6450
6650
6651
6452
6652
6651
6653
6454
6654
6655
6656
6457
6656
6652
6654
6657
6458
6658
6659
6630
6660
6659
6660
6661
6662
6663
6663
6664
6665
6666
6477
6667
6668
6662
6669
6670
6671
6672
6471
6472
6673
6672
6674
6675
6676
6476
6677
6678
6679
6680
6479
6681
6675
6682
6681
6683
6684
6684
6685
6684
6685
6686
6485
6685
6687
6486
6688
6647
6689
6488
6690
6691
6692
6693
6491
6694
6692
6693
6695
6696
6495
6697
6698
6497
6699
6700
6701
6702
6701
6703
6704
6705
6704
6706
6509
6707
6705
6707
6708
6709
6710
6711
6709
6712
6508
6712
6713
6714
6512
6715
6535
6716
6717
6717
6718
6711
6719
6518
6720
6720
6721
6519
6722
6723
6724
6725
6726
6726
6727
6523
6727
6728
6724
6729
6730
6731
6732
6528
6733
6734
6735
6736
6532
6737
6738
6739
6735
6740
6736
6741
6742
6743
6744
6745
6746
6746
6747
6541
6545
6748
6543
6749
6750
6739
6751
6752
6753
6754
6755
6756
6560
6757
6552
6758
6759
6760
6554
6760
6761
6755
6762
6557
6763
6764
6764
6765
6766
6767
6768
6769
6770
6771
6564
6771
6772
6566
6773
6774
6775
6776
6777
6763
6777
6773
6778
6779
6780
6781
6782
6779
6783
6784
6785
6786
6690
6787
6788
6789
6580
6790
6791
6787
6792
6703
6793
6794
6795
6795
6796
6586
6797
6798
6588
6799
6800
6801
6802
6596
6803
6799
6803
6597
6804
6796
6804
6805
6806
6807
6612
6808
6809
6601
6810
6811
6812
6813
6812
6814
6815
6816
6808
6813
6607
6817
6818
6817
6819
6820
6611
6821
6822
6823
6824
6825
6825
6826
6826
6827
6827
6828
6618
6619
6829
6625
6830
6831
6621
6832
6824
6833
6834
6835
6625
6835
6836
6837
6838
6833
6838
6839
6840
6838
6840
6841
6842
6840
6842
6843
6844
6845
6845
6846
6847
6844
6848
6637
6849
6850
6851
6643
6852
6641
6853
6854
6644
6854
6855
6856
6648
6649
6857
6647
6648
6858
6859
6860
6650
6861
6651
6862
6863
6653
6864
6863
6865
6655
6866
6867
6868
6658
6868
6864
6866
6869
6659
6870
6871
6842
6872
6871
6872
6873
6874
6875
6665
6876
6877
6667
6878
6879
6669
6846
6880
6881
6882
6881
6883
6883
6884
6674
6675
6885
6884
6886
6887
6677
6882
6888
6889
6890
6890
6891
6889
6892
6682
6893
6887
6894
6893
6895
6896
6896
6897
6896
6897
6898
6688
6897
6899
6689
6900
6859
6901
6902
6902
6903
6904
6905
6903
6906
6696
6907
6908
6706
6909
6699
6909
6910
6702
6911
6912
6913
6914
6915
6916
6917
6918
6710
6919
6920
6921
6922
6923
6923
6924
6925
6918
6925
6716
6926
6927
6928
6719
6929
6930
6931
6722
6932
6933
6818
6934
6935
6734
6936
6937
6938
6745
6939
6730
6940
6941
6732
6942
6733
6943
6944
6945
6946
6738
6947
6948
6949
6948
6950
6742
6951
6952
6744
6953
6954
6955
6956
6954
6957
6958
6959
6959
6960
6751
6961
6962
6958
6963
6756
6964
6757
6965
6966
6967
6968
6759
6969
6765
6970
6762
6971
6972
6973
6974
6975
6976
6977
6976
6978
6977
6979
6770
6980
6981
6982
6983
6984
6985
6983
6986
6776
6798
6987
6988
6785
6989
6990
6782
6991
6789
6992
6993
6784
6994
6995
6996
6902
6997
6998
6997
6999
6790
7000
6792
7001
7002
6794
7003
7004
7005
7006
6802
7007
7008
7008
7009
6801
7009
7010
6802
7011
7012
7013
7014
6806
7015
7013
7016
7014
7015
7017
7018
7019
7020
6814
7021
6815
7022
7023
7024
7025
7026
7020
7027
7028
7029
6822
7030
6823
7031
7031
7032
7033
7034
7035
7036
7037
7038
7019
7039
6830
6831
7040
6837
7041
6832
7042
7035
7043
6834
6839
7044
7044
7045
6837
7045
7046
7047
7048
7048
7049
7050
7048
7050
7051
7052
7050
7052
7053
7054
7055
7056
6848
7057
7058
7059
7060
6851
7060
7061
6853
7062
7063
7064
7061
7062
7057
7065
6860
6861
7066
6859
6860
7067
7068
7069
6862
7070
6863
7071
7072
6865
7073
7072
7074
6867
7075
7076
7077
6870
7077
7073
7075
7078
6871
7079
7080
7052
7081
7080
7081
7082
7083
7084
7084
7085
7085
7086
6878
7087
7088
6892
7089
7090
7091
7092
7093
7094
7094
7095
6886
6887
7096
7095
7097
7098
7093
7099
7100
7101
7099
7102
7103
6894
7104
7098
7105
7104
7106
7107
7107
7108
7107
7108
7109
6900
7108
7110
6901
7111
7068
7112
7113
6905
7114
7115
7114
7116
7117
7118
7059
7119
7120
6911
7121
7122
6914
7123
7122
7123
7003
6916
7124
7125
7124
7126
7125
7127
6920
7128
7129
7128
7130
6930
7131
7129
7132
7132
7133
7134
7127
7134
6928
7135
7135
7136
7137
7137
7138
7139
7140
7141
7140
7142
6935
7143
7141
7144
6940
7145
7146
6938
7147
6939
7148
7149
7150
7151
7152
7153
6944
7152
7154
6946
7155
7156
6949
7157
7158
7159
7155
7160
7161
7162
7136
7163
6963
7164
7165
7166
7167
7166
7168
7168
7169
7170
7171
6961
7172
7173
7159
7174
7175
6965
7176
7177
7178
7179
7179
7180
6978
7181
6970
7182
7183
7183
7184
7178
7184
6974
6988
7185
6975
7186
7182
7187
7188
7189
7190
6980
7191
7192
6982
7193
6984
7194
7195
7196
7197
7197
7198
6988
7008
7199
7200
7196
7201
6994
7202
7202
7203
6993
7204
7205
7206
6996
7207
7208
7209
6999
7210
7211
7212
7213
7213
7214
7210
7215
7216
7005
7216
7217
7006
7218
7014
7219
7012
7220
7221
7221
7013
7222
7011
7222
7223
7012
7224
7225
7226
7227
7016
7228
7226
7229
7227
7228
7230
7231
7232
7233
7234
7022
7235
7236
7237
7238
7231
7237
7238
7239
7027
7240
7241
7029
7242
7144
7242
7243
7244
7033
7245
7246
7232
7247
7248
7249
7037
7249
7250
7039
7250
7251
7041
7042
7252
7047
7253
7043
7254
7248
7255
7049
7256
7256
7257
7047
7257
7258
7259
7260
7260
7261
7262
7260
7262
7263
7264
7262
7264
7265
7055
7266
7267
7091
7267
7268
7266
7269
7270
7271
7272
7273
7274
7275
7275
7276
7276
7277
7069
7070
7278
7068
7069
7279
7280
7281
7071
7282
7072
7283
7284
7074
7285
7284
7286
7076
7287
7288
7289
7079
7289
7285
7287
7290
7080
7291
7292
7264
7293
7292
7293
7294
7090
7295
7296
7297
7298
7299
7299
7300
7089
7301
7302
7303
7304
7094
7305
7306
7305
7307
7307
7308
7097
7098
7309
7308
7310
7311
7312
7103
7313
7102
7313
7314
7315
7105
7316
7311
7317
7316
7318
7319
7319
7320
7319
7320
7321
7111
7320
7322
7112
7323
7280
7324
7116
7209
7325
7117
7326
7327
7328
7119
7329
7330
7121
7126
7331
7332
7333
7333
7334
7335
7335
7336
7337
7336
7338
7339
7340
7131
7341
7342
7340
7343
7343
7344
7345
7338
7345
7346
7347
7348
7349
7350
7342
7350
7351
7352
7353
7354
7354
7355
7356
7154
7357
7147
7358
7359
7167
7359
7150
7360
7361
7153
7362
7363
7364
7365
7366
7161
7366
7367
7368
7367
7369
7370
7369
7371
7372
7163
7373
7374
7165
7375
7376
7377
7378
7379
7380
7381
7382
7383
7383
7384
7384
7385
7174
7386
7387
7382
7388
7180
7389
7181
7389
7390
7391
7392
7393
7394
7395
7395
7396
7186
7200
7397
7187
7398
7394
7399
7400
7401
7400
7402
7393
7401
7402
7403
7404
7405
7405
7406
7198
7407
7407
7408
7409
7410
7411
7200
7221
7412
7413
7208
7414
7415
7205
7416
7212
7417
7418
7415
7419
7419
7420
7421
7422
7423
7423
7424
7425
7426
7215
7427
7428
7429
7218
7429
7430
7219
7431
7227
7432
7225
7433
7434
7434
7226
7435
7224
7435
7436
7225
7437
7438
7439
7440
7229
7441
7439
7442
7440
7441
7443
7444
7445
7234
7446
7447
7239
7448
7449
7450
7451
7452
7453
7449
7454
7454
7455
7456
7246
7457
7247
7458
7459
7460
7461
7462
7463
7464
7464
7465
7446
7466
7253
7254
7467
7259
7468
7255
7469
7463
7470
7261
7471
7471
7472
7259
7472
7473
7474
7475
7475
7476
7477
7475
7477
7478
7479
7477
7479
7480
7481
7482
7277
7483
7483
7484
7485
7486
7485
7487
7487
7488
7489
7490
7489
7491
7492
7493
7494
7281
7282
7495
7280
7281
7496
7497
7498
7283
7499
7284
7500
7501
7286
7502
7501
7503
7288
7504
7505
7506
7291
7506
7502
7504
7507
7292
7508
7509
7479
7510
7509
7510
7511
7512
7513
7514
7515
7298
7515
7516
7517
7301
7518
7519
7315
7520
7513
7521
7521
7522
7312
7523
7307
7523
7524
7525
7525
7526
7310
7311
7527
7526
7528
7529
7314
7530
7531
7532
7533
7534
7317
7535
7529
7536
7535
7537
7538
7538
7539
7538
7539
7540
7323
7539
7541
7324
7542
7497
7543
7326
7544
7545
7422
7546
7545
7547
7547
7548
7486
7548
7332
7337
7549
7550
7551
7334
7551
7429
7552
7337
7553
7553
7554
7555
7554
7556
7340
7341
7557
7558
7559
7560
7559
7558
7561
7561
7562
7563
7556
7563
7564
7565
7564
7566
7565
7567
7567
7568
7569
7570
7571
7572
7573
7571
7574
7575
7360
7575
7572
7576
7577
7578
7579
7580
7581
7582
7362
7583
7584
7365
7585
7585
7586
7578
7587
7588
7370
7589
7590
7591
7592
7593
7594
7595
7594
7596
7566
7597
7388
7598
7381
7598
7599
7600
7581
7600
7380
7599
7601
7602
7603
7604
7605
7606
7607
7607
7608
7608
7609
7610
7611
7391
7612
7613
7392
7614
7611
7615
7616
7617
7618
7396
7618
7613
7398
7413
7619
7399
7620
7617
7621
7622
7623
7624
7404
7625
7626
7627
7408
7628
7629
7630
7631
7632
7631
7633
7633
7634
7413
7434
7635
7636
7632
7637
7638
7639
7640
7418
7641
7639
7642
7421
7643
7644
7424
7645
7646
7426
7647
7648
7648
7649
7649
7650
7651
7431
7651
7652
7432
7653
7440
7654
7438
7655
7656
7656
7439
7657
7437
7657
7658
7438
7659
7660
7661
7662
7442
7663
7661
7664
7662
7663
7665
7451
7666
7667
7668
7669
7455
7669
7450
7670
7671
7672
7673
7673
7674
7670
7675
7676
7677
7576
7678
7678
7679
7459
7680
7681
7461
7682
7683
7668
7680
7684
7685
7685
7686
7466
7686
7687
7468
7469
7688
7474
7689
7470
7690
7684
7691
7476
7692
7692
7693
7474
7693
7694
7695
7696
7696
7697
7698
7696
7698
7699
7700
7698
7700
7701
7702
7703
7703
7704
7705
7702
7706
7707
7708
7709
7490
7710
7711
7712
7713
7714
7493
7713
7715
7715
7716
7498
7499
7717
7497
7498
7718
7719
7720
7500
7721
7501
7722
7723
7503
7724
7723
7725
7505
7726
7727
7728
7508
7728
7724
7726
7729
7509
7730
7731
7700
7732
7731
7732
7733
7514
7734
7735
7736
7737
7738
7739
7740
7741
7741
7742
7520
7743
7744
7745
7704
7746
7530
7747
7525
7747
7748
7749
7749
7750
7528
7529
7751
7750
7752
7753
7533
7754
7532
7755
7756
7756
7757
7744
7755
7536
7758
7753
7759
7758
7760
7761
7761
7762
7761
7762
7763
7542
7762
7764
7543
7765
7719
7766
7546
7767
7768
7769
7770
7771
7550
7555
7772
7773
7774
7552
7774
7651
7775
7555
7776
7776
7777
7778
7777
7779
7558
7560
7780
7781
7782
7782
7783
7781
7784
7784
7785
7786
7779
7786
7787
7788
7789
7790
7569
7791
7792
7782
7793
7573
7794
7794
7795
7796
7797
7798
7798
7799
7579
7800
7801
7802
7581
7803
7583
7804
7805
7806
7807
7808
7806
7809
7593
7810
7811
7812
7811
7813
7812
7814
7609
7815
7814
7816
7817
7818
7810
7819
7597
7820
7821
7822
7823
7824
7825
7826
7826
7827
7828
7829
7605
7828
7830
7830
7831
7832
7833
7834
7829
7835
7616
7836
7614
7837
7838
7618
7838
7615
7839
7836
7840
7841
7842
7843
7844
7844
7620
7636
7845
7621
7846
7843
7847
7623
7848
7841
7848
7849
7849
7850
7851
7852
7851
7853
7853
7854
7634
7855
7854
7855
7856
7857
7858
7859
7636
7656
7860
7861
7644
7862
7640
7863
7864
7865
7647
7866
7863
7867
7867
7868
7869
7650
7870
7769
7870
7871
7872
7873
7874
7875
7653
7875
7876
7654
7877
7662
7878
7660
7879
7880
7880
7661
7881
7659
7881
7882
7660
7883
7884
7885
7886
7664
7887
7885
7888
7886
7887
7889
7667
7890
7891
7892
7893
7894
7672
7676
7895
7894
7896
7897
7675
7898
7899
7677
7900
7893
7901
7902
7683
7903
7904
7682
7905
7906
7907
7908
7909
7909
7910
7687
7910
7893
7911
7689
7690
7912
7695
7913
7691
7914
7908
7915
7697
7916
7916
7917
7695
7917
7918
7919
7920
7920
7921
7922
7920
7922
7923
7924
7922
7924
7925
7926
7927
7928
7929
7930
7930
7931
7708
7932
7933
7710
7934
7935
7712
7714
7936
7937
7938
7939
7929
7940
7720
7721
7941
7719
7720
7942
7943
7944
7722
7945
7723
7946
7947
7725
7948
7947
7949
7727
7950
7951
7952
7730
7952
7948
7950
7953
7731
7954
7955
7924
7956
7955
7956
7957
7958
7959
7959
7960
7737
7961
7738
7962
7740
7963
7964
7965
7743
7966
7967
7968
7969
7970
7970
7971
7754
7972
7749
7972
7973
7974
7974
7975
7752
7753
7976
7975
7977
7978
7757
7979
7980
7980
7981
7981
7982
7759
7983
7978
7984
7983
7985
7986
7986
7987
7986
7987
7988
7765
7987
7989
7766
7990
7943
7991
7992
7993
7993
7994
7992
7994
7995
7995
7996
7773
7778
7997
7998
7999
7775
7999
7875
8000
7778
8001
8001
8002
8003
8002
8004
7781
7783
8005
8006
8007
8007
8008
8006
8009
8009
8010
8011
8004
8011
8012
8013
7790
8013
7821
8012
7791
8014
7793
8014
8015
8007
8016
8017
7796
8018
8019
8020
8021
8022
8018
8023
8024
8025
7808
8026
8025
8027
8027
8028
8022
8029
7807
8030
8031
8032
8033
8033
8034
8035
8036
8037
7815
8038
8039
8040
8041
8042
8035
8042
7820
8043
8043
8044
8045
8046
7827
7835
7825
8047
8028
8047
8048
8049
8050
8051
8052
8053
8054
8055
8056
8057
8057
8058
8040
8058
8059
7842
8060
7839
8061
8062
7844
8062
7840
8063
8060
8064
8065
8065
8066
8067
8068
8068
7846
7861
8069
7847
8070
8067
8071
8072
8073
7852
8074
8075
8076
8077
8078
8079
7858
8080
8081
8082
8083
8084
8085
7861
7880
8086
8087
8088
8089
8090
8091
8092
8091
8093
8092
8094
8095
7869
8096
8097
8098
8094
8099
8099
8100
8100
8101
8101
8102
8103
7877
8103
8104
7878
8105
7886
8106
7884
8107
8108
8108
7885
8109
7883
8109
8110
7884
8111
8112
8113
8114
7888
8115
8113
8116
8114
8115
8117
7897
8118
8118
8119
8120
8121
8122
7899
8123
7896
7900
8124
8123
8125
8126
8126
8127
8127
8128
7901
8129
8122
8130
7903
8131
8132
7905
8121
8133
8134
8135
8134
8136
8137
8138
8138
8139
7911
8139
8122
8140
7913
7914
7919
7915
8137
7921
8141
8141
8142
7919
8142
8143
8143
8144
8145
8143
8145
8146
8147
8145
8147
8148
7927
8149
8150
7971
8150
8151
8152
8153
8154
7934
8155
7996
8156
8157
8158
8159
8159
8160
7939
8161
8160
8162
8163
8163
8164
7944
7945
8165
7943
7944
8166
8167
8168
7946
8169
7947
8170
8171
7949
8172
8171
8173
7951
8174
8175
8176
7954
8176
8172
8174
7955
8177
8178
8147
8179
8178
8179
8180
7961
8181
8182
7969
8183
8184
8185
8186
8185
8187
8187
8188
7966
8188
8189
7968
8189
8190
7980
8191
8192
8193
8194
7979
8195
7974
8195
8196
8197
8197
8198
7977
7978
8199
8198
8200
8201
7982
8202
8203
8203
8204
8204
8205
7984
8206
8201
8207
8206
8208
8209
8209
8210
8209
8210
8211
7990
8210
8212
7991
8213
8167
8214
8215
8216
8217
8218
8219
7998
8003
8220
8221
8222
8000
8222
8103
8223
8003
8224
8224
8225
8226
8225
8227
8006
8008
8228
8229
8230
8230
8231
8229
8232
8232
8233
8234
8227
8234
8235
8236
8236
8237
8016
8237
8238
8230
8239
8021
8240
8241
8242
8243
8244
8245
8246
8247
8131
8248
8249
8250
8251
8249
8252
8253
8254
8255
8256
8256
8257
8034
8258
8258
8259
8252
8260
8044
8261
8262
8261
8263
8262
8264
8041
8263
8265
8266
8267
8268
8269
8046
8268
8270
8235
8271
8272
8273
8274
8274
8275
8275
8276
8277
8278
8277
8279
8278
8280
8280
8281
8056
8282
8283
8284
8285
8276
8286
8066
8287
8063
8288
8289
8068
8289
8064
8290
8287
8291
8072
8292
8292
8293
8294
8295
8295
8070
8087
8296
8071
8297
8294
8298
8073
8299
8074
8300
8301
8302
8076
8303
8302
8303
8304
8305
8306
8084
8307
8081
8308
8309
8088
8310
8085
8311
8312
8313
8087
8108
8314
8315
8316
8097
8317
8093
8318
8319
8320
8321
8322
8096
8323
8324
8325
8215
8326
8327
8328
8329
8326
8330
8331
8105
8331
8332
8106
8333
8114
8334
8112
8335
8336
8336
8113
8337
8111
8337
8338
8112
8339
8340
8341
8342
8116
8343
8341
8344
8342
8343
8345
8346
8120
8347
8348
8349
8350
8128
8351
8125
8129
8352
8351
8353
8354
8355
8356
8355
8357
8130
8358
8350
8359
8360
8360
8361
8135
8362
8363
8364
8361
8365
8366
8366
8367
8140
8367
8350
8368
8144
8369
8369
8370
8370
8371
8372
8370
8372
8373
8374
8372
8374
8375
8154
8376
8377
8164
8378
8378
8379
8379
8380
8381
8156
8382
8383
8158
8384
8385
8385
8386
8162
8387
8388
8389
8390
8168
8169
8391
8167
8168
8392
8393
8394
8170
8395
8171
8396
8397
8173
8397
8175
8398
8177
8398
8178
8399
8400
8374
8401
8400
8401
8402
8403
8403
8404
8404
8405
8186
8406
8407
8408
8409
8410
8411
8191
8411
8412
8203
8413
8193
8414
8415
8415
8416
8202
8417
8197
8417
8418
8419
8419
8420
8200
8201
8421
8420
8422
8423
8205
8424
8425
8425
8426
8426
8427
8207
8428
8423
8429
8428
8430
8430
8431
8430
8431
8213
8431
8214
8393
8432
8432
8433
8434
8435
8434
8436
8436
8437
8221
8226
8438
8439
8440
8223
8440
8331
8441
8226
8442
8442
8443
8444
8443
8445
8229
8231
8446
8447
8448
8448
8449
8447
8450
8450
8451
8445
8451
8236
8452
8453
8453
8454
8239
8454
8455
8448
8456
8242
8457
8243
8248
8458
8459
8247
8460
8461
8462
8457
8462
8255
8463
8464
8251
8465
8466
8467
8468
8469
8272
8469
8470
8471
8259
8472
8473
8474
8467
8475
8476
8477
8478
8479
8480
8479
8481
8267
8482
8483
8269
8484
8269
8485
8486
8271
8485
8487
8452
8488
8489
8489
8490
8491
8492
8493
8494
8495
8286
8496
8497
8282
8498
8499
8284
8500
8501
8481
8502
8503
8293
8504
8290
8505
8506
8295
8506
8291
8507
8504
8508
8299
8509
8509
8510
8511
8512
8512
8297
8315
8513
8298
8514
8511
8515
8300
8516
8301
8517
8518
8519
8519
8520
8521
8305
8522
8523
8524
8525
8525
8526
8527
8528
8310
8527
8529
8528
8530
8526
8531
8530
8531
8315
8336
8532
8533
8534
8535
8535
8536
8323
8537
8538
8539
8539
8540
8537
8541
8540
8542
8543
8544
8545
8546
8547
8548
8328
8542
8549
8549
8550
8550
8551
8552
8333
8552
8553
8334
8554
8342
8555
8340
8556
8557
8557
8341
8558
8339
8558
8559
8340
8560
8561
8562
8563
8344
8564
8562
8565
8563
8564
8566
8354
8567
8567
8568
8349
8569
8570
8571
8357
8572
8353
8358
8573
8572
8574
8356
8575
8576
8576
8577
8575
8578
8359
8579
8571
8580
8581
8582
8570
8583
8365
8584
8585
8586
8587
8588
8368
8588
8571
8589
8371
8590
8590
8591
8590
8591
8592
8591
8592
8377
8593
8594
8595
8596
8597
8598
8593
8599
8384
8600
8600
8601
8602
8603
8604
8605
8389
8606
8604
8606
8607
8607
8608
8394
8395
8393
8394
8396
8397
8399
8400
8592
8406
8609
8610
8611
8414
8612
8613
8408
8614
8615
8410
8614
8616
8411
8617
8618
8413
8618
8619
8425
8620
8621
8622
8594
8623
8424
8624
8419
8624
8625
8626
8626
8627
8422
8423
8628
8627
8629
8630
8427
8631
8632
8632
8633
8633
8634
8429
8630
8548
8435
8635
8636
8637
8638
8601
8639
8439
8444
8640
8641
8642
8441
8642
8552
8643
8444
8644
8644
8645
8646
8645
8647
8447
8449
8648
8649
8650
8650
8651
8649
8647
8453
8652
8653
8653
8654
8456
8654
8655
8650
8656
8657
8459
8658
8659
8461
8660
8661
8662
8581
8663
8664
8665
8664
8666
8468
8667
8665
8668
8669
8660
8670
8670
8671
8671
8672
8474
8673
8674
8673
8675
8676
8677
8480
8676
8483
8677
8678
8679
8680
8484
8681
8682
8681
8683
8486
8684
8486
8685
8686
8488
8685
8687
8652
8688
8689
8690
8691
8691
8692
8693
8694
8694
8695
8696
8697
8497
8697
8696
8698
8699
8699
8700
8701
8702
8701
8703
8502
8704
8705
8695
8698
8510
8706
8507
8707
8708
8512
8708
8508
8709
8706
8710
8516
8711
8711
8712
8713
8714
8714
8514
8533
8715
8515
8716
8713
8717
8517
8718
8518
8719
8720
8721
8721
8722
8521
8722
8522
8723
8524
8723
8724
8725
8726
8727
8728
8534
8729
8730
8731
8533
8557
8732
8733
8734
8735
8546
8736
8737
8541
8738
8739
8740
8741
8742
8545
8743
8547
8744
8745
8746
8747
8748
8749
8750
8748
8751
8752
8554
8752
8753
8555
8754
8563
8755
8561
8756
8757
8757
8562
8758
8560
8758
8759
8561
8760
8761
8762
8763
8565
8764
8762
8765
8763
8764
8766
8577
8569
8767
8768
8769
8770
8578
8771
8574
8579
8771
8772
8773
8773
8774
8767
8774
8772
8775
8580
8770
8776
8777
8778
8585
8779
8586
8780
8781
8782
8777
8783
8589
8770
8784
8785
8608
8786
8786
8787
8599
8788
8787
8789
8790
8791
8792
8793
8794
8794
8795
8796
8795
8797
8798
8799
8800
8801
8802
8803
8804
8803
8805
8805
8806
8615
8802
8807
8808
8617
8807
8809
8618
8810
8811
8620
8811
8812
8632
8813
8806
8814
8623
8814
8815
8631
8816
8626
8816
8817
8818
8818
8819
8629
8630
8819
8634
8820
8821
8821
8822
8822
8823
8748
8824
8637
8825
8826
8639
8825
8827
8641
8646
8828
8829
8830
8643
8830
8752
8831
8646
8832
8832
8833
8834
8833
8649
8651
8835
8835
8653
8836
8837
8837
8838
8656
8838
8835
8658
8839
8840
8841
8842
8843
8844
8845
8839
8846
8841
8847
8848
8849
8667
8850
8851
8669
8852
8853
8854
8855
8856
8857
8858
8857
8859
8849
8860
8861
8683
8679
8862
8863
8862
8864
8865
8866
8684
8865
8867
8861
8866
8686
8868
8686
8869
8870
8688
8869
8871
8836
8872
8853
8873
8873
8874
8875
8693
8876
8877
8878
8879
8880
8881
8882
8883
8702
8884
8885
8886
8704
8887
8888
8864
8888
8712
8889
8709
8890
8891
8714
8891
8710
8892
8889
8893
8718
8894
8894
8895
8896
8897
8897
8716
8733
8898
8717
8899
8896
8900
8719
8901
8720
8902
8903
8904
8904
8905
8905
8906
8906
8725
8907
8908
8908
8909
8910
8911
8912
8913
8910
8914
8912
8915
8915
8916
8733
8757
8917
8918
8914
8919
8919
8920
8921
8922
8743
8923
8924
8925
8740
8925
8926
8927
8928
8929
8930
8931
8932
8933
8933
8934
8747
8935
8932
8750
8936
8937
8938
8939
8940
8754
8940
8941
8755
8942
8763
8943
8761
8944
8945
8945
8762
8946
8760
8946
8947
8761
8948
8949
8950
8951
8765
8952
8950
8953
8951
8952
8954
8955
8956
8769
8956
8779
8775
8957
8958
8958
8959
8955
8959
8957
8778
8960
8961
8962
8963
8783
8964
8782
8965
8966
8967
8785
8968
8969
8970
8971
8789
8972
8973
8968
8974
8975
8976
8827
8976
8975
8977
8978
8979
8980
8981
8980
8982
8983
8984
8984
8985
8985
8986
8804
8987
8988
8989
8990
8991
8992
8808
8993
8988
8994
8810
8993
8995
8811
8996
8997
8813
8997
8998
8821
8999
9000
9001
9002
8820
9003
8818
9003
9004
9005
9005
8823
9006
9007
9007
9008
9008
9009
8826
9010
9011
9012
9013
8829
8834
9014
9015
9016
8831
9016
8940
9017
8834
9018
9018
9019
8837
9020
9021
9021
9022
8842
9023
9024
9025
8844
9026
9027
8846
9028
9029
8960
9030
8850
9031
9032
9033
9034
9035
9035
9036
9037
9026
9038
8856
9038
9039
9040
8859
9041
9042
9041
9043
8863
9044
9045
9045
9046
9047
9048
9049
9044
9049
8868
9048
9050
8870
9051
8870
9052
9053
8872
9052
9020
9037
9054
9055
9055
9056
9056
9057
8878
9058
9059
9059
9060
9061
9062
8883
9063
9062
9064
9065
9066
9067
8887
9068
9068
9069
9070
9071
8895
9072
8892
9073
9074
8897
9073
8893
9075
9072
9076
8901
9077
9077
9078
9079
9080
9080
8899
8918
9081
8900
9082
9079
9083
8902
9084
8903
9085
9086
9087
9087
9088
9088
9089
8907
9089
9090
9091
9091
8916
9092
9093
8913
9094
9095
9096
9097
9098
9099
8918
8945
9100
9101
9102
8921
9103
9104
8935
9105
8928
9106
8927
9107
9108
8930
9109
9110
9111
8936
9112
9113
8934
9106
9114
9115
9116
9117
9118
8938
9119
9120
9010
9121
9122
8942
9122
9123
8943
9124
8951
9125
8949
9126
9127
9127
8950
9128
8948
9128
9129
8949
9130
9131
9132
9133
8953
9134
9132
9135
9133
9134
9136
9137
8963
9137
9138
9138
9139
9136
9139
9140
8962
9141
9142
8965
9143
8966
9144
9145
9146
9146
9141
9144
9147
9001
9148
8986
9149
9149
9150
8974
9151
9150
9152
9153
9154
9155
9156
9157
8979
9157
9158
9159
8983
9160
9158
9161
9162
9163
9164
9165
8988
9166
9167
8990
9168
9169
9170
9171
9172
9173
8994
9174
9167
9175
8996
9174
9176
8997
9177
9178
8999
9178
9179
9007
9180
9002
9181
9182
9183
9006
9184
9005
9184
9009
9185
9186
9186
9187
9187
9188
9189
9012
9190
9191
9192
9193
9015
9019
9194
9017
9194
9122
9195
9019
9021
9023
9196
9197
9030
9198
9197
9198
9199
9028
9200
9201
9202
9203
9204
9032
9205
9043
9034
9206
9207
9208
9037
9209
9210
9211
9212
9212
9213
9214
9213
9215
9216
9046
9217
9047
9218
9218
9219
9071
9220
9221
9222
9217
9222
9051
9221
9053
9053
9223
9224
9225
9226
9058
9227
9228
9229
9064
9230
9063
9231
9232
9233
9234
9066
9233
9235
9069
9236
9237
9238
9071
9237
9239
9240
9078
9241
9080
9242
9075
9242
9243
9076
9244
9241
9245
9084
9246
9246
9247
9248
9249
9249
9082
9101
9250
9083
9251
9248
9252
9085
9253
9086
9254
9255
9256
9256
9257
9257
9258
9090
9258
9259
9260
9092
9260
9261
9262
9263
9262
9264
9265
9266
9264
9266
9263
9267
9099
9265
9268
9101
9127
9269
9270
9271
9272
9272
9273
9274
9275
9275
9276
9277
9108
9278
9279
9279
9280
9111
9281
9282
9113
9283
9284
9117
9285
9286
9287
9286
9288
9289
9119
9290
9291
9121
9292
9293
9294
9124
9294
9125
9133
9131
9295
9295
9132
9296
9130
9296
9131
9297
9135
9297
9298
9299
9143
9299
9300
9298
9300
9301
9302
9303
9301
9304
9145
9305
9306
9307
9308
9306
9308
9148
9309
9310
9311
9312
9313
9314
9314
9315
9309
9313
9156
9316
9193
9317
9318
9319
9320
9160
9321
9322
9321
9323
9322
9324
9164
9324
9325
9325
9326
9167
9169
9327
9328
9170
9329
9329
9330
9331
9172
9332
9333
9181
9334
9175
9335
9328
9336
9177
9335
9337
9178
9338
9339
9180
9339
9340
9186
9341
9342
9183
9343
9344
9185
9188
9345
9345
9346
9346
9191
9347
9192
9348
9349
9350
9351
9195
9294
9202
9352
9353
9354
9210
9355
9355
9356
9203
9357
9358
9359
9302
9360
9361
9362
9362
9363
9364
9365
9365
9366
9224
9366
9211
9367
9368
9369
9215
9370
9371
9370
9372
9219
9373
9220
9374
9374
9375
9240
9376
9377
9373
9377
9378
9379
9380
9379
9381
9381
9382
9382
9383
9384
9385
9230
9384
9386
9387
9388
9234
9387
9389
9390
9236
9391
9392
9238
9393
9392
9394
9240
9393
9395
9396
9247
9397
9249
9398
9244
9398
9399
9245
9400
9397
9401
9253
9402
9402
9403
9404
9405
9405
9251
9270
9252
9404
9254
9406
9255
9407
9408
9409
9409
9410
9410
9411
9259
9411
9412
9413
9261
9413
9268
9414
9415
9416
9417
9418
9419
9271
9420
9418
9421
9270
9295
9422
9423
9274
9424
9425
9426
9289
9427
9282
9288
9428
9429
9429
9284
9430
9428
9431
9432
9433
9434
9433
9287
9435
9436
9437
9438
9439
9434
9440
9292
9440
9441
9347
9442
9297
9443
9444
9305
9444
9443
9445
9446
9304
9447
9448
9307
9449
9447
9450
9451
9452
9450
9452
9453
9454
9455
9326
9456
9456
9457
9458
9459
9460
9461
9317
9462
9463
9464
9465
9320
9465
9466
9467
9468
9466
9469
9470
9471
9472
9328
9330
9473
9474
9475
9476
9476
9477
9332
9475
9478
9478
9479
9479
9480
9336
9481
9474
9482
9338
9481
9483
9339
9484
9485
9341
9485
9486
9345
9487
9488
9489
9454
9490
9489
9490
9491
9491
9492
9349
9493
9492
9493
9494
9494
9495
9353
9496
9497
9498
9499
9500
9501
9502
9501
9503
9504
9505
9505
9506
9499
9507
9372
9508
9509
9364
9510
9511
9512
9513
9514
9515
9515
9516
9516
9517
9518
9517
9519
9520
9375
9521
9376
9522
9522
9523
9396
9524
9521
9380
9525
9526
9527
9528
9529
9385
9530
9531
9532
9533
9534
9535
9389
9536
9391
9533
9537
9538
9538
9539
9394
9540
9539
9541
9396
9540
9542
9543
9403
9544
9405
9545
9400
9545
9401
9544
9406
9546
9546
9547
9548
9548
9407
9549
9408
9550
9551
9552
9552
9553
9553
9554
9412
9554
9555
9556
9414
9556
9421
9557
9416
9558
9559
9558
9560
9419
9561
9562
9559
9563
9561
9564
9423
9565
9566
9567
9568
9569
9570
9570
9571
9571
9572
9573
9574
9575
9576
9577
9578
9578
9579
9580
9581
9582
9583
9437
9584
9585
9584
9586
9583
9587
9588
9589
9590
9590
9591
9592
9449
9592
9448
9593
9507
9593
9594
9595
9595
9451
9596
9594
9597
9598
9599
9597
9599
9455
9600
9601
9602
9603
9461
9604
9605
9606
9606
9607
9607
9608
9609
9464
9610
9495
9611
9612
9613
9614
9615
9616
9615
9617
9616
9618
9619
9620
9619
9621
9622
9623
9474
9477
9624
9625
9626
9626
9627
9627
9628
9629
9630
9488
9631
9482
9632
9625
9633
9484
9632
9634
9485
9635
9636
9487
9636
9491
9637
9638
9639
9640
9641
9642
9643
9504
9644
9498
9645
9646
9647
9514
9648
9649
9648
9650
9651
9652
9653
9654
9651
9655
9656
9509
9657
9658
9658
9659
9659
9660
9660
9661
9527
9662
9663
9664
9665
9666
9519
9520
9667
9668
9523
9524
9669
9669
9543
9670
9526
9671
9672
9673
9672
9674
9675
9676
9676
9677
9534
9678
9678
9679
9680
9681
9537
9682
9682
9683
9684
9683
9685
9685
9686
9541
9687
9686
9688
9543
9687
9689
9690
9547
9548
9549
9691
9691
9550
9692
9551
9693
9694
9695
9695
9696
9696
9697
9555
9697
9698
9699
9557
9699
9564
9700
9701
9702
9562
9701
9703
9562
9704
9705
9565
9706
9704
9707
9708
9567
9708
9709
9569
9710
9711
9712
9713
9587
9714
9715
9716
9575
9717
9718
9580
9719
9716
9720
9721
9586
9722
9723
9723
9724
9585
9725
9726
9727
9728
9729
9730
9589
9724
9731
9732
9640
9733
9596
9734
9735
9736
9734
9736
9598
9735
9737
9738
9737
9738
9605
9739
9740
9741
9739
9740
9622
9742
9742
9743
9744
9745
9746
9609
9747
9748
9611
9749
9750
9751
9752
9614
9753
9754
9755
9756
9620
9757
9754
9758
9759
9760
9623
9761
9762
9763
9625
9628
9764
9765
9629
9766
9766
9767
9767
9768
9769
9770
9631
9769
9771
9633
9772
9765
9773
9635
9772
9636
9774
9775
9775
9776
9741
9776
9777
9642
9777
9778
9779
9780
9645
9781
9782
9647
9783
9656
9784
9652
9785
9785
9786
9787
9788
9781
9789
9655
9789
9790
9791
9668
9792
9793
9794
9795
9662
9796
9797
9798
9799
9798
9800
9800
9801
9801
9802
9802
9803
9804
9670
9690
9673
9805
9806
9797
9675
9807
9808
9809
9679
9810
9811
9812
9813
9814
9813
9815
9816
9817
9818
9814
9816
9818
9819
9819
9820
9688
9821
9820
9822
9690
9821
9692
9693
9694
9823
9823
9824
9824
9825
9698
9825
9826
9827
9700
9827
9707
9828
9702
9829
9830
9705
9829
9831
9705
9832
9833
9830
9834
9835
9832
9836
9835
9710
9837
9838
9838
9839
9839
9840
9840
9841
9841
9842
9717
9843
9844
9845
9719
9846
9847
9721
9848
9722
9849
9850
9851
9852
9853
9853
9854
9855
9856
9855
9857
9856
9858
9854
9859
9851
9860
9860
9861
9861
9862
9791
9863
9864
9865
9863
9865
9864
9866
9866
9867
9868
9869
9870
9748
9871
9872
9873
9872
9874
9874
9875
9875
9876
9877
9752
9878
9780
9879
9753
9880
9881
9882
9882
9757
9883
9883
9884
9885
9886
9887
9760
9761
9888
9889
9763
9890
9891
9765
9768
9892
9893
9770
9894
9894
9895
9895
9896
9897
9898
9898
9899
9774
9897
9773
9893
9900
9901
9902
9903
9779
9904
9905
9906
9907
9783
9908
9909
9786
9799
9910
9911
9790
9912
9912
9913
9914
9915
9909
9916
9917
9918
9917
9919
9920
9921
9796
9921
9922
9923
9924
9925
9926
9927
9928
9929
9930
9930
9931
9932
9933
9807
9933
9934
9935
9936
9810
9937
9938
9812
9815
9939
9940
9941
9942
9817
9941
9943
9943
9944
9944
9945
9945
9946
9822
9946
9947
9947
9948
9826
9948
9949
9950
9828
9950
9836
9951
9830
9952
9953
9833
9952
9954
9833
9955
9956
9953
9957
9958
9837
9958
9955
9959
9960
9961
9962
9963
9964
9859
9965
9966
9967
9966
9968
9846
9967
9969
9970
9971
9968
9972
9858
9973
9971
9974
9974
9857
9975
9976
9977
9978
9979
9980
9981
9982
9983
9984
9903
9985
9916
9986
9987
9988
9986
9988
9987
9989
9990
9989
9991
9992
9993
9890
9994
9994
9995
9996
9990
9997
9998
9999
9877
10000
10001
9879
10002
10003
10004
10005
10002
10004
10006
10007
9887
10008
10009
10010
10006
10011
10012
10010
10013
9891
10014
10015
10016
9893
9896
9899
10017
10017
10018
10018
10019
10020
10019
10021
10021
10022
9901
10020
10023
9993
10023
9904
10024
10025
10026
10003
10026
9908
9914
10027
9909
10028
10029
10030
10031
10031
10032
10033
10030
10034
9915
10035
10033
10036
10029
10037
10038
9931
10039
9920
10040
10041
10042
9923
10043
10044
9925
10045
10046
10045
10047
10047
10048
10048
10049
10049
10050
10051
10052
10044
10053
10054
9935
10055
10056
9937
10057
10058
9939
10058
10059
9942
10060
9941
9942
10061
10062
10063
10062
10064
10064
10065
10065
10066
10066
10067
9949
10067
10068
10069
9951
10068
9959
10070
9953
10071
10072
9956
10071
10073
9956
10074
10075
10072
10076
10077
9960
10077
10074
10078
9961
10079
10080
10081
9963
10081
10082
10082
10083
10083
10084
10085
10086
10087
10086
10088
10088
10089
10090
10091
10092
10091
10093
10094
10095
10096
10096
10097
10097
10098
9980
10099
10099
10100
10101
10093
10100
10098
10102
10103
10104
10103
10105
10105
10106
10037
10107
10108
10107
10108
10109
10110
9992
10111
10112
10113
10114
10001
10115
9997
10116
10117
10116
10118
10119
10120
10119
10121
10122
10123
10124
10125
10006
10126
10009
10127
10127
10128
10129
10130
10131
10132
10128
10133
10014
10134
10135
10016
10136
10137
10022
10138
10138
10139
10140
10139
10141
10140
10142
10142
10143
10144
10025
10106
10145
10146
10028
10035
10147
10029
10148
10149
10150
10151
10046
10152
10034
10153
10154
10155
10036
10156
10153
10157
10149
10158
10159
10160
10160
10161
10159
10162
10163
10164
10043
10164
10165
10166
10167
10168
10169
10170
10171
10172
10173
10172
10174
10174
10175
10176
10177
10176
10178
10178
10179
10057
10180
10181
10181
10182
10060
10182
10183
10063
10184
10062
10063
10185
10186
10187
10186
10188
10188
10189
10189
10069
10070
10190
10190
10078
10191
10072
10192
10193
10075
10192
10194
10075
10195
10196
10193
10197
10198
10079
10198
10195
10199
10080
10200
10201
10202
10202
10203
10203
10204
10102
10205
10206
10207
10208
10207
10209
10210
10211
10212
10212
10213
10214
10214
10215
10216
10104
10213
10217
10218
10219
10220
10221
10222
10223
10218
10224
10225
10226
10227
10228
10229
10158
10230
10230
10231
10232
10117
10233
10232
10234
10234
10235
10144
10235
10136
10236
10237
10238
10239
10240
10120
10241
10242
10243
10122
10244
10245
10246
10247
10247
10248
10246
10249
10131
10250
10251
10252
10253
10254
10134
10254
10255
10133
10256
10257
10258
10137
10259
10260
10261
10143
10262
10263
10262
10264
10144
10263
10265
10264
10266
10266
10267
10268
10267
10269
10148
10156
10270
10149
10271
10272
10151
10155
10273
10273
10274
10154
10275
10276
10277
10277
10278
10157
10279
10275
10280
10272
10281
10282
10283
10175
10284
10163
10285
10286
10287
10288
10289
10289
10290
10291
10292
10274
10292
10291
10293
10293
10294
10173
10294
10295
10296
10297
10298
10299
10290
10300
10301
10180
10302
10303
10303
10304
10304
10305
10184
10305
10306
10187
10307
10186
10187
10308
10309
10310
10309
10311
10311
10191
10199
10193
10312
10313
10196
10312
10314
10196
10315
10316
10313
10317
10318
10200
10318
10315
10201
10319
10320
10321
10321
10322
10204
10322
10205
10323
10324
10325
10208
10326
10327
10328
10215
10329
10211
10330
10331
10332
10333
10334
10335
10336
10337
10219
10338
10339
10340
10340
10341
10341
10342
10224
10343
10343
10344
10345
10325
10342
10346
10347
10346
10348
10347
10349
10268
10349
10281
10233
10350
10351
10352
10353
10265
10354
10355
10354
10356
10245
10357
10358
10359
10359
10360
10358
10361
10243
10362
10363
10362
10364
10365
10366
10367
10269
10368
10250
10369
10370
10253
10371
10371
10372
10373
10374
10375
10376
10375
10377
10372
10377
10378
10379
10379
10380
10261
10355
10381
10382
10383
10382
10384
10383
10385
10353
10384
10385
10386
10387
10388
10271
10279
10389
10272
10390
10391
10278
10392
10276
10393
10394
10395
10395
10396
10396
10397
10280
10398
10393
10399
10391
10285
10400
10284
10401
10402
10403
10404
10405
10288
10405
10406
10407
10408
10409
10410
10411
10412
10297
10413
10413
10414
10415
10415
10416
10300
10417
10418
10417
10419
10419
10420
10420
10421
10421
10422
10422
10423
10307
10423
10424
10310
10425
10309
10310
10426
10427
10428
10427
10313
10429
10430
10316
10429
10316
10430
10431
10319
10431
10320
10432
10433
10434
10434
10435
10323
10435
10324
10436
10437
10438
10438
10439
10327
10440
10441
10330
10442
10441
10443
10444
10445
10446
10446
10447
10348
10447
10337
10448
10448
10449
10344
10450
10451
10452
10453
10454
10455
10456
10457
10458
10459
10460
10454
10461
10462
10463
10464
10465
10351
10466
10467
10360
10468
10467
10469
10470
10471
10472
10473
10473
10474
10475
10476
10477
10478
10479
10480
10478
10481
10482
10483
10483
10484
10369
10485
10368
10485
10486
10487
10376
10488
10489
10490
10374
10491
10492
10493
10494
10495
10492
10496
10497
10381
10498
10499
10500
10501
10501
10502
10469
10500
10502
10388
10503
10465
10504
10505
10390
10398
10391
10397
10506
10394
10507
10508
10509
10509
10510
10510
10511
10511
10512
10399
10507
10401
10513
10514
10416
10515
10404
10516
10517
10518
10519
10520
10408
10520
10521
10522
10523
10522
10524
10523
10525
10414
10525
10526
10527
10528
10529
10530
10531
10532
10533
10534
10535
10535
10536
10536
10537
10537
10538
10425
10538
10428
10427
10428
10430
10432
10433
10539
10539
10540
10436
10540
10437
10541
10542
10543
10543
10544
10458
10544
10545
10442
10546
10547
10548
10449
10549
10445
10550
10551
10552
10553
10554
10555
10451
10556
10557
10558
10559
10455
10560
10561
10562
10558
10563
10458
10563
10461
10564
10556
10564
10565
10464
10566
10566
10567
10568
10569
10468
10570
10570
10571
10572
10571
10573
10472
10574
10574
10575
10576
10577
10484
10578
10476
10579
10580
10572
10581
10582
10579
10583
10481
10584
10585
10584
10586
10587
10588
10589
10505
10590
10591
10592
10592
10593
10594
10595
10595
10596
10594
10597
10598
10494
10599
10600
10596
10599
10601
10602
10498
10603
10604
10575
10605
10573
10606
10606
10607
10607
10504
10608
10609
10610
10512
10524
10508
10611
10611
10612
10612
10613
10613
10614
10614
10615
10516
10616
10515
10617
10618
10619
10619
10620
10519
10621
10622
10623
10624
10625
10626
10627
10628
10629
10630
10631
10632
10633
10634
10635
10635
10636
10532
10533
10625
10637
10638
10534
10639
10640
10640
10641
10641
10642
10642
10643
10643
10644
10541
10644
10542
10645
10646
10647
10647
10648
10648
10649
10649
10650
10651
10547
10652
10653
10550
10654
10655
10656
10657
10658
10659
10660
10661
10568
10660
10557
10662
10656
10663
10664
10665
10666
10560
10667
10668
10565
10669
10668
10670
10650
10671
10671
10672
10569
10673
10674
10675
10676
10677
10677
10678
10676
10678
10679
10680
10681
10682
10683
10683
10684
10685
10686
10687
10581
10688
10689
10585
10690
10690
10691
10692
10693
10587
10694
10695
10695
10696
10591
10697
10697
10698
10699
10700
10701
10702
10703
10704
10705
10598
10706
10601
10707
10702
10708
10709
10603
10710
10711
10605
10712
10713
10679
10714
10714
10715
10716
10715
10717
10698
10716
10718
10718
10719
10719
10720
10720
10721
10628
10721
10722
10617
10723
10724
10636
10725
10726
10621
10727
10728
10729
10730
10624
10729
10731
10732
10628
10733
10733
10734
10734
10735
10633
10736
10634
10737
10735
10738
10739
10740
10741
10742
10638
10743
10639
10744
10745
10745
10746
10746
10747
10747
10748
10748
10645
10646
10749
10749
10750
10750
10751
10751
10752
10666
10752
10753
10754
10654
10755
10655
10756
10757
10758
10759
10659
10757
10661
10760
10761
10762
10763
10663
10764
10765
10766
10767
10768
10769
10753
10753
10770
10771
10772
10773
10772
10774
10775
10674
10776
10776
10777
10778
10717
10777
10689
10779
10779
10780
10780
10781
10781
10782
10681
10682
10783
10784
10785
10685
10786
10787
10696
10788
10688
10691
10789
10789
10790
10791
10792
10793
10794
10794
10795
10796
10797
10798
10799
10800
10801
10700
10802
10803
10803
10804
10805
10704
10806
10807
10808
10809
10806
10810
10708
10808
10811
10812
10813
10812
10814
10712
10815
10816
10783
10817
10782
10818
10819
10820
10821
10821
10822
10822
10823
10823
10824
10824
10825
10826
10827
10828
10725
10827
10829
10828
10830
10830
10831
10831
10832
10833
10832
10834
10732
10835
10836
10825
10837
10838
10839
10840
10840
10841
10739
10842
10839
10741
10841
10843
10843
10844
10744
10836
10845
10846
10846
10847
10847
10848
10848
10849
10849
10850
10850
10851
10851
10852
10852
10853
10770
10853
10854
10756
10855
10856
10857
10856
10858
10859
10860
10761
10861
10862
10778
10863
10863
10864
10769
10865
10859
10865
10866
10867
10768
10868
10869
10870
10771
10871
10872
10775
10873
10871
10874
10867
10875
10876
10877
10790
10878
10878
10879
10879
10880
10880
10881
10881
10882
10882
10883
10883
10884
10884
10885
10885
10886
10792
10887
10887
10888
10795
10889
10889
10890
10797
10891
10892
10893
10894
10895
10896
10799
10894
10897
10801
10802
10898
10899
10900
10901
10902
10902
10903
10904
10809
10905
10906
10907
10813
10908
10903
10909
10910
10911
10815
10912
10913
10817
10914
10915
10916
10917
10917
10918
10916
10919
10920
10920
10921
10921
10922
10922
10923
10837
10923
10924
10925
10926
10927
10844
10926
10928
10929
10930
10931
10834
10835
10932
10933
10934
10924
10842
10924
10935
10936
10937
10925
10938
10938
10939
10934
10940
10941
10941
10942
10942
10943
10943
10944
10944
10945
10945
10946
10946
10947
10947
10948
10871
10948
10949
10950
10951
10952
10862
10953
10860
10954
10955
10956
10864
10957
10958
10959
10960
10961
10868
10962
10963
10964
10870
10965
10966
10967
10968
10967
10969
10949
10968
10970
10971
10919
10970
10971
10972
10888
10973
10973
10974
10974
10975
10976
10977
10978
10979
10897
10980
10890
10981
10981
10982
10983
10984
10984
10985
10986
10987
10893
10987
10983
10988
10896
10989
10986
10990
10991
10992
10992
10993
10993
10994
10994
10995
10996
10997
10905
10908
10998
10907
10999
11000
11001
10999
11002
10912
11003
11001
11003
11004
10914
11005
11006
10975
11007
11008
11009
10991
11010
11011
11012
11012
11013
11013
11014
11014
11015
10935
11015
11016
11017
10929
11017
10939
11016
11018
11019
11019
11020
11020
11021
11021
11022
10934
11022
10936
11023
10937
11024
10938
11025
11026
11026
11027
11022
11028
11029
11029
11030
11030
11031
11031
11032
11032
11033
11033
11034
11034
11035
11035
11036
11036
11037
10953
11038
10952
11039
11040
11041
11040
11042
11043
11044
11044
11045
10958
11046
11047
10960
10972
11048
11049
11050
11051
11052
10969
11051
10965
11053
11054
11050
11054
11055
11056
11057
11058
11059
11060
10982
11061
11061
11062
10977
11063
11064
11065
11066
11067
11068
11067
11069
10985
11070
11070
11071
11072
11073
11073
11074
11074
11075
11076
11072
10990
11077
11077
11078
11079
11080
11081
11082
11083
10996
11084
11085
11002
11086
11087
11088
11089
11087
11090
11091
11092
11093
11005
11094
11095
11007
11096
11097
11098
11099
11010
11099
11100
11098
11101
11102
11102
11103
11103
11104
11023
11104
11105
11106
11106
11107
11027
11105
11108
11107
11109
11028
11024
11110
11025
11111
11026
11112
11113
11113
11114
11109
11115
11115
11116
11116
11117
11117
11118
11118
11119
11119
11120
11120
11121
11121
11122
11056
11122
11123
11124
11125
11124
11126
11127
11047
11128
11045
11129
11049
11130
11131
11132
11048
11133
11134
11135
11136
11137
11138
11053
11139
11140
11141
11056
11142
11142
11143
11059
11144
11145
11145
11146
11071
11063
11097
11147
11066
11148
11068
11149
11150
11151
11152
11153
11154
11075
11155
11155
11076
11156
11156
11157
11157
11158
11158
11159
11078
11160
11161
11162
11163
11154
11161
11081
11164
11165
11165
11166
11166
11167
11168
11169
11086
11169
11170
11171
11091
11172
11090
11173
11174
11175
11170
11176
11177
11178
11178
11179
11180
11181
11181
11182
11183
11184
11185
11185
11186
11144
11187
11188
11188
11189
11110
11189
11190
11191
11191
11192
11109
11192
11114
11190
11193
11194
11111
11195
11112
11196
11113
11197
11198
11198
11199
11194
11200
11200
11201
11201
11202
11202
11203
11203
11204
11204
11205
11205
11206
11206
11207
11208
11209
11128
11210
11127
11211
11129
11212
11213
11214
11215
11215
11216
11216
11217
11218
11219
11219
11220
11146
11221
11137
11222
11223
11143
11224
11224
11225
11226
11227
11226
11228
11207
11229
11230
11231
11232
11148
11233
11234
11235
11236
11236
11237
11152
11238
11239
11238
11240
11241
11159
11160
11242
11242
11243
11243
11244
11244
11163
11245
11162
11241
11246
11246
11247
11248
11249
11250
11251
11168
11252
11253
11254
11255
11172
11256
11257
11176
11258
11256
11259
11177
11260
11261
11262
11263
11180
11264
11265
11266
11267
11268
11233
11268
11269
11270
11269
11249
11271
11270
11272
11273
11195
11273
11274
11275
11275
11276
11194
11276
11199
11274
11277
11196
11278
11197
11279
11198
11280
11281
11281
11277
11282
11282
11283
11283
11284
11284
11285
11285
11286
11286
11287
11229
11287
11288
11289
11210
11290
11291
11290
11292
11220
11293
11217
11294
11222
11295
11296
11297
11298
11221
11299
11300
11301
11302
11303
11228
11304
11305
11227
11306
11307
11308
11309
11288
11310
11311
11311
11312
11302
11312
11313
11237
11314
11315
11316
11317
11318
11319
11316
11319
11241
11320
11321
11322
11245
11323
11323
11324
11324
11247
11325
11322
11326
11326
11327
11250
11328
11329
11330
11330
11331
11331
11332
11332
11333
11255
11333
11334
11261
11335
11336
11337
11338
11259
11339
11340
11338
11341
11339
11342
11263
11341
11343
11344
11345
11345
11346
11346
11347
11347
11348
11349
11350
11351
11350
11352
11310
11353
11278
11354
11354
11355
11277
11355
11356
11279
11280
11281
11356
11357
11357
11358
11358
11359
11359
11360
11360
11361
11305
11361
11362
11363
11364
11293
11365
11294
11366
11367
11368
11296
11369
11370
11370
11371
11371
11372
11373
11374
11301
11374
11375
11376
11377
11378
11377
11379
11362
11362
11380
11381
11382
11380
11381
11382
11383
11384
11385
11386
11314
11349
11387
11317
11388
11389
11390
11390
11391
11320
11389
11392
11322
11392
11393
11394
11325
11395
11395
11327
11396
11394
11397
11397
11398
11329
11399
11400
11401
11402
11403
11404
11405
11335
11405
11406
11342
11407
11337
11408
11409
11410
11411
11412
11408
11412
11413
11411
11414
11344
11415
11416
11417
11418
11419
11420
11421
11420
11422
11353
11422
11400
11423
11424
11425
11356
11425
11426
11426
11427
11427
11428
11428
11429
11429
11430
11380
11430
11431
11366
11432
11432
11433
11434
11375
11435
11372
11436
11437
11438
11439
11440
11441
11442
11443
11444
11445
11386
11442
11446
11438
11447
11383
11448
11449
11450
11451
11452
11453
11452
11454
11454
11455
11456
11389
11457
11458
11459
11460
11456
11461
11459
11462
11394
11462
11463
11464
11396
11398
11464
11465
11465
11466
11467
11468
11402
11466
11469
11404
11469
11470
11471
11471
11472
11407
11472
11473
11414
11474
11475
11476
11477
11413
11477
11478
11479
11479
11480
11481
11478
11482
11481
11483
11417
11484
11485
11419
11486
11487
11488
11487
11489
11490
11490
11491
11453
11492
11426
11493
11493
11494
11494
11495
11495
11496
11449
11496
11497
11498
11435
11499
11436
11500
11501
11502
11503
11504
11505
11504
11506
11506
11507
11508
11509
11510
11511
11512
11511
11513
11501
11513
11447
11448
11514
11515
11450
11451
11497
11516
11517
11518
11488
11519
11520
11460
11521
11522
11459
11522
11523
11524
11461
11525
11524
11526
11464
11526
11527
11528
11528
11529
11530
11531
11491
11531
11532
11532
11533
11534
11534
11535
11535
11536
11474
11536
11537
11482
11538
11476
11480
11539
11540
11541
11542
11542
11543
11543
11544
11545
11541
11546
11547
11548
11548
11549
11486
11550
11551
11552
11553
11553
11554
11555
11556
11555
11557
11558
11559
11559
11560
11560
11561
11561
11562
11515
11562
11563
11564
11564
11565
11563
11566
11567
11508
11568
11569
11570
11571
11570
11572
11573
11509
11574
11575
11576
11577
11578
11579
11578
11580
11581
11572
11582
11582
11583
11517
11584
11557
11577
11584
11520
11585
11586
11525
11587
11588
11588
11589
11524
11589
11590
11591
11586
11591
11592
11528
11592
11530
11532
11533
11593
11593
11594
11594
11595
11595
11596
11596
11597
11538
11597
11546
11544
11598
11598
11599
11600
11601
11601
11602
11602
11603
11603
11604
11547
11599
11600
11605
11606
11550
11607
11608
11552
11609
11610
11611
11610
11612
11556
11613
11593
11614
11615
11616
11613
11616
11617
11618
11618
11619
11619
11620
11583
11620
11621
11622
11567
11623
11568
11624
11625
11626
11571
11627
11628
11629
11630
11629
11631
11631
11632
11633
11634
11633
11635
11636
11637
11580
11638
11639
11638
11640
11630
11641
11641
11642
11643
11611
11644
11645
11645
11646
11647
11647
11648
11648
11649
11591
11649
11650
11651
11651
11652
11652
11653
11653
11654
11654
11655
11655
11656
11657
11658
11658
11659
11659
11660
11660
11661
11656
11661
11662
11663
11664
11607
11665
11666
11609
11667
11668
11669
11670
11670
11671
11614
11672
11652
11673
11643
11674
11675
11675
11676
11672
11676
11677
11678
11678
11679
11642
11679
11622
11680
11681
11682
11683
11680
11684
11640
11685
11634
11686
11628
11687
11688
11630
11689
11690
11691
11692
11635
11693
11694
11695
11696
11643
11697
11697
11698
11699
11698
11700
11701
11691
11702
11702
11703
11645
11704
11704
11705
11706
11706
11707
11707
11708
11708
11709
11651
11709
11710
11710
11711
11711
11712
11712
11713
11663
11713
11714
11714
11715
11715
11716
11716
11717
11717
11718
11719
11720
11665
11721
11722
11723
11724
11724
11725
11669
11726
11727
11728
11727
11729
11673
11730
11710
11731
11697
11732
11733
11733
11734
11734
11735
11730
11735
11736
11737
11703
11737
11738
11682
11739
11740
11685
11741
11686
11742
11743
11744
11689
11745
11746
11690
11746
11747
11691
11748
11692
11749
11750
11750
11751
11695
11752
11753
11751
11752
11732
11700
11754
11755
11743
11756
11749
11757
11757
11758
11728
11759
11760
11761
11761
11762
11762
11763
11763
11764
11764
11765
11765
11766
11766
11718
11767
11767
11768
11768
11769
11769
11770
11720
11770
11771
11772
11721
11771
11723
11773
11774
11775
11726
11776
11777
11778
11759
11759
11779
11731
11780
11765
11781
11782
11783
11783
11784
11784
11785
11785
11786
11780
11786
11758
11739
11787
11788
11741
11789
11790
11787
11791
11790
11753
11792
11748
11793
11794
11794
11795
11750
11795
11796
11749
11797
11798
11796
11799
11800
11756
11801
11782
11801
11802
11798
11803
11803
11779
11804
11805
11805
11806
11806
11807
11807
11808
11808
11809
11809
11810
11810
11811
11811
11812
11812
11813
11773
11813
11814
11815
11814
11814
11816
11776
11816
11817
11817
11818
11779
11818
11781
11809
11819
11820
11820
11821
11821
11822
11822
11823
11823
11824
11789
11825
11826
11827
11828
11829
11828
11830
11797
11831
11832
11832
11833
11833
11834
11834
11835
11798
11836
11837
11800
11835
11830
11838
11839
11840
11837
11818
11841
11842
11842
11843
11843
11844
11844
11845
11845
11846
11846
11847
11847
11848
11848
11849
11816
11841
11849
11841
11838
11850
11851
11851
11852
11852
11853
11853
11854
11854
11855
11856
11855
11857
11857
11858
11839
11859
11860
11856
11861
11862
11836
11863
11863
11864
11864
11865
11865
11866
11862
11866
11837
11840
11867
11868
11869
11869
11870
11870
11871
11871
11872
11872
11873
11873
11874
11874
11875
11869
11875
11868
11876
11877
11877
11878
11878
11879
11879
11880
11880
11881
11882
11883
11859
11884
11885
11861
11862
11886
11887
11888
11889
11890
11890
11891
11891
11892
11889
11892
11868
11885
11893
11893
11894
11894
11895
11895
11896
11896
11897
11893
11897
11898
11899
11900
11900
11901
11901
11902
11902
11903
11903
11882
11904
11888
11884
11904
11905
11898
11887
11889
11906
11907
11908
11908
11909
11910
11911
11911
11912
11910
11912
11913
11913
11914
11914
11915
11913
11915
11905
11905
11909
11916
11916
11917
11917
11918
11918
11919
11919
11909
11907
11910
11920
11921
11922
11922
11923
11923
11924
11925
11924
11925
11926
11926
11926
11923
11927
11927
11928
11928
11929
11929
11921
11924
11930
11931
11932
11932
11933
11933
11934
11934
11933
11935
11935
11936
11936
11931
11934
11937
11937
11938
11938
11938
11939
11939
11940
11940
11940
)


// ************************************************************************* //
