/*--------------------------------*- C++ -*----------------------------------*\
| =========                 |                                                 |
| \\      /  F ield         | OpenFOAM: The Open Source CFD Toolbox           |
|  \\    /   O peration     | Version:  v2012                                 |
|   \\  /    A nd           | Website:  www.openfoam.com                      |
|    \\/     M anipulation  |                                                 |
\*---------------------------------------------------------------------------*/
FoamFile
{
    version     2.0;
    format      ascii;
    class       volScalarField;
    location    "50";
    object      yPlus;
}
// * * * * * * * * * * * * * * * * * * * * * * * * * * * * * * * * * * * * * //

dimensions      [0 0 0 0 0 0 0];


internalField   uniform 0;

boundaryField
{
    flap
    {
        type            calculated;
        value           nonuniform List<scalar> 
202
(
13.1871
12.3535
12.301
13.1079
13.1695
14.6417
14.254
14.2197
14.2721
14.3932
14.5317
14.6737
14.8156
14.9519
15.0881
15.2177
15.3532
15.4807
15.6144
15.7425
15.8702
15.9967
16.123
16.2437
16.3625
16.4815
16.5976
16.7158
16.8298
16.9482
17.0607
17.17
17.2808
17.3883
17.4941
17.601
17.7039
17.8081
17.9095
18.0089
18.1075
18.2023
18.2969
18.3881
18.476
18.5616
18.6467
18.7314
18.8149
18.8934
18.9687
19.0364
19.0968
19.1462
19.1848
19.2152
19.2362
19.2492
19.2515
19.2514
19.2481
19.2437
19.2435
19.2594
19.3019
19.3834
19.5155
19.709
19.9659
20.294
20.7041
21.2002
21.7745
22.4166
23.0998
23.7306
24.0107
23.7943
23.2633
22.6183
21.9325
21.223
20.5265
19.8433
19.1886
18.6434
18.7906
20.3427
21.7282
22.9278
23.9855
24.9088
25.7642
26.5156
27.1519
27.6351
27.9713
28.1006
27.9208
27.2301
25.043
16.8232
8.93621
13.2436
14.7244
14.3441
14.3141
14.3699
14.4935
14.635
14.7802
14.9252
15.0644
15.2037
15.3363
15.4748
15.6052
15.7421
15.8737
16.0057
16.1369
16.2675
16.3916
16.513
16.6355
16.7553
16.8781
16.9968
17.1204
17.2383
17.3533
17.47
17.5834
17.6951
17.8078
17.9159
18.0247
18.1305
18.2337
18.3359
18.4336
18.5307
18.6243
18.7141
18.8007
18.886
18.9701
19.0519
19.1285
19.2019
19.2674
19.3253
19.3727
19.4099
19.4394
19.4613
19.4784
19.4875
19.4989
19.5121
19.5285
19.553
19.5958
19.6656
19.7719
19.9239
20.1299
20.3907
20.7133
21.1081
21.5761
22.1074
22.6877
23.2882
23.8189
23.9884
23.6698
23.0776
22.4205
21.7762
21.1754
20.664
20.2102
19.7584
19.5176
20.3729
21.5598
22.5185
23.3866
24.2408
25.1024
25.9652
26.746
27.4056
27.9057
28.2592
28.4133
28.2829
27.6575
25.7821
17.916
8.69005
)
;
    }
    freestream
    {
        type            calculated;
        value           uniform 0;
    }
    main
    {
        type            calculated;
        value           nonuniform List<scalar> 
231
(
16.0533
8.80583
10.9042
14.6337
17.4207
19.2756
20.4601
21.1487
21.4545
21.4646
21.2302
20.7274
20.0195
19.1035
18.1666
17.3494
16.923
17.7093
18.6384
19.5425
20.3567
20.935
21.3131
21.4458
21.3691
21.035
20.353
19.2068
17.4231
14.7863
11.1856
8.72346
15.99
13.5504
14.175
15.1375
16.2753
17.5252
18.8566
20.249
21.6734
23.0928
24.4674
25.7418
26.8747
27.8505
28.6561
29.2843
29.7384
30.0345
30.1937
30.2411
30.1983
30.0877
29.9255
29.7306
29.5145
29.288
29.0619
28.8375
28.616
28.3953
28.174
27.9547
27.7378
27.5238
27.3101
27.1009
26.894
26.6871
26.4819
26.2802
26.0801
25.8847
25.6942
25.5135
25.3448
25.1895
25.053
24.9367
24.8384
24.754
24.681
24.6183
24.5612
24.5105
24.46
24.4095
24.362
24.3142
24.2687
24.2251
24.1889
24.1548
24.1228
24.0927
24.064
24.0324
24.004
23.9712
23.9364
23.9045
23.8709
23.8352
23.7975
23.7608
23.7219
23.6838
23.6446
23.6086
23.5731
23.5373
23.5025
23.4706
23.437
23.404
23.3698
23.3342
23.2958
23.2562
23.2115
23.168
23.1205
23.0689
23.0127
22.9557
22.8881
22.8451
22.7981
22.9588
22.8654
20.6622
20.713
22.9096
23.0013
22.8361
22.8802
22.9211
22.9865
23.0415
23.0958
23.1456
23.1913
23.2333
23.2765
23.3145
23.3512
23.385
23.4176
23.4493
23.4815
23.512
23.5456
23.5803
23.6146
23.6496
23.6877
23.7249
23.763
23.7991
23.8361
23.8713
23.9045
23.9361
23.9706
24.0029
24.0309
24.0621
24.0896
24.1199
24.1538
24.1875
24.2245
24.2701
24.3168
24.3659
24.4148
24.4663
24.5176
24.5684
24.6242
24.6881
24.7615
24.8451
24.9458
25.0613
25.1948
25.3493
25.5177
25.6984
25.8899
26.0841
26.2791
26.4756
26.6796
26.8963
27.1218
27.3485
27.577
27.7961
28.0006
28.1984
28.3879
28.5763
28.772
28.9793
29.2029
29.439
29.6798
29.9094
30.109
30.2541
30.3197
30.2811
30.1125
29.7929
29.3044
28.6411
27.806
26.8078
25.6705
24.4077
23.0497
21.6393
20.2218
18.8352
17.5079
16.2631
15.1284
14.1636
13.5383
)
;
    }
    BaseAndTop
    {
        type            empty;
    }
}


// ************************************************************************* //
