/*--------------------------------*- C++ -*----------------------------------*\
| =========                 |                                                 |
| \\      /  F ield         | OpenFOAM: The Open Source CFD Toolbox           |
|  \\    /   O peration     | Version:  v2012                                 |
|   \\  /    A nd           | Website:  www.openfoam.com                      |
|    \\/     M anipulation  |                                                 |
\*---------------------------------------------------------------------------*/
FoamFile
{
    version     2.0;
    format      ascii;
    class       volScalarField;
    location    "0";
    object      nut;
}
// * * * * * * * * * * * * * * * * * * * * * * * * * * * * * * * * * * * * * //

dimensions      [0 2 -1 0 0 0 0];


internalField   nonuniform List<scalar> 
6320
(
0.000241772
0.000242045
0.000241441
0.000242842
0.000245764
0.000244712
0.000241237
0.000242996
0.000241987
0.000244188
0.000243194
0.000247169
0.000245547
0.000240498
0.000241178
0.000241939
0.000243951
0.000243019
0.000245222
0.000242754
0.000245029
0.000248793
0.000247513
0.00024032
0.000241709
0.000242664
0.000245195
0.000243526
0.00024679
0.000248572
0.000246068
0.000250242
0.000248416
0.000247226
0.000240793
0.000242473
0.000241408
0.00024001
0.000246281
0.000244351
0.000247875
0.000246189
0.0002642
0.00024845
0.00025205
0.000250586
0.000239824
0.000240681
0.000243007
0.000241796
0.000240363
0.000240049
0.000247749
0.000246066
0.000245278
0.00024445
0.000249744
0.000254347
0.000295452
0.000250465
0.000253899
0.000251632
0.000243535
0.000242602
0.00024036
0.000241839
0.000239886
0.000239996
0.000239727
0.00024128
0.000243715
0.000242376
0.000240649
0.000240436
0.000248913
0.000247721
0.000246164
0.000245254
0.000250942
0.000253928
0.000270155
0.000252766
0.000256086
0.000254198
0.000243354
0.000245781
0.000244669
0.0002435
0.000240287
0.000241139
0.000242836
0.000240012
0.000240364
0.000239747
0.000241406
0.000243755
0.00024254
0.000241069
0.000240629
0.000250448
0.000248478
0.000247052
0.000245108
0.000253369
0.000264004
0.000298959
0.000257505
0.000258616
0.000255615
0.000249265
0.000236731
0.000245325
0.000245845
0.000244596
0.000243486
0.000240818
0.000241762
0.000243169
0.000240406
0.00024052
0.000239979
0.000241994
0.000244466
0.000243201
0.00024127
0.000241027
0.000251743
0.000248198
0.000250164
0.00024666
0.000245815
0.000254892
0.000265558
0.000282148
0.000259781
0.00026079
0.000259076
0.0002427
0.000249667
0.000241161
0.000247722
0.000247258
0.000245642
0.000244472
0.000240208
0.000240687
0.000241324
0.000242608
0.000241698
0.000244251
0.00024051
0.00024045
0.000240922
0.000240235
0.000239771
0.000242098
0.000244591
0.000243452
0.000241714
0.000241212
0.000253805
0.000249249
0.000250737
0.00024736
0.000245383
0.000257614
0.000285379
0.000301522
0.00026802
0.00026509
0.000261699
0.000252034
0.000251518
0.000240102
0.00024932
0.00024687
0.00024882
0.000245453
0.00023984
0.000240139
0.000241055
0.000241688
0.000243147
0.000242416
0.000244842
0.000240858
0.00024073
0.000241004
0.000240281
0.000239889
0.000242628
0.000244217
0.000243163
0.000241823
0.000241592
0.000255306
0.000248564
0.000252145
0.000246695
0.000245823
0.000261364
0.000258065
0.000301436
0.000286638
0.000268874
0.000265796
0.000266321
0.000252658
0.000252404
0.000251712
0.000247916
0.000250217
0.000246404
0.000239552
0.000240353
0.000241449
0.000242246
0.000244016
0.000242984
0.000242539
0.00024607
0.000241027
0.00023972
0.000240568
0.000241299
0.000240146
0.000239901
0.000242544
0.000244656
0.00024365
0.000242217
0.000241795
0.000257723
0.000254912
0.00024936
0.000253834
0.000251934
0.000247095
0.000245459
0.000265009
0.000261878
0.000302095
0.000276308
0.000270075
0.000295567
0.000254057
0.000253902
0.000270254
0.00025322
0.000249199
0.000247534
0.000252046
0.000239571
0.000240147
0.000240691
0.000241737
0.000242595
0.000244463
0.00024364
0.000243223
0.000246829
0.000241358
0.000240698
0.000241181
0.000241694
0.000240274
0.000240124
0.000239906
0.000242938
0.000244353
0.000243418
0.000242227
0.000259671
0.000257523
0.000250671
0.000248139
0.000255224
0.000253441
0.000246063
0.00027168
0.000264134
0.000291221
0.000275845
0.000256761
0.000257569
0.000298703
0.000253038
0.000256062
0.000249959
0.000248509
0.00025345
0.000239343
0.000239845
0.000240396
0.000240702
0.000242191
0.000243152
0.000245268
0.000243672
0.000243551
0.00024634
0.000248213
0.000241068
0.000240513
0.000240968
0.000241475
0.00024201
0.000240234
0.000240071
0.000242578
0.000244914
0.000243796
0.000262367
0.000258603
0.000250985
0.000248501
0.000256993
0.000252836
0.00024616
0.000279574
0.00026757
0.000304305
0.000289351
0.00025898
0.000265219
0.000281236
0.00025574
0.000258117
0.000251492
0.000255488
0.000239413
0.000239733
0.000240467
0.000242314
0.000243363
0.000245216
0.000244439
0.000244204
0.000247417
0.000249019
0.000241203
0.000240616
0.000241055
0.000241355
0.000241762
0.00024236
0.000240467
0.000240194
0.000240147
0.000240021
0.000242745
0.000244362
0.000245626
0.000243576
0.000264625
0.000261218
0.000250148
0.000248076
0.00025786
0.000254136
0.000247127
0.000279513
0.000293305
0.000273154
0.000268188
0.000263991
0.000268551
0.000301429
0.000256989
0.000262239
0.000251569
0.000256767
0.000239315
0.000239905
0.000240791
0.000240173
0.000241964
0.000242849
0.000243945
0.000246064
0.000244498
0.000244671
0.000247163
0.000250256
0.000241524
0.000240854
0.000241047
0.000241528
0.000241945
0.000242348
0.000240511
0.000240361
0.000240313
0.000240032
0.000243178
0.000244341
0.000245989
0.000243865
0.000264738
0.000260708
0.000251256
0.000249001
0.000255658
0.000254746
0.000246811
0.000293298
0.000304266
0.000279714
0.000273256
0.00026755
0.000286217
0.000259611
0.000264811
0.000253092
0.000254929
0.000259409
0.000239525
0.000239851
0.000240698
0.000240234
0.000242163
0.000242707
0.000243733
0.000245975
0.000245261
0.00024529
0.000248265
0.000250749
0.000241267
0.000239428
0.000240843
0.000241298
0.000241797
0.000242009
0.000242712
0.000240691
0.000240447
0.000240314
0.000240182
0.000240121
0.000243061
0.000244808
0.000245428
0.000243488
0.000269032
0.00026306
0.000252719
0.000250054
0.000248224
0.000256648
0.000254241
0.000247361
0.00030437
0.000293588
0.00027555
0.000276126
0.000301622
0.000262746
0.000259993
0.000271827
0.000252647
0.000256031
0.000261583
0.000239731
0.000240095
0.000241004
0.000240503
0.000241898
0.000243102
0.000244252
0.000246927
0.000245796
0.000247736
0.000249863
0.000241564
0.000239535
0.000241048
0.000241266
0.000241931
0.000242421
0.00024285
0.000240768
0.000240639
0.000240465
0.000240196
0.000240178
0.000244652
0.000245668
0.00024364
0.000269294
0.000266319
0.000262963
0.000252574
0.000250082
0.000248346
0.000258308
0.000255864
0.000246936
0.000304027
0.000283275
0.000278349
0.000289782
0.000266293
0.000263292
0.000278157
0.000253876
0.000258095
0.000261041
0.000264912
0.000239876
0.000240229
0.000241114
0.000240645
0.000242189
0.000243092
0.000243736
0.00024493
0.000247505
0.000246502
0.000248981
0.000251113
0.000241637
0.000239446
0.000239744
0.000239351
0.000241068
0.000241483
0.000241881
0.000242261
0.000242731
0.000243313
0.00024094
0.000240672
0.000240601
0.000240454
0.000240337
0.000240307
0.000244182
0.000245126
0.000246325
0.000275894
0.000268698
0.000260766
0.000266214
0.000254293
0.000251437
0.000249287
0.000247517
0.000257747
0.000295092
0.000283437
0.000292414
0.000303816
0.00027277
0.000292372
0.000253321
0.000257923
0.000264225
0.000268993
0.000240079
0.000240445
0.000241386
0.000240879
0.000241927
0.000242499
0.000242839
0.000243923
0.000245183
0.000248338
0.000246096
0.000250248
0.000249496
0.000239585
0.000239797
0.000239416
0.000241253
0.000241406
0.000241695
0.000242124
0.000242376
0.00024304
0.000243412
0.00024097
0.000240851
0.000240684
0.000240572
0.000240402
0.000244229
0.000245288
0.000246417
0.000278112
0.000272468
0.000262197
0.000268279
0.000254983
0.000251994
0.000249894
0.00024767
0.000259686
0.000305641
0.000295458
0.000303826
0.000279407
0.000303775
0.00025514
0.000260184
0.000268709
0.000263778
0.000275418
0.00024012
0.000240417
0.000241413
0.000240807
0.000241947
0.000242529
0.00024318
0.000244419
0.000243549
0.000245401
0.000247547
0.000246776
0.000251639
0.000250446
0.00023972
0.00023953
0.00023998
0.000241122
0.000241531
0.000241734
0.000242144
0.000242658
0.000242917
0.000243794
0.000240833
0.000240741
0.00024068
0.000240576
0.00024053
0.000240384
0.00024473
0.000245203
0.000245985
0.00024709
0.000285413
0.000272545
0.000265076
0.000268441
0.000257016
0.000253393
0.000250994
0.000249312
0.000248573
0.000260421
0.000304713
0.000293045
0.000254684
0.000259128
0.000274152
0.000266344
0.000282821
0.000240296
0.00024061
0.000241224
0.000241706
0.000240991
0.000242247
0.000242841
0.000244096
0.00024496
0.000243636
0.00024624
0.00024825
0.000246966
0.000253169
0.000251646
0.000249344
0.000239812
0.000239603
0.000240021
0.000239547
0.000241187
0.000241482
0.00024193
0.000242387
0.000242782
0.000243217
0.000243737
0.000240962
0.000240892
0.00024074
0.000240675
0.000240591
0.000240468
0.000244473
0.000245726
0.000246222
0.000247298
0.000285589
0.000296436
0.000278079
0.00026542
0.000272649
0.000256206
0.000259357
0.000253075
0.000250815
0.000249735
0.000247931
0.000263624
0.000304263
0.000257239
0.000262446
0.000276858
0.000279738
0.000270652
0.000295017
0.00024037
0.000240561
0.000241323
0.000241746
0.000240878
0.000242209
0.000242886
0.000244384
0.000245281
0.000243313
0.000246044
0.000247776
0.000254208
0.00025269
0.000249966
0.000239733
0.00023994
0.000240174
0.000239625
0.000241205
0.000241374
0.000241679
0.000241943
0.000242308
0.000242596
0.000243067
0.000243532
0.000244131
0.000241096
0.000240891
0.000240831
0.000240709
0.000240685
0.00024057
0.000240512
0.000244673
0.000245518
0.000246763
0.000296671
0.00030624
0.000278065
0.000268939
0.000272769
0.000257759
0.00025433
0.000261602
0.000251691
0.000249115
0.000247613
0.000265757
0.000258713
0.000263935
0.000282952
0.000291602
0.00027157
0.000305489
0.000240308
0.000240686
0.000241189
0.000241567
0.000242003
0.000240985
0.000242481
0.000242754
0.000244093
0.000244956
0.00024538
0.000243371
0.000246644
0.000248448
0.000256068
0.00025143
0.000249651
0.000239785
0.000240002
0.000240136
0.000239625
0.00023976
0.000241359
0.00024146
0.000241591
0.000241829
0.000242146
0.000242429
0.000242623
0.000243228
0.000243759
0.000244054
0.000241078
0.000240985
0.000240866
0.000240819
0.000240765
0.00024069
0.000240653
0.000245047
0.000244298
0.000245843
0.000246395
0.000305069
0.000285229
0.000269423
0.000277037
0.000260232
0.000256375
0.000253036
0.000264476
0.000250823
0.000248161
0.000249628
0.000246771
0.000269017
0.000261133
0.000263873
0.000268317
0.000278941
0.00029399
0.000240438
0.00024061
0.000241287
0.000241644
0.000242083
0.000240907
0.00024234
0.000243009
0.000244324
0.000243718
0.000245121
0.000246074
0.000247392
0.000248055
0.000255687
0.000252044
0.000250629
0.000239936
0.000240235
0.000239763
0.000239885
0.000241376
0.000241626
0.000241899
0.000242057
0.000242458
0.000242811
0.000243508
0.00024301
0.000241173
0.000240951
0.000240872
0.00024084
0.000240814
0.000240813
0.000240781
0.0002449
0.000243959
0.000245338
0.000296737
0.00028227
0.000273913
0.000277529
0.000262089
0.000257836
0.000254082
0.000251426
0.000266805
0.000247475
0.000248796
0.000246381
0.000272615
0.000261292
0.000266671
0.000271409
0.000285731
0.000304881
0.000240373
0.00024073
0.000241194
0.000241502
0.0002419
0.00024102
0.000242526
0.000242884
0.000244011
0.000244738
0.000243691
0.000245655
0.000246129
0.000247804
0.00024906
0.000253658
0.000257904
0.000250231
0.000239775
0.00024002
0.000240275
0.000239849
0.000239991
0.0002415
0.000241273
0.000241757
0.000242144
0.00024229
0.000242611
0.000243383
0.000243047
0.000241111
0.000240983
0.000240934
0.000240912
0.000240948
0.00024095
0.000240973
0.000244477
0.000243574
0.000244051
0.000245335
0.00030609
0.000288285
0.000276216
0.000283334
0.000265366
0.000260499
0.000270546
0.000246779
0.000245801
0.000260184
0.000264672
0.00027005
0.000276922
0.000284963
0.000296462
0.000240485
0.000240727
0.0002413
0.000241587
0.000241971
0.000241018
0.000242469
0.000243114
0.000244068
0.000244841
0.000243433
0.000239853
0.000239998
0.000240143
0.000240216
0.00024041
0.000239911
0.000240071
0.00024145
0.000241256
0.000241702
0.000241949
0.00024213
0.000242418
0.000242867
0.000241131
0.000241053
0.000240956
0.000240982
0.000241017
0.000241068
0.000241044
0.00024121
0.000244451
0.000243273
0.000243699
0.000298252
0.000281432
0.000288626
0.000268565
0.000262456
0.000273284
0.000266913
0.00027299
0.000277928
0.000296222
0.000306156
0.000240619
0.000240888
0.00024147
0.000241166
0.000241805
0.000242233
0.000242732
0.00024299
0.000243727
0.000243444
0.000239942
0.000240157
0.000240152
0.000240285
0.000240451
0.000240021
0.000240084
0.000241333
0.000241543
0.000241183
0.000241802
0.000241929
0.000242202
0.000242482
0.000242654
0.000243013
0.000241091
0.000241031
0.000241019
0.00024107
0.00024119
0.000241317
0.000241422
0.000241477
0.000243338
0.000306583
0.000278363
0.000287868
0.000298498
0.000273026
0.000269153
0.000265683
0.000271013
0.000284443
0.000305007
0.000240647
0.000240884
0.000241576
0.000241163
0.00024186
0.00024221
0.000242602
0.000243151
0.000240106
0.000240226
0.000240223
0.000240385
0.000240569
0.000240142
0.000240214
0.00024126
0.00024147
0.000241147
0.000241679
0.000241881
0.000242156
0.000242278
0.000242627
0.000242783
0.0002411
0.000241066
0.000241058
0.000241177
0.000241134
0.000241404
0.000241537
0.000241615
0.000241979
0.000243072
0.000283222
0.000296891
0.000306735
0.000278526
0.000273989
0.000274523
0.00029622
0.000280109
0.000240774
0.000241019
0.000241482
0.000241769
0.000241318
0.000242061
0.000242395
0.000242766
0.000240391
0.00024061
0.000240285
0.000240441
0.000240616
0.000240289
0.000240303
0.000240294
0.000241297
0.000241185
0.000241365
0.000241548
0.000241729
0.000241994
0.000242259
0.000242427
0.000242612
0.000241098
0.000241078
0.000241115
0.000241364
0.000241289
0.000241541
0.000242096
0.000242123
0.000242794
0.000293735
0.000284374
0.000279663
0.000305685
0.000285583
0.000240785
0.000241008
0.000241587
0.000241887
0.000241263
0.000242044
0.000242197
0.000240658
0.000240501
0.000240403
0.000240553
0.000240724
0.000240433
0.000240415
0.000240451
0.00024123
0.000241159
0.000241312
0.000241463
0.00024164
0.000241861
0.000242029
0.000242382
0.000241146
0.000241107
0.000241223
0.000241478
0.000241379
0.000241906
0.000242342
0.000242601
0.000242663
0.000243075
0.000305353
0.000296015
0.000296672
0.000240906
0.000241133
0.000241481
0.000241758
0.00024135
0.000242162
0.000241422
0.000240943
0.000240899
0.000240451
0.000240588
0.000240779
0.000240577
0.000240475
0.000240512
0.000241241
0.000241191
0.000241147
0.000241358
0.000241511
0.000241706
0.000241883
0.000241951
0.000241209
0.000241193
0.000241311
0.000241906
0.000241691
0.000242505
0.000242195
0.000243402
0.000243544
0.000243488
0.00024425
0.00024498
0.000305516
0.000240888
0.00024107
0.000241461
0.000241759
0.000241291
0.000241439
0.000241206
0.000240551
0.000240686
0.00024075
0.000240913
0.000240567
0.000240682
0.000241199
0.000241155
0.000241146
0.000241301
0.000241437
0.000241677
0.000241756
0.000241258
0.000241281
0.00024163
0.00024206
0.000241864
0.00024328
0.000243048
0.000243956
0.000244181
0.000244464
0.000245992
0.000240967
0.000241118
0.000241351
0.000241588
0.000241208
0.000241882
0.000241723
0.000241175
0.000240625
0.000240715
0.00024081
0.000241142
0.000240702
0.000240926
0.000241231
0.000241169
0.000241172
0.000241228
0.00024134
0.000241482
0.000241563
0.000241584
0.000241386
0.000241551
0.000241744
0.000242834
0.000242436
0.000243849
0.000243547
0.000241038
0.000206733
0.000245332
0.000195672
0.00022624
0.000240914
0.000241039
0.000241283
0.000241186
0.000243498
0.000242827
0.000242207
0.000241561
0.000240731
0.000240763
0.000240801
0.000240806
0.000240869
0.000241119
0.000241557
0.000240872
0.000241172
0.000241214
0.00024118
0.000241209
0.000241326
0.000241283
0.000241363
0.000241488
0.000241606
0.000241432
0.00024216
0.000224832
0.0002089
0.000196636
0.000211265
0.000164405
0.000203908
0.000245145
0.000168793
0.000168446
0.000173463
0.000240941
0.00024099
0.000241046
0.000241357
0.000241129
0.000244825
0.000243677
0.000242183
0.000243409
0.000240857
0.000240869
0.000240903
0.000240849
0.000240875
0.000241504
0.000241863
0.000241136
0.000241579
0.00024118
0.000241232
0.000241176
0.000241221
0.000241343
0.000241309
0.000241293
0.000241787
0.000241756
0.000193958
0.000195937
0.00016168
0.000170889
0.000181725
0.000165411
0.000171227
0.000144261
0.000169323
0.000199037
0.000160678
0.000193222
0.000172815
0.00018758
0.00024092
0.000240957
0.000241019
0.000241184
0.000244851
0.000245615
0.000243239
0.000244051
0.00024099
0.000240973
0.00024093
0.000240889
0.000240901
0.000242802
0.000241292
0.00024215
0.000241188
0.000241188
0.000241216
0.000241257
0.000241434
0.000241222
0.00020154
0.000241892
0.000164178
0.000170314
0.00014269
0.000173033
0.000145513
0.000152519
0.000144187
0.000126645
0.000170683
0.000159047
0.000138431
0.000162087
0.000153396
0.000148258
0.000240932
0.000240966
0.000241073
0.00024115
0.000219265
0.000225959
0.000243577
0.000218876
0.000241165
0.00024113
0.000240986
0.000240931
0.000240914
0.00024342
0.000243123
0.000241756
0.000242229
0.000242738
0.000241182
0.000241189
0.0002412
0.000241297
0.00024123
0.000241442
0.000241704
0.000194114
0.000180206
0.00013681
0.000129234
0.000114082
0.000147736
0.00011678
0.000150604
0.000144119
0.000162479
0.000146989
0.000121341
0.00014561
0.000154698
0.000153511
0.000145856
0.000240942
0.00024099
0.000241082
0.000198175
0.000221276
0.00020291
0.000242276
0.000241272
0.000241238
0.000241174
0.000241066
0.000241042
0.000240944
0.0002076
0.000220759
0.000242058
0.00020474
0.000184991
0.000241164
0.00024126
0.000241182
0.000241159
0.000241399
0.000241435
0.000241603
0.000214784
0.000138095
0.000147785
0.000161191
0.000129717
0.000104221
9.92551e-05
0.000108786
0.000102197
0.000117463
0.000117797
0.000131666
0.000123414
0.000139076
0.000141599
0.000136097
0.000149335
0.000125158
0.000240968
0.000241051
0.0001648
0.000185293
0.000173216
0.000183689
0.000241759
0.000241627
0.000241281
0.000241112
0.000241036
0.000185939
0.000175173
0.000213373
0.000199189
0.000198776
0.000177564
0.000241299
0.000241184
0.000241443
0.000241483
0.000241771
0.000205885
0.000179404
0.000118784
0.000137155
0.000133489
0.000106005
0.000113312
8.2829e-05
0.000103588
8.49932e-05
7.96559e-05
0.000102868
0.000107839
0.000108779
0.000126933
0.000120188
0.00011664
0.000133956
0.000122308
0.000131958
0.000130577
0.000137189
0.000241025
0.0002411
0.000179723
0.000156089
0.000179293
0.000172351
0.000154878
0.000161545
0.000241916
0.000239299
0.000241505
0.000241301
0.00024111
0.000165767
0.00015602
0.000166134
0.000145036
0.000160298
0.000156846
0.00024126
0.000241611
0.000241719
0.000171613
0.000141875
9.98697e-05
0.000109099
0.000122744
8.84333e-05
8.98085e-05
7.23552e-05
9.83287e-05
7.82952e-05
8.82651e-05
0.000106992
9.33743e-05
0.000101088
0.000109573
0.000100602
0.00013654
0.000131969
0.000126282
0.00012854
0.000119465
0.00011419
0.000241083
0.000241113
0.000141739
0.000154555
0.0001427
0.000161054
0.000146341
0.000137662
0.000211378
0.000241798
0.00019292
0.000241554
0.000241423
0.00024121
0.000154058
0.000131792
0.000160962
0.000163464
0.000113924
0.00011751
0.000128111
0.000126617
0.00024129
0.000241517
0.000241841
0.000189497
0.00013789
0.000158524
7.95863e-05
0.000102184
0.000108094
7.15525e-05
7.5835e-05
6.05931e-05
6.91463e-05
7.53568e-05
7.72527e-05
7.61035e-05
8.3892e-05
9.366e-05
9.0823e-05
9.84657e-05
8.98235e-05
0.000118129
0.000114711
0.000112663
0.000117491
0.000129699
0.00011531
0.000110472
0.000241216
0.000241218
0.000136156
0.000141645
0.000149817
0.00013551
0.000138484
0.000136823
0.000167578
0.000171923
0.000241815
0.000238585
0.000241348
0.000125719
0.000124548
0.000143521
0.000125496
0.000111308
9.99402e-05
0.000104416
0.000109696
0.000241756
0.000194453
0.00018875
0.000153312
0.000113413
0.000120965
7.61079e-05
7.05805e-05
8.08592e-05
0.00010343
6.25096e-05
6.38879e-05
6.03999e-05
6.3751e-05
5.4115e-05
8.19537e-05
6.40221e-05
6.9812e-05
9.17364e-05
8.51463e-05
0.000100638
8.54556e-05
9.72076e-05
0.000113644
0.000108405
0.000120462
0.000117567
0.000108199
0.000112982
0.000111412
0.000120017
0.0002413
0.000129747
0.000131324
0.000117938
0.000127203
0.000132373
0.000125585
0.000146975
0.000168533
0.000143171
0.000193614
0.000241542
0.000108763
0.000109882
0.000118091
9.4866e-05
9.51299e-05
0.000115114
0.000117958
9.76669e-05
0.00024175
0.000157331
0.000167967
0.000125403
0.000103534
9.93273e-05
6.16373e-05
5.65147e-05
7.22984e-05
8.6299e-05
5.65219e-05
4.96434e-05
5.85081e-05
6.12476e-05
6.18932e-05
7.09312e-05
7.28479e-05
8.6675e-05
7.8194e-05
9.3022e-05
9.2729e-05
8.45118e-05
0.000106796
9.63332e-05
0.000112358
0.000107081
0.000112779
0.000111774
9.97162e-05
0.000108558
0.000110329
0.000241504
0.000131633
0.000125177
0.000116171
0.000124483
0.000115712
0.000132755
0.000119795
0.000123082
0.000129528
0.000174331
0.000108843
0.000142126
0.000189816
0.00010348
0.000107275
0.000102298
0.00012894
8.54903e-05
0.000103946
7.37611e-05
9.35416e-05
0.000199729
0.000115935
0.000153686
0.000133294
0.000100961
8.737e-05
9.01795e-05
5.95678e-05
5.62979e-05
5.1597e-05
6.56537e-05
7.77966e-05
3.87179e-05
5.3595e-05
4.62823e-05
6.41629e-05
5.35527e-05
4.06716e-05
6.47674e-05
6.0263e-05
8.0935e-05
7.40682e-05
8.50319e-05
8.72985e-05
8.20523e-05
8.81391e-05
0.000116257
0.000101343
0.000115302
0.000116237
0.0001097
0.000105444
9.70248e-05
0.000112543
0.000108671
0.000105508
0.000112692
0.000112526
0.000110235
0.000113647
0.000110171
0.000103369
0.000100033
0.000105789
0.000115399
0.000127405
0.000101971
9.0033e-05
0.000134667
0.000168339
9.65344e-05
9.46133e-05
7.3952e-05
5.67799e-05
8.13465e-05
0.000102003
6.09503e-05
8.93623e-05
0.000111568
0.000147198
0.000101962
8.79371e-05
7.86823e-05
8.15179e-05
4.75131e-05
5.68107e-05
3.88969e-05
5.38708e-05
6.72296e-05
4.59843e-05
3.72701e-05
4.27216e-05
3.67363e-05
3.82405e-05
5.14187e-05
4.45371e-05
3.70928e-05
5.54729e-05
6.28401e-05
6.15037e-05
6.88992e-05
7.18485e-05
9.31879e-05
8.9698e-05
8.25719e-05
7.46995e-05
8.62462e-05
0.000110529
0.000103897
9.42873e-05
0.000107404
0.000111643
9.33162e-05
0.000103665
0.000101104
0.000106334
0.00010568
0.000114366
0.000129441
0.00010168
9.74502e-05
0.00011751
0.000125391
9.31967e-05
9.46237e-05
9.38613e-05
9.5733e-05
0.000103155
0.000110714
8.08905e-05
8.3741e-05
0.000147872
0.000109052
8.65472e-05
8.9906e-05
6.9371e-05
7.61341e-05
7.97123e-05
7.96397e-05
8.02958e-05
6.25774e-05
8.03132e-05
0.000104002
0.000125407
9.43239e-05
5.90454e-05
7.767e-05
4.01952e-05
4.38133e-05
3.71561e-05
4.36878e-05
5.59108e-05
3.74485e-05
4.13765e-05
3.95377e-05
3.39473e-05
3.46703e-05
5.38988e-05
4.08126e-05
3.66465e-05
4.46396e-05
5.74817e-05
6.20867e-05
5.65279e-05
7.85198e-05
8.15702e-05
7.62863e-05
7.55514e-05
6.9318e-05
0.00010506
9.52542e-05
9.53763e-05
0.000123982
9.35122e-05
0.000101449
9.45897e-05
0.00010059
9.34077e-05
9.0833e-05
0.000105507
0.000104527
0.000100653
0.00012137
0.000116627
0.00010009
0.000124668
0.000101909
0.000109644
9.27539e-05
0.000115331
0.00010567
0.000100905
8.37623e-05
9.14393e-05
7.58666e-05
8.47779e-05
9.1206e-05
6.4299e-05
7.77544e-05
9.5563e-05
8.85012e-05
7.58714e-05
7.18747e-05
6.01876e-05
6.41972e-05
6.2533e-05
6.68986e-05
7.52937e-05
9.25564e-05
0.00010077
6.9529e-05
6.13501e-05
6.06732e-05
3.92015e-05
3.26014e-05
4.02554e-05
3.13222e-05
4.1594e-05
4.59251e-05
3.4123e-05
3.60808e-05
3.34293e-05
3.26485e-05
4.13947e-05
4.70548e-05
3.80107e-05
4.78244e-05
5.66483e-05
5.76355e-05
7.05404e-05
7.69327e-05
9.02983e-05
7.58349e-05
7.99962e-05
7.33267e-05
9.17741e-05
9.10173e-05
0.000101341
0.000107686
9.14958e-05
0.000115699
0.000100333
9.09307e-05
9.03275e-05
0.000101226
8.9654e-05
0.000107694
0.000103617
9.61665e-05
0.000107574
0.000110537
9.6639e-05
9.43208e-05
9.79325e-05
0.000104211
9.6812e-05
8.70649e-05
0.000101268
7.8444e-05
7.78424e-05
7.74107e-05
6.23885e-05
7.22428e-05
8.33973e-05
7.59943e-05
6.86578e-05
4.89146e-05
5.37769e-05
4.6315e-05
6.08627e-05
5.90591e-05
6.10844e-05
6.83845e-05
8.17379e-05
7.36188e-05
6.34187e-05
5.61923e-05
4.80537e-05
3.40191e-05
3.27091e-05
2.9549e-05
3.26384e-05
3.37874e-05
4.11952e-05
4.40712e-05
2.89589e-05
2.92606e-05
3.2914e-05
2.90556e-05
3.08171e-05
5.02901e-05
3.86592e-05
5.36165e-05
4.44812e-05
5.67506e-05
6.21438e-05
5.83096e-05
8.56116e-05
8.81344e-05
7.42705e-05
7.16882e-05
7.38829e-05
7.91083e-05
0.000113609
8.99877e-05
9.49784e-05
8.74326e-05
0.000109323
9.5873e-05
9.61614e-05
0.000109025
0.000100438
9.72626e-05
0.000101937
0.000108545
0.000104296
9.19284e-05
0.0001003
0.000100986
9.39173e-05
0.000112147
0.000100062
0.000113836
9.92029e-05
0.000103273
8.07394e-05
8.48208e-05
8.89579e-05
6.048e-05
6.54359e-05
6.11947e-05
6.20726e-05
5.28559e-05
5.55376e-05
7.82224e-05
7.31209e-05
7.77667e-05
6.78947e-05
4.99124e-05
4.8767e-05
5.25763e-05
4.48213e-05
5.7061e-05
6.2555e-05
6.09413e-05
6.57296e-05
7.45865e-05
6.43663e-05
7.0372e-05
4.88681e-05
4.71598e-05
2.66511e-05
3.01942e-05
2.69933e-05
2.56225e-05
2.36651e-05
2.85932e-05
3.55469e-05
3.25982e-05
2.55679e-05
3.15409e-05
2.67272e-05
2.43254e-05
2.3623e-05
3.62591e-05
3.10991e-05
5.28272e-05
4.76591e-05
4.97468e-05
5.84172e-05
5.58453e-05
5.63528e-05
6.23699e-05
8.36607e-05
7.43489e-05
7.35759e-05
7.6735e-05
8.49167e-05
7.38247e-05
8.53162e-05
8.18189e-05
0.00010123
9.96606e-05
9.62852e-05
9.68683e-05
9.76708e-05
0.000100323
0.000102984
8.89821e-05
9.74094e-05
0.00010418
9.4079e-05
9.86782e-05
0.00010005
9.84751e-05
0.000104613
9.92974e-05
9.6831e-05
0.000105909
0.000118034
0.000120292
0.000100394
8.51583e-05
0.000102393
9.00039e-05
7.71662e-05
9.12801e-05
5.41918e-05
5.22532e-05
4.90263e-05
5.61616e-05
5.49975e-05
4.77298e-05
5.45298e-05
7.30331e-05
7.58439e-05
6.07693e-05
4.47891e-05
4.41177e-05
4.53929e-05
3.83111e-05
5.43708e-05
4.31086e-05
6.52443e-05
6.08657e-05
4.57335e-05
4.58998e-05
5.17049e-05
2.39078e-05
2.26572e-05
2.19828e-05
2.60796e-05
2.15525e-05
2.63131e-05
2.81447e-05
3.46017e-05
3.35611e-05
2.43891e-05
2.68388e-05
2.21548e-05
2.29411e-05
2.18168e-05
3.45416e-05
3.23155e-05
3.80032e-05
3.68266e-05
5.00158e-05
4.76858e-05
5.60871e-05
6.13768e-05
5.91473e-05
9.00767e-05
9.16406e-05
8.83273e-05
9.70128e-05
6.81738e-05
8.305e-05
7.58687e-05
7.43895e-05
9.65253e-05
8.68633e-05
0.000113309
0.00011574
0.000106234
0.000100292
0.000111353
8.75079e-05
0.000124013
0.000107935
9.88071e-05
8.7904e-05
9.42008e-05
8.90266e-05
0.000107219
0.000100425
0.000100369
0.000109754
0.000111633
9.51932e-05
9.61509e-05
0.000100281
0.000110138
0.000105251
0.00010741
0.000100913
0.000101093
9.87064e-05
0.000103347
7.98928e-05
8.12202e-05
8.361e-05
4.66354e-05
4.40173e-05
4.07633e-05
5.20152e-05
4.4466e-05
5.68818e-05
7.52433e-05
7.19931e-05
5.982e-05
6.95106e-05
3.69002e-05
3.58742e-05
3.69292e-05
4.34829e-05
4.38559e-05
3.58332e-05
3.66704e-05
6.17975e-05
5.63957e-05
4.47582e-05
4.58687e-05
5.29829e-05
3.69335e-05
2.21661e-05
2.01553e-05
1.86167e-05
1.99517e-05
1.98849e-05
2.07083e-05
2.66836e-05
2.5874e-05
2.69551e-05
2.18623e-05
2.55213e-05
3.15253e-05
1.856e-05
2.02114e-05
1.94998e-05
3.44067e-05
3.39541e-05
3.62566e-05
4.50803e-05
5.09504e-05
6.20865e-05
4.84333e-05
6.29176e-05
6.17169e-05
8.59837e-05
8.9383e-05
9.47078e-05
7.80648e-05
7.95821e-05
7.52251e-05
7.73018e-05
6.92907e-05
9.97872e-05
7.92024e-05
0.000114774
9.57648e-05
0.000106877
0.000101719
9.96807e-05
9.06675e-05
0.000104195
0.0001027
0.000102971
8.69622e-05
0.000102215
9.49674e-05
9.48759e-05
9.97279e-05
0.000101748
9.80508e-05
9.50812e-05
0.000102235
0.000106044
0.000105102
9.81148e-05
0.000109117
9.97669e-05
0.000102934
0.000102457
9.33579e-05
8.48435e-05
9.02847e-05
8.89746e-05
9.19546e-05
7.95474e-05
8.69081e-05
4.27094e-05
4.29604e-05
4.33634e-05
3.65418e-05
4.41299e-05
3.52812e-05
6.8712e-05
6.62131e-05
5.92139e-05
7.05997e-05
3.18997e-05
3.09252e-05
4.5827e-05
3.22758e-05
3.41673e-05
3.23372e-05
5.07392e-05
5.52634e-05
4.25319e-05
4.47577e-05
3.65847e-05
2.9941e-05
2.19008e-05
1.73549e-05
1.58088e-05
1.70627e-05
1.58317e-05
2.04056e-05
1.78417e-05
2.49783e-05
2.82116e-05
2.20028e-05
2.32917e-05
2.48728e-05
1.88466e-05
1.92211e-05
1.65581e-05
3.65562e-05
2.92602e-05
4.11024e-05
3.6941e-05
4.55763e-05
4.44394e-05
4.31314e-05
6.20406e-05
6.32085e-05
7.43215e-05
8.52516e-05
9.19535e-05
7.72152e-05
8.17622e-05
6.84377e-05
7.12372e-05
8.81089e-05
6.93553e-05
8.31721e-05
6.68191e-05
8.07472e-05
0.00010967
9.58079e-05
0.000100746
0.000107262
9.18722e-05
9.98707e-05
0.000102857
0.000103243
9.68112e-05
9.8153e-05
9.81616e-05
9.82805e-05
9.25259e-05
9.53395e-05
8.47344e-05
9.76912e-05
0.000101892
9.33271e-05
9.57836e-05
9.34526e-05
0.000102809
0.000114993
0.000109458
9.41785e-05
9.41273e-05
0.000102785
8.5548e-05
8.94219e-05
9.33715e-05
7.81529e-05
8.59249e-05
7.37979e-05
9.27181e-05
3.32303e-05
3.70211e-05
4.26502e-05
3.39156e-05
3.45206e-05
3.07226e-05
7.20144e-05
6.17807e-05
6.49311e-05
5.43797e-05
2.95558e-05
3.14281e-05
4.439e-05
3.538e-05
3.29776e-05
3.15113e-05
5.11739e-05
4.53038e-05
4.27308e-05
3.92906e-05
3.17324e-05
2.60509e-05
1.68289e-05
1.53687e-05
1.55526e-05
1.37424e-05
1.69655e-05
1.52695e-05
1.98564e-05
2.94192e-05
1.84369e-05
2.17088e-05
2.2867e-05
2.45109e-05
1.66208e-05
1.51766e-05
1.42557e-05
1.63728e-05
3.9984e-05
3.57635e-05
2.92848e-05
3.12394e-05
3.92457e-05
4.7425e-05
4.79546e-05
4.70874e-05
5.19595e-05
5.56845e-05
6.29063e-05
6.69259e-05
8.6219e-05
8.26626e-05
7.35439e-05
7.878e-05
8.22722e-05
7.2093e-05
7.51737e-05
6.68624e-05
9.06326e-05
6.20761e-05
8.30136e-05
0.000106588
0.00011672
0.000113262
0.000106252
0.000105599
0.000102629
9.67348e-05
9.75642e-05
0.000107649
9.14943e-05
8.4764e-05
8.73912e-05
8.56928e-05
0.000104459
9.79765e-05
8.32671e-05
9.42549e-05
9.26931e-05
9.47942e-05
9.08206e-05
9.36013e-05
0.000111806
9.61962e-05
9.65089e-05
0.000100093
0.000104543
9.44893e-05
9.67026e-05
8.63145e-05
8.6689e-05
9.86409e-05
9.50416e-05
8.20831e-05
8.18814e-05
7.67713e-05
7.85917e-05
6.88277e-05
9.69588e-05
8.10798e-05
2.85797e-05
3.17779e-05
3.12631e-05
3.30566e-05
2.87823e-05
2.96815e-05
7.46677e-05
5.92562e-05
5.03252e-05
5.70076e-05
2.83245e-05
2.88406e-05
3.63423e-05
3.31245e-05
3.12353e-05
2.75033e-05
4.93923e-05
4.0788e-05
4.00997e-05
3.20291e-05
2.80437e-05
2.52569e-05
1.41907e-05
1.40126e-05
1.25875e-05
1.20685e-05
1.28803e-05
1.64412e-05
1.68156e-05
1.3162e-05
2.07686e-05
2.06775e-05
1.67411e-05
1.51381e-05
2.04447e-05
2.48132e-05
2.14022e-05
1.29944e-05
1.37621e-05
1.50824e-05
1.29794e-05
3.65567e-05
3.28337e-05
2.64054e-05
3.12428e-05
3.82941e-05
4.01985e-05
4.42646e-05
6.41165e-05
4.54191e-05
5.29609e-05
5.55516e-05
6.19335e-05
6.24614e-05
8.17533e-05
8.84229e-05
8.49773e-05
8.34461e-05
6.86014e-05
7.37563e-05
5.88779e-05
6.47694e-05
8.5066e-05
9.0164e-05
7.96162e-05
9.53752e-05
0.000101275
0.000114679
0.000111103
0.000107217
0.000112601
0.00010694
9.72162e-05
0.00010101
0.000101924
8.89322e-05
9.83427e-05
0.000105584
9.09467e-05
8.82735e-05
9.31591e-05
8.99775e-05
9.01146e-05
9.42581e-05
0.000100406
9.20855e-05
8.64249e-05
9.66166e-05
8.0015e-05
0.000100934
0.000100095
9.50853e-05
0.000103185
9.6752e-05
0.000109301
8.30095e-05
9.77238e-05
8.90998e-05
8.56535e-05
8.67577e-05
7.91235e-05
8.06781e-05
7.76031e-05
7.51533e-05
7.07425e-05
7.85785e-05
8.07466e-05
2.60132e-05
2.86433e-05
2.73222e-05
2.69635e-05
2.38031e-05
2.37547e-05
7.42566e-05
6.89844e-05
6.39807e-05
5.72263e-05
5.39037e-05
2.28655e-05
2.16227e-05
2.54311e-05
3.38968e-05
3.21905e-05
2.94913e-05
2.72825e-05
4.62821e-05
4.11285e-05
4.6753e-05
3.77557e-05
2.83485e-05
2.91409e-05
1.96211e-05
1.02111e-05
1.16886e-05
1.1852e-05
1.03497e-05
1.18088e-05
1.6209e-05
1.2203e-05
1.8053e-05
1.89544e-05
1.41503e-05
1.42104e-05
2.20986e-05
2.3729e-05
1.11756e-05
1.1751e-05
1.42155e-05
1.5542e-05
1.07681e-05
3.30993e-05
2.91184e-05
2.6791e-05
2.53257e-05
3.76723e-05
3.96641e-05
3.88261e-05
4.29972e-05
5.31952e-05
4.49612e-05
5.39335e-05
5.28952e-05
5.28466e-05
5.87917e-05
8.27715e-05
8.29274e-05
7.90907e-05
7.57098e-05
7.36889e-05
8.11154e-05
6.85478e-05
7.33004e-05
7.80423e-05
6.35231e-05
8.34556e-05
8.21356e-05
4.70538e-05
7.75944e-05
9.86706e-05
0.000101486
0.000102913
0.000105064
9.71723e-05
0.000103598
0.00010253
9.90382e-05
9.72664e-05
9.80002e-05
9.55708e-05
9.30281e-05
9.33589e-05
8.1229e-05
8.26686e-05
8.64999e-05
9.5754e-05
8.63008e-05
8.32451e-05
7.06954e-05
8.51482e-05
8.80669e-05
8.8477e-05
9.42224e-05
8.32808e-05
0.000105037
0.00010981
9.89932e-05
0.000105737
9.37909e-05
9.78696e-05
8.76435e-05
9.12534e-05
8.63445e-05
9.07606e-05
8.89643e-05
7.98195e-05
9.04438e-05
8.09233e-05
7.01307e-05
7.46988e-05
7.72953e-05
7.62795e-05
9.30023e-05
2.30821e-05
2.41726e-05
2.42982e-05
2.27301e-05
2.55409e-05
2.11343e-05
2.27718e-05
5.9158e-05
6.24299e-05
5.83803e-05
5.92935e-05
4.6712e-05
1.83138e-05
1.97246e-05
2.20297e-05
3.42948e-05
2.92398e-05
2.60041e-05
2.543e-05
4.92902e-05
3.51712e-05
4.27789e-05
3.60489e-05
2.19772e-05
2.13429e-05
1.84067e-05
9.69498e-06
1.13759e-05
9.08077e-06
1.21409e-05
9.72314e-06
1.14014e-05
1.1971e-05
1.21559e-05
1.05579e-05
1.54963e-05
1.67611e-05
1.37672e-05
1.98329e-05
2.08222e-05
1.11968e-05
1.20171e-05
1.25818e-05
1.10526e-05
3.34891e-05
3.00314e-05
2.37536e-05
2.30524e-05
3.45861e-05
4.10325e-05
3.54855e-05
4.11546e-05
4.95834e-05
5.1434e-05
4.72915e-05
5.05986e-05
5.61873e-05
6.17235e-05
6.46741e-05
6.51382e-05
7.84989e-05
7.54595e-05
8.26825e-05
8.41188e-05
7.80617e-05
7.89138e-05
6.49624e-05
6.66562e-05
6.77285e-05
6.82385e-05
8.91521e-05
8.39199e-05
5.28215e-05
7.6611e-05
9.70526e-05
9.40656e-05
9.4296e-05
9.04834e-05
9.06448e-05
9.63825e-05
9.13053e-05
0.000103309
8.67448e-05
9.20976e-05
0.000103886
8.75974e-05
8.28089e-05
8.57331e-05
8.54554e-05
8.40559e-05
9.48632e-05
9.26478e-05
8.49157e-05
6.63779e-05
8.18756e-05
9.97101e-05
9.24089e-05
8.69482e-05
8.65151e-05
0.000108997
7.83165e-05
9.29613e-05
9.98556e-05
0.000102094
0.000103467
9.97378e-05
0.000102646
0.000102419
8.841e-05
9.86287e-05
9.1932e-05
8.31482e-05
8.0007e-05
8.64055e-05
7.76818e-05
9.09026e-05
8.01179e-05
7.05286e-05
7.63118e-05
7.27329e-05
8.64254e-05
7.77838e-05
2.06586e-05
2.16052e-05
2.30487e-05
1.82914e-05
2.19625e-05
1.96877e-05
1.72863e-05
1.79436e-05
6.30183e-05
5.79389e-05
5.93527e-05
5.57094e-05
5.8311e-05
4.80379e-05
1.85197e-05
1.92174e-05
2.35096e-05
2.19498e-05
3.10244e-05
2.89444e-05
2.77211e-05
2.56628e-05
3.97295e-05
3.91892e-05
3.4326e-05
4.42744e-05
1.97805e-05
1.87095e-05
1.6891e-05
8.92897e-06
8.50734e-06
8.93051e-06
1.14074e-05
8.20799e-06
9.81487e-06
1.00281e-05
1.23727e-05
1.10634e-05
9.01206e-06
1.70089e-05
1.83772e-05
1.27302e-05
1.64075e-05
1.94994e-05
1.0342e-05
1.0696e-05
1.11987e-05
9.58965e-06
3.15888e-05
2.69463e-05
2.42542e-05
2.73843e-05
2.28548e-05
3.4106e-05
4.04252e-05
3.6488e-05
3.5475e-05
4.60562e-05
4.35239e-05
4.83855e-05
4.61847e-05
4.99341e-05
5.6409e-05
5.50617e-05
6.38636e-05
6.50512e-05
8.71196e-05
8.12835e-05
8.2625e-05
8.0533e-05
7.87984e-05
7.07384e-05
8.15112e-05
7.15451e-05
6.67807e-05
6.44597e-05
7.16651e-05
8.89103e-05
8.16627e-05
4.95571e-05
5.42009e-05
7.86402e-05
8.72087e-05
8.4561e-05
9.06978e-05
8.36376e-05
8.70657e-05
8.66473e-05
8.57691e-05
8.17769e-05
9.30117e-05
8.82204e-05
8.75234e-05
9.11418e-05
9.06261e-05
8.25473e-05
9.5612e-05
7.87419e-05
8.98574e-05
8.7079e-05
9.4984e-05
9.34245e-05
8.55674e-05
5.67277e-05
7.6197e-05
0.000105207
8.0152e-05
8.75287e-05
9.1632e-05
8.77907e-05
8.27049e-05
9.21695e-05
0.000103251
9.37401e-05
8.17792e-05
9.23633e-05
0.000108721
9.19304e-05
9.78366e-05
0.000100906
8.4186e-05
8.09314e-05
8.39517e-05
9.32206e-05
0.000104012
8.36929e-05
6.98222e-05
6.79757e-05
6.94566e-05
8.48201e-05
8.26724e-05
7.69604e-05
1.87089e-05
1.81757e-05
1.74907e-05
1.68886e-05
1.63926e-05
1.62416e-05
1.50236e-05
6.10737e-05
6.24769e-05
5.30871e-05
4.8355e-05
4.48879e-05
4.82145e-05
1.82315e-05
1.79059e-05
1.69826e-05
2.05084e-05
3.09548e-05
2.75099e-05
2.69073e-05
2.20177e-05
3.70176e-05
3.62346e-05
3.44214e-05
3.78317e-05
1.66343e-05
1.33997e-05
7.44756e-06
8.4027e-06
6.92707e-06
8.00293e-06
7.74803e-06
8.155e-06
9.2093e-06
1.17496e-05
8.76667e-06
7.28985e-06
1.57244e-05
1.64637e-05
1.11456e-05
1.36573e-05
1.76583e-05
2.10484e-05
8.04553e-06
8.53011e-06
1.08861e-05
7.95032e-06
3.02545e-05
2.74721e-05
2.15976e-05
2.66786e-05
1.98778e-05
3.11258e-05
3.88484e-05
3.43608e-05
3.30746e-05
3.78441e-05
4.23518e-05
4.72836e-05
4.81788e-05
5.53518e-05
5.05259e-05
5.04155e-05
6.60402e-05
5.4022e-05
7.85136e-05
8.16717e-05
8.14755e-05
7.75173e-05
8.01476e-05
8.20314e-05
7.54397e-05
7.03876e-05
8.02958e-05
7.35938e-05
7.4106e-05
6.58362e-05
8.04668e-05
8.51543e-05
3.61356e-05
5.89096e-05
3.25126e-05
8.01022e-05
8.18625e-05
7.93437e-05
8.06347e-05
8.32431e-05
7.58733e-05
7.74038e-05
7.745e-05
7.92117e-05
7.41513e-05
8.9898e-05
8.74115e-05
8.09607e-05
8.52942e-05
8.37746e-05
8.54914e-05
8.02128e-05
8.47325e-05
8.72517e-05
8.13617e-05
8.23376e-05
8.08054e-05
7.84492e-05
4.95006e-05
7.00775e-05
9.24317e-05
8.78286e-05
9.67514e-05
8.67134e-05
8.39637e-05
9.51906e-05
0.000101447
0.000100368
8.74659e-05
9.64996e-05
0.000104671
0.000102173
0.000102652
9.92906e-05
9.25507e-05
9.34527e-05
8.40675e-05
8.16458e-05
8.65204e-05
0.000104412
0.000104739
7.16835e-05
7.47938e-05
7.03702e-05
6.32251e-05
6.95708e-05
8.30493e-05
7.77928e-05
1.47275e-05
1.70035e-05
1.6121e-05
1.4855e-05
1.38579e-05
1.66492e-05
1.32978e-05
6.27759e-05
6.45535e-05
5.95355e-05
6.20716e-05
5.41854e-05
4.59793e-05
4.43427e-05
1.5877e-05
1.81971e-05
2.02442e-05
2.01414e-05
3.06108e-05
2.63894e-05
2.84626e-05
2.48891e-05
2.02179e-05
4.48516e-05
3.5351e-05
3.44368e-05
3.48144e-05
1.63565e-05
1.03668e-05
1.37069e-05
7.69084e-06
6.85377e-06
6.06441e-06
6.64204e-06
6.80596e-06
7.43983e-06
8.09737e-06
1.18264e-05
8.20632e-06
6.23467e-06
1.58019e-05
1.0966e-05
1.33534e-05
1.40701e-05
1.85182e-05
1.83329e-05
7.21634e-06
8.09797e-06
8.38235e-06
1.13441e-05
8.48205e-06
2.87189e-05
2.56702e-05
2.37161e-05
2.54744e-05
2.04359e-05
3.02236e-05
3.99483e-05
3.47631e-05
4.1153e-05
3.21586e-05
4.042e-05
4.52718e-05
4.73532e-05
4.95583e-05
4.21687e-05
5.33559e-05
6.13519e-05
6.53577e-05
6.15786e-05
7.69655e-05
6.7736e-05
7.51552e-05
6.77112e-05
7.64965e-05
7.70987e-05
7.44774e-05
7.42362e-05
6.62285e-05
6.86297e-05
6.83951e-05
6.90389e-05
6.87599e-05
6.5895e-05
7.47478e-05
8.14372e-05
5.11376e-05
2.99527e-05
7.18334e-05
7.29961e-05
7.09153e-05
6.88919e-05
7.44039e-05
6.74273e-05
7.08291e-05
6.96966e-05
7.40949e-05
7.01099e-05
6.6155e-05
7.98625e-05
8.09708e-05
7.64153e-05
7.52226e-05
7.44872e-05
7.54093e-05
7.9263e-05
7.94297e-05
8.0394e-05
7.714e-05
8.41352e-05
7.49503e-05
7.88678e-05
7.64613e-05
7.33994e-05
5.69077e-05
7.21758e-05
8.29887e-05
9.24757e-05
9.2711e-05
8.83922e-05
8.6255e-05
9.16841e-05
9.29207e-05
9.85893e-05
0.000105823
0.000111176
0.00010177
0.000100567
0.000102736
0.000108178
0.000100436
9.13589e-05
9.43854e-05
9.33432e-05
8.28927e-05
8.70779e-05
8.69538e-05
9.29687e-05
9.92924e-05
9.80445e-05
7.15231e-05
7.22272e-05
7.34639e-05
7.81676e-05
6.63657e-05
7.99875e-05
7.79463e-05
8.28235e-05
8.26143e-05
9.52908e-05
1.30022e-05
1.49721e-05
1.25092e-05
1.25114e-05
1.22771e-05
1.38072e-05
1.32912e-05
6.23417e-05
6.27232e-05
5.60099e-05
5.24251e-05
4.96136e-05
5.00754e-05
4.49794e-05
1.38261e-05
1.29947e-05
1.7718e-05
1.91613e-05
3.08042e-05
2.46154e-05
2.75191e-05
2.1138e-05
2.13307e-05
4.29817e-05
3.56282e-05
3.24801e-05
3.63984e-05
9.84952e-06
1.29586e-05
6.78986e-06
5.74818e-06
5.72129e-06
6.58847e-06
5.5961e-06
6.34177e-06
7.31338e-06
8.59145e-06
7.08839e-06
7.73509e-06
5.78167e-06
1.71901e-05
1.58315e-05
1.04891e-05
1.24713e-05
1.26496e-05
1.96296e-05
2.21272e-05
7.46995e-06
8.62332e-06
7.77087e-06
9.60111e-06
7.05299e-06
3.19443e-05
2.62488e-05
2.28035e-05
2.32588e-05
2.19447e-05
3.02565e-05
3.45248e-05
3.38261e-05
3.07345e-05
3.05771e-05
3.67528e-05
4.16543e-05
4.33054e-05
4.87379e-05
5.27748e-05
5.08684e-05
6.68589e-05
6.19143e-05
5.96444e-05
6.19156e-05
6.28909e-05
6.69406e-05
6.09624e-05
6.69757e-05
6.30882e-05
6.62716e-05
6.70304e-05
6.61005e-05
6.6774e-05
6.20081e-05
6.04438e-05
6.1462e-05
6.25014e-05
6.66164e-05
6.17062e-05
6.0549e-05
7.62134e-05
6.76782e-05
6.32307e-05
3.82823e-05
2.13288e-05
6.48047e-05
6.95128e-05
6.79873e-05
6.71184e-05
6.63733e-05
6.39857e-05
6.07085e-05
6.149e-05
5.83825e-05
6.66503e-05
6.47668e-05
5.75759e-05
7.62129e-05
7.48058e-05
6.67208e-05
6.88029e-05
7.00454e-05
6.93001e-05
7.16425e-05
7.29466e-05
7.47283e-05
7.3915e-05
7.25545e-05
7.49863e-05
6.67276e-05
7.12985e-05
6.73215e-05
6.61285e-05
5.21227e-05
7.27027e-05
8.78104e-05
4.57008e-05
8.81323e-05
8.73481e-05
7.86601e-05
8.24833e-05
7.97376e-05
8.43727e-05
8.76244e-05
0.000101534
0.000102597
8.823e-05
9.06227e-05
9.25831e-05
9.46225e-05
9.25296e-05
8.15516e-05
8.97959e-05
8.54842e-05
7.51107e-05
7.82815e-05
9.09414e-05
9.10741e-05
8.58671e-05
8.87831e-05
8.82979e-05
7.73341e-05
7.07178e-05
8.15392e-05
7.06764e-05
6.28947e-05
6.52873e-05
9.70858e-05
7.4885e-05
8.38068e-05
8.46616e-05
8.84026e-05
1.22738e-05
1.28413e-05
1.04511e-05
1.17951e-05
1.07602e-05
1.16814e-05
1.10565e-05
1.18669e-05
1.00926e-05
6.11075e-05
5.90667e-05
5.27056e-05
6.09343e-05
4.90601e-05
5.04269e-05
4.33623e-05
1.15775e-05
1.40948e-05
1.29867e-05
1.45259e-05
1.93115e-05
2.13255e-05
3.04112e-05
2.6632e-05
2.37345e-05
2.88731e-05
2.21157e-05
4.44113e-05
4.36793e-05
3.32244e-05
3.65095e-05
3.65531e-05
8.77799e-06
5.48014e-06
5.31732e-06
4.99498e-06
4.78183e-06
5.48284e-06
6.2051e-06
5.45292e-06
6.04569e-06
6.98317e-06
4.60346e-06
1.66864e-05
1.42606e-05
1.12551e-05
1.13162e-05
1.27452e-05
1.29547e-05
1.85303e-05
1.81274e-05
5.93117e-06
7.38409e-06
8.72615e-06
9.30616e-06
5.83064e-06
2.6299e-05
2.54392e-05
2.23533e-05
2.25677e-05
2.02505e-05
2.89038e-05
3.68186e-05
2.95644e-05
2.98447e-05
3.26672e-05
3.88523e-05
4.0876e-05
4.34551e-05
4.82212e-05
6.04672e-05
5.69831e-05
6.76386e-05
4.92022e-05
4.80611e-05
4.78679e-05
4.79608e-05
6.18269e-05
4.70894e-05
6.08747e-05
4.70264e-05
6.19497e-05
6.07286e-05
4.73211e-05
4.72473e-05
4.76928e-05
4.76106e-05
4.75358e-05
4.77792e-05
7.17191e-05
6.1663e-05
6.1708e-05
3.23422e-05
3.01232e-05
5.82705e-05
6.09207e-05
6.06027e-05
6.10219e-05
5.83103e-05
5.59694e-05
5.40165e-05
5.42178e-05
5.3303e-05
5.4975e-05
5.77418e-05
5.75863e-05
5.39893e-05
5.49613e-05
6.8561e-05
6.61586e-05
6.10496e-05
5.9775e-05
6.08823e-05
5.87783e-05
6.60332e-05
6.57132e-05
6.65033e-05
6.5122e-05
6.684e-05
7.15303e-05
6.27028e-05
6.57601e-05
6.13289e-05
6.21437e-05
5.72039e-05
4.34117e-05
5.96437e-05
8.21786e-05
3.56879e-05
7.70871e-05
7.69118e-05
6.73704e-05
7.67548e-05
7.47408e-05
7.25934e-05
7.7654e-05
7.80121e-05
9.13193e-05
9.39732e-05
8.39869e-05
8.24657e-05
8.69018e-05
8.65344e-05
8.92569e-05
8.28825e-05
7.31047e-05
7.91736e-05
7.72001e-05
6.46101e-05
6.89505e-05
8.51364e-05
8.00749e-05
7.66982e-05
8.30018e-05
8.39599e-05
8.15033e-05
8.44578e-05
8.12309e-05
7.8069e-05
7.09326e-05
7.75792e-05
8.32979e-05
8.28222e-05
8.2932e-05
7.56883e-05
7.9855e-05
1.04927e-05
1.11206e-05
9.57114e-06
8.86903e-06
1.11709e-05
9.33934e-06
9.25943e-06
9.19531e-06
5.98416e-05
6.79022e-05
5.61276e-05
6.29724e-05
5.1666e-05
4.72426e-05
4.62091e-05
1.13105e-05
1.356e-05
1.2529e-05
1.37375e-05
1.49407e-05
1.71632e-05
3.19389e-05
2.59968e-05
2.40264e-05
2.8662e-05
1.82827e-05
3.88417e-05
4.08068e-05
3.36216e-05
3.47593e-05
3.81348e-05
8.28632e-06
4.57155e-06
4.78795e-06
4.61441e-06
4.93872e-06
4.96156e-06
4.86556e-06
4.5417e-06
5.24127e-06
5.10151e-06
5.94537e-06
5.34846e-06
6.96203e-06
4.33629e-06
1.69061e-05
1.51643e-05
9.44793e-06
1.03306e-05
1.39629e-05
1.25103e-05
1.77124e-05
1.83334e-05
5.76289e-06
5.66818e-06
5.71751e-06
7.81052e-06
8.99236e-06
2.64634e-05
2.52123e-05
2.06293e-05
2.25492e-05
2.25781e-05
2.21994e-05
2.88998e-05
3.83099e-05
4.3002e-05
3.33342e-05
3.19997e-05
3.48577e-05
4.4696e-05
4.59406e-05
4.67378e-05
4.39534e-05
4.35087e-05
4.81686e-05
3.30949e-05
3.29569e-05
3.30227e-05
4.71702e-05
3.25963e-05
4.6962e-05
3.25942e-05
4.74637e-05
4.73943e-05
3.26446e-05
3.26215e-05
3.28403e-05
3.27912e-05
3.27472e-05
3.28956e-05
6.52813e-05
4.68974e-05
1.17731e-05
5.33166e-05
3.89554e-05
1.95685e-05
5.22378e-05
5.80192e-05
5.53526e-05
5.67379e-05
5.60114e-05
5.30427e-05
5.21465e-05
5.25e-05
4.87734e-05
4.88729e-05
4.64704e-05
4.78026e-05
5.06446e-05
5.45192e-05
4.93186e-05
4.87057e-05
6.17575e-05
5.85569e-05
5.2133e-05
5.41621e-05
5.55196e-05
5.54121e-05
5.43905e-05
6.05574e-05
6.15629e-05
6.03782e-05
6.07422e-05
6.13923e-05
6.51652e-05
4.66846e-05
6.0393e-05
4.75419e-05
4.77398e-05
4.83036e-05
4.06135e-05
6.40519e-05
7.43613e-05
3.31434e-05
6.77113e-05
7.18869e-05
7.41729e-05
6.10624e-05
6.61823e-05
7.01484e-05
6.57862e-05
7.15526e-05
7.16001e-05
8.37535e-05
8.52248e-05
7.30499e-05
7.12896e-05
7.63471e-05
7.67334e-05
7.9012e-05
7.48203e-05
7.32788e-05
6.34244e-05
7.09264e-05
6.30108e-05
5.89191e-05
6.1303e-05
7.60019e-05
7.43452e-05
7.60814e-05
6.75692e-05
7.15342e-05
7.48812e-05
7.41794e-05
8.15776e-05
8.27536e-05
7.96185e-05
7.9541e-05
7.33768e-05
7.87442e-05
7.39617e-05
7.68439e-05
7.85548e-05
7.65576e-05
7.44267e-05
6.74271e-05
7.31392e-05
9.32172e-06
8.84417e-06
9.58463e-06
8.15051e-06
8.12573e-06
1.00263e-05
9.37637e-06
7.93948e-06
7.59728e-06
8.09799e-05
6.23393e-05
5.30606e-05
6.85709e-05
6.27344e-05
5.26793e-05
5.25955e-05
4.40616e-05
9.83741e-06
1.35425e-05
1.20644e-05
1.53098e-05
1.54522e-05
1.4698e-05
1.76227e-05
3.0976e-05
2.58593e-05
2.58455e-05
2.4858e-05
2.76583e-05
1.95057e-05
2.03914e-05
4.16912e-05
3.90854e-05
4.515e-05
3.34776e-05
3.57966e-05
3.48574e-05
4.39258e-06
4.19837e-06
3.86727e-06
3.92836e-06
4.68334e-06
4.49149e-06
4.52901e-06
4.29901e-06
4.43773e-06
5.12533e-06
4.37557e-06
5.82979e-06
3.58816e-06
1.68485e-05
1.56213e-05
8.00445e-06
9.58958e-06
1.15493e-05
1.37771e-05
1.34424e-05
1.94607e-05
1.79676e-05
5.3447e-06
5.23043e-06
5.49376e-06
6.55812e-06
7.36394e-06
7.35976e-06
2.84198e-05
3.24899e-05
2.59621e-05
3.1172e-05
2.35992e-05
2.6244e-05
2.12208e-05
3.46363e-05
4.23645e-05
3.70707e-05
3.64092e-05
3.57093e-05
4.63385e-05
4.85773e-05
4.84894e-05
4.83857e-05
4.82727e-05
3.31741e-05
2.2254e-05
2.22937e-05
2.22761e-05
3.26053e-05
2.13235e-05
3.25968e-05
2.10646e-05
3.27081e-05
3.26737e-05
2.18747e-05
2.1726e-05
2.22673e-05
2.22266e-05
2.21686e-05
2.22904e-05
3.26036e-05
4.68401e-05
1.10598e-05
3.36302e-06
5.20192e-05
3.09794e-05
2.17091e-05
5.01773e-05
5.35943e-05
5.20191e-05
5.00623e-05
4.95363e-05
4.80311e-05
4.6841e-05
4.63953e-05
4.27341e-05
4.33097e-05
4.12225e-05
4.38143e-05
4.31964e-05
4.61362e-05
5.04178e-05
4.92202e-05
4.80795e-05
4.80239e-05
4.54167e-05
5.40907e-05
5.29398e-05
4.63537e-05
4.65584e-05
4.63376e-05
4.58248e-05
4.60183e-05
4.67811e-05
4.67229e-05
4.66256e-05
4.66471e-05
3.26622e-05
4.63115e-05
3.27682e-05
4.32609e-05
4.27438e-05
6.44369e-05
6.7743e-05
6.83971e-05
2.36546e-05
6.02643e-05
6.46491e-05
6.56676e-05
4.8249e-05
6.07062e-05
6.43536e-05
6.01172e-05
6.44968e-05
6.52631e-05
7.35825e-05
7.53609e-05
7.02652e-05
6.72821e-05
6.6547e-05
7.23578e-05
7.07083e-05
7.30444e-05
6.71904e-05
6.48375e-05
5.64119e-05
6.45403e-05
5.44211e-05
4.9595e-05
5.39581e-05
6.67395e-05
6.59704e-05
6.68322e-05
6.11268e-05
6.87584e-05
7.0845e-05
6.77572e-05
7.53282e-05
7.6742e-05
6.77441e-05
6.96579e-05
7.52369e-05
7.76995e-05
6.75027e-05
6.72416e-05
6.77159e-05
6.71631e-05
6.77206e-05
6.62081e-05
6.14257e-05
6.25758e-05
6.61876e-05
7.93109e-06
7.93695e-06
7.09905e-06
7.52856e-06
6.71166e-06
8.68234e-06
8.47226e-06
8.02877e-06
6.86833e-06
7.39873e-05
7.44953e-05
6.04772e-05
5.72854e-05
6.40275e-05
5.6469e-05
5.48403e-05
5.18444e-05
4.67824e-05
8.52096e-06
9.68561e-06
1.01222e-05
1.01818e-05
1.60306e-05
1.47548e-05
1.54329e-05
1.58374e-05
3.19168e-05
2.21193e-05
2.05775e-05
2.03248e-05
2.64264e-05
1.70974e-05
2.10314e-05
4.39812e-05
3.90829e-05
4.58464e-05
3.16031e-05
3.1836e-05
3.16848e-05
3.88816e-06
3.62367e-06
3.34426e-06
3.40033e-06
4.359e-06
4.61246e-06
3.56798e-06
3.76523e-06
3.81198e-06
4.26035e-06
5.12331e-06
3.70813e-06
5.73573e-06
3.43689e-06
1.89707e-05
1.97741e-05
1.63947e-05
1.60024e-05
9.21034e-06
9.97615e-06
1.26491e-05
1.08e-05
1.43291e-05
1.43594e-05
2.01314e-05
4.85006e-06
5.43538e-06
5.08266e-06
6.56114e-06
7.96924e-06
8.19655e-06
2.87254e-05
3.2419e-05
2.46164e-05
1.58662e-05
1.79241e-05
1.68579e-05
1.67127e-05
2.72888e-05
3.25079e-05
3.00939e-05
3.14445e-05
2.83808e-05
3.36e-05
3.35241e-05
3.34408e-05
3.33512e-05
3.32602e-05
2.22256e-05
1.10066e-05
1.00237e-05
1.05068e-05
2.15436e-05
5.07895e-06
2.07669e-05
4.78043e-06
2.20921e-05
2.19954e-05
6.30253e-06
5.8478e-06
8.95787e-06
8.40245e-06
7.85148e-06
9.5107e-06
2.04366e-05
3.26138e-05
1.18297e-05
8.31905e-06
5.27677e-05
2.61717e-05
1.5521e-05
5.0251e-05
5.13164e-05
4.85765e-05
4.67509e-05
4.56823e-05
4.26708e-05
4.39521e-05
4.27187e-05
4.08779e-05
3.82397e-05
3.85584e-05
3.27343e-05
3.61066e-05
3.21703e-05
4.23924e-05
4.49255e-05
4.72593e-05
4.59684e-05
4.73751e-05
3.9773e-05
4.63119e-05
4.54429e-05
4.22824e-05
4.24368e-05
4.24107e-05
4.24469e-05
4.1665e-05
3.26266e-05
3.26427e-05
3.26844e-05
3.27112e-05
1.88285e-05
3.27435e-05
1.68233e-05
3.27807e-05
3.27883e-05
4.285e-05
5.99759e-05
6.08122e-05
1.99447e-05
3.01598e-05
4.73402e-05
6.12083e-05
6.00962e-05
4.40313e-05
3.28212e-05
4.70512e-05
5.99828e-05
4.73967e-05
6.12309e-05
6.60938e-05
6.74857e-05
6.16206e-05
5.85815e-05
5.89988e-05
6.38786e-05
6.31939e-05
6.32042e-05
6.01266e-05
5.80393e-05
4.74432e-05
5.71744e-05
4.72981e-05
4.43372e-05
4.7689e-05
6.08299e-05
6.15806e-05
6.14559e-05
4.76513e-05
6.1447e-05
6.41563e-05
6.20166e-05
6.71113e-05
6.70902e-05
6.18926e-05
6.27636e-05
6.7553e-05
6.70372e-05
6.23031e-05
6.16383e-05
6.21386e-05
6.19898e-05
6.07587e-05
4.81382e-05
4.80513e-05
8.20581e-06
6.31647e-06
7.375e-06
6.22342e-06
7.80986e-06
6.97084e-06
6.36232e-06
6.04966e-06
6.69436e-05
6.631e-05
6.65962e-05
5.25363e-05
5.11569e-05
5.45417e-05
5.89319e-05
4.9932e-05
4.52901e-05
7.84707e-06
8.9798e-06
1.0653e-05
1.01854e-05
1.54111e-05
1.55965e-05
1.77524e-05
1.45686e-05
3.31817e-05
2.87215e-05
2.70923e-05
2.0518e-05
2.36768e-05
1.97248e-05
3.37252e-05
3.14769e-05
1.9528e-05
1.98772e-05
4.1529e-05
3.84011e-05
3.46693e-05
5.35499e-05
3.0101e-05
3.62123e-05
3.53973e-05
3.09489e-06
3.33815e-06
2.93112e-06
3.07865e-06
3.30346e-06
3.66918e-06
4.11462e-06
3.49634e-06
3.13664e-06
3.21495e-06
3.85461e-06
4.15242e-06
3.31528e-06
5.00828e-06
3.11429e-06
1.64407e-05
1.78953e-05
1.49919e-05
1.34429e-05
1.14218e-05
1.11066e-05
1.222e-05
1.11656e-05
1.26137e-05
1.44743e-05
1.63326e-05
4.27848e-06
4.34818e-06
5.44917e-06
5.62329e-06
7.22961e-06
9.43905e-06
1.87442e-05
2.01658e-05
2.12919e-05
2.1861e-05
2.3603e-05
2.21179e-05
2.29324e-05
2.38053e-05
2.21358e-05
2.21488e-05
2.58266e-05
2.2168e-05
2.21302e-05
2.21331e-05
2.21455e-05
2.21675e-05
2.21959e-05
1.15006e-05
2.27331e-06
2.55091e-06
2.39066e-06
5.4362e-06
6.33095e-06
4.54228e-06
6.93464e-06
7.31421e-06
6.79442e-06
4.76949e-06
5.24698e-06
2.9938e-06
3.27254e-06
3.58783e-06
2.75274e-06
4.36295e-06
2.00727e-05
2.83897e-05
3.78468e-06
1.98816e-05
3.66909e-05
1.82522e-05
1.08501e-05
4.67902e-05
4.91191e-05
4.6418e-05
4.21948e-05
3.95393e-05
3.80689e-05
3.9383e-05
3.68529e-05
3.25241e-05
3.10956e-05
3.0541e-05
2.50838e-05
2.40409e-05
2.5989e-05
3.51308e-05
4.32705e-05
3.66252e-05
3.38744e-05
3.55928e-05
2.78207e-05
4.16532e-05
3.21261e-05
3.27835e-05
3.2787e-05
3.27229e-05
3.27919e-05
1.96824e-05
1.92668e-05
1.83696e-05
1.78838e-05
4.14986e-06
1.74027e-05
4.58279e-06
1.61928e-05
1.5539e-05
3.44904e-05
5.52232e-05
5.63178e-05
1.32679e-05
2.67923e-05
4.75826e-05
4.75191e-05
3.28315e-05
1.67289e-05
3.27997e-05
4.73863e-05
3.27697e-05
4.74599e-05
5.74513e-05
6.15405e-05
5.93565e-05
5.58119e-05
5.37306e-05
5.51634e-05
5.4392e-05
6.02356e-05
5.62308e-05
5.97344e-05
5.86585e-05
5.58123e-05
5.28488e-05
4.3123e-05
4.38294e-05
5.26878e-05
4.26092e-05
3.28357e-05
4.77236e-05
4.77995e-05
4.78823e-05
3.26796e-05
5.67373e-05
6.00382e-05
5.69728e-05
6.14839e-05
4.85586e-05
4.84728e-05
6.24461e-05
4.86473e-05
4.87401e-05
4.82224e-05
4.83063e-05
4.79676e-05
3.26953e-05
3.26782e-05
6.89416e-06
6.69394e-06
5.7081e-06
5.541e-06
6.78057e-06
6.14231e-06
5.77692e-06
5.77498e-06
6.15445e-05
6.08455e-05
4.92756e-05
4.93878e-05
4.91589e-05
4.38964e-05
4.80041e-05
4.32488e-05
7.89849e-06
7.36067e-06
9.24252e-06
1.05231e-05
1.05753e-05
1.07532e-05
1.22655e-05
1.46902e-05
1.58739e-05
1.56025e-05
2.85401e-05
3.80973e-05
2.52161e-05
4.31235e-05
2.16139e-05
2.41379e-05
1.94705e-05
4.23938e-05
2.86745e-05
2.03601e-05
1.73359e-05
4.14617e-05
3.90549e-05
3.55873e-05
3.83825e-05
3.4324e-05
3.50797e-05
3.62506e-05
2.65366e-06
2.8466e-06
2.8662e-06
2.81623e-06
2.76185e-06
3.32683e-06
4.00222e-06
3.10889e-06
2.65609e-06
2.65505e-06
3.17856e-06
3.6131e-06
4.42246e-06
2.9605e-06
4.65536e-06
2.60385e-06
2.83402e-05
1.88694e-05
6.9296e-06
7.48662e-06
8.41048e-06
9.51671e-06
1.0201e-05
2.44102e-05
4.06635e-06
4.03112e-06
7.0019e-06
4.91133e-06
4.75998e-06
6.74799e-06
5.97887e-06
2.27e-05
2.27539e-05
2.40392e-05
1.45592e-05
1.61111e-05
1.37265e-05
1.27236e-05
2.22248e-05
1.35808e-05
1.37408e-05
2.21939e-05
1.38607e-05
1.33757e-05
1.31165e-05
1.27955e-05
1.24119e-05
1.19723e-05
2.2035e-06
8.40679e-06
9.82849e-06
9.10034e-06
5.76736e-06
1.91258e-05
7.57787e-06
2.02705e-05
3.94192e-06
4.33518e-06
1.59327e-05
1.6955e-05
1.1391e-05
1.22258e-05
1.30984e-05
1.05912e-05
8.2604e-06
4.23822e-06
2.86741e-05
5.01369e-07
2.15503e-05
2.90607e-05
1.20007e-05
1.98623e-05
4.74242e-05
4.11883e-05
3.18306e-05
4.12982e-05
3.63193e-05
2.68397e-05
3.0793e-05
2.95165e-05
2.99909e-05
2.30887e-05
2.31633e-05
2.34344e-05
1.03307e-05
9.92393e-06
1.07742e-05
1.12562e-05
3.42568e-05
1.95455e-05
1.57666e-05
1.69064e-05
1.30635e-05
3.28485e-05
1.17784e-05
1.35642e-05
1.42132e-05
1.2939e-05
1.48759e-05
4.16391e-06
4.13548e-06
4.20395e-06
4.29563e-06
1.13146e-05
4.421e-06
1.47319e-05
4.77549e-06
4.99527e-06
5.30611e-05
3.15393e-05
5.11094e-05
5.58809e-05
5.17057e-05
8.01476e-06
5.50669e-06
1.83437e-05
3.26908e-05
3.27058e-05
1.61167e-05
4.59228e-06
1.7291e-05
3.27445e-05
1.77598e-05
3.27237e-05
5.22989e-05
5.41384e-05
5.22565e-05
4.89719e-05
4.66188e-05
4.69352e-05
4.64685e-05
5.23369e-05
5.06747e-05
5.32263e-05
5.22834e-05
5.08334e-05
4.59734e-05
3.28279e-05
3.2832e-05
4.66214e-05
3.28392e-05
1.54796e-05
3.26711e-05
3.26658e-05
3.26643e-05
1.98974e-05
5.13546e-05
5.4408e-05
5.30894e-05
4.83907e-05
3.28698e-05
3.28247e-05
4.88377e-05
3.29203e-05
3.29761e-05
3.2719e-05
3.27489e-05
3.26681e-05
2.1508e-05
2.13308e-05
5.61409e-06
5.82738e-06
5.36778e-06
6.46437e-06
5.06143e-06
4.99435e-06
5.59045e-06
5.31778e-06
4.89412e-05
4.90479e-05
3.33542e-05
3.34436e-05
4.94972e-05
3.32667e-05
4.52822e-05
7.0341e-06
6.12872e-06
8.36599e-06
1.07836e-05
8.73789e-06
1.13517e-05
1.25118e-05
1.3808e-05
1.84037e-05
1.49049e-05
2.38073e-05
2.56799e-05
1.83777e-05
1.5734e-05
2.167e-05
2.50899e-05
2.58063e-05
1.78148e-05
1.92379e-05
1.51586e-05
4.19173e-05
4.01065e-05
4.13506e-05
2.98766e-05
3.32625e-05
2.9521e-06
2.72255e-06
3.45483e-06
2.76727e-06
2.47479e-06
3.20931e-06
3.58417e-06
2.64015e-06
2.68359e-06
2.37267e-06
2.53737e-06
2.50209e-06
3.21611e-06
3.2297e-06
2.94571e-06
3.935e-06
2.43992e-06
1.06739e-05
1.01903e-05
6.00214e-06
6.39416e-06
7.00041e-06
7.49356e-06
7.94446e-06
1.16352e-05
3.90191e-06
3.86735e-06
3.67332e-06
5.32958e-06
4.19437e-06
4.38376e-06
5.64614e-06
1.78473e-05
1.9754e-05
2.20396e-05
1.22684e-05
1.29605e-05
1.16441e-05
1.09709e-05
1.39836e-05
2.94807e-06
3.25821e-06
1.39414e-05
3.62788e-06
2.69124e-06
2.48308e-06
2.32665e-06
2.22685e-06
2.1863e-06
7.74135e-06
1.54355e-05
1.67997e-05
1.61253e-05
1.80199e-05
2.13916e-05
2.14446e-05
2.16333e-05
1.4005e-05
1.49495e-05
2.04728e-05
2.08174e-05
1.806e-05
1.86346e-05
1.91656e-05
1.74463e-05
2.26361e-05
8.97782e-06
3.12234e-05
2.60304e-05
3.46304e-06
2.46028e-05
7.60571e-06
1.06201e-05
3.97036e-05
2.33094e-05
2.0383e-05
2.49302e-05
1.63693e-05
1.80564e-05
2.25793e-05
8.29016e-06
9.55456e-06
9.19706e-06
7.79132e-06
8.14783e-06
7.43942e-06
7.09221e-06
1.77709e-05
1.22549e-05
1.36292e-05
1.09898e-05
1.08162e-05
1.12797e-05
8.21745e-06
1.2341e-05
6.75162e-06
5.79553e-06
5.50734e-06
6.10007e-06
5.23996e-06
9.72777e-06
1.05082e-05
1.21451e-05
1.2994e-05
2.63307e-05
1.38581e-05
2.93635e-05
1.56094e-05
1.64879e-05
4.64512e-05
3.19063e-05
4.57191e-05
5.09067e-05
4.92282e-05
2.51746e-05
1.32476e-05
5.78449e-06
1.15169e-05
1.95177e-05
1.91115e-05
4.78432e-06
1.4761e-05
4.43033e-06
1.82349e-05
4.30465e-06
1.86837e-05
4.68215e-05
5.02911e-05
4.77746e-05
4.93569e-05
4.37772e-05
4.23e-05
4.37059e-05
4.32645e-05
4.66096e-05
5.02905e-05
4.90181e-05
4.67397e-05
4.2187e-05
1.35488e-05
3.27678e-05
1.41841e-05
1.48312e-05
5.00373e-06
2.02504e-05
2.05726e-05
2.08637e-05
4.24165e-06
4.92001e-05
5.04935e-05
4.86724e-05
3.27845e-05
2.1993e-05
2.1937e-05
3.30386e-05
2.20326e-05
2.20559e-05
2.16528e-05
2.17699e-05
2.11161e-05
5.82962e-06
5.42474e-06
4.83871e-06
4.49584e-06
4.70484e-06
5.11467e-06
4.5586e-06
4.11443e-06
5.08099e-06
4.50856e-06
3.31077e-05
3.3185e-05
2.19592e-05
2.19333e-05
3.35348e-05
2.1988e-05
3.36238e-05
7.21217e-06
6.21302e-06
6.03112e-06
7.71733e-06
1.04999e-05
8.68082e-06
1.24447e-05
1.30417e-05
1.28287e-05
1.39466e-05
1.84261e-05
2.02157e-05
2.4262e-05
2.34185e-05
2.0313e-05
2.17727e-05
2.49038e-05
1.60454e-05
1.91475e-05
2.2862e-05
2.64774e-05
3.75052e-05
3.53693e-05
3.3543e-05
2.65924e-05
2.80143e-05
2.29044e-06
2.23594e-06
3.11614e-06
2.13393e-06
2.02379e-06
3.06893e-06
3.57155e-06
1.88452e-06
2.60331e-06
2.0975e-06
1.95849e-06
2.29931e-06
2.53066e-06
3.54905e-06
3.29138e-06
4.51983e-06
2.05855e-06
8.9579e-06
8.08769e-06
5.15717e-06
5.68744e-06
6.232e-06
6.76831e-06
7.2691e-06
1.00896e-05
3.38557e-06
3.7145e-06
4.24367e-06
3.48691e-06
5.55962e-06
5.73365e-06
4.66609e-06
1.38173e-05
1.39829e-05
1.39943e-05
6.59453e-06
6.31077e-06
6.83366e-06
7.03057e-06
4.53097e-06
4.47911e-06
4.06289e-06
4.05605e-06
3.66649e-06
4.92479e-06
5.40806e-06
5.93502e-06
6.50315e-06
7.10758e-06
1.47361e-05
2.85066e-06
2.87864e-06
2.86265e-06
2.1121e-05
3.04396e-06
2.18571e-05
3.04982e-06
1.96474e-05
2.00833e-05
3.01162e-06
3.02486e-06
2.91744e-06
2.93864e-06
2.95897e-06
2.89735e-06
2.36246e-05
2.20607e-05
2.63444e-05
2.06605e-05
8.93873e-06
3.04766e-05
1.43987e-05
8.07561e-06
6.21575e-06
8.82648e-06
2.23909e-05
1.75081e-05
1.08773e-05
1.43696e-05
8.85313e-06
8.49949e-06
8.94498e-06
9.59632e-06
8.92851e-06
8.50677e-06
8.86837e-06
2.39929e-05
2.4714e-05
2.32208e-05
2.24302e-05
1.1511e-05
1.14799e-05
7.89189e-06
8.66526e-06
7.70397e-06
7.47492e-06
8.03138e-06
8.76061e-06
6.41983e-06
2.16205e-05
1.91006e-05
1.82367e-05
1.99541e-05
1.73644e-05
2.45641e-05
2.54664e-05
2.71531e-05
2.79324e-05
2.27728e-05
2.86687e-05
3.00159e-05
2.33228e-05
3.06296e-05
1.90342e-05
3.54326e-05
4.69809e-05
2.58534e-05
1.83115e-05
7.57765e-06
1.3307e-05
4.16899e-06
4.14177e-06
1.5638e-05
2.9384e-05
1.38872e-05
4.21235e-06
1.30227e-05
4.15735e-06
4.25747e-05
4.36671e-05
4.4617e-05
4.19302e-05
4.33246e-05
3.29414e-05
3.21701e-05
3.51649e-05
3.28932e-05
4.05128e-05
4.24023e-05
4.52473e-05
4.35372e-05
3.97582e-05
5.80136e-06
1.29372e-05
5.51429e-06
5.24792e-06
1.65159e-05
4.3641e-06
4.54087e-06
4.77671e-06
9.00064e-06
4.64181e-05
4.59953e-05
4.44896e-05
2.18632e-05
8.34596e-06
7.80384e-06
2.20589e-05
8.89188e-06
9.42852e-06
6.27757e-06
6.76121e-06
5.07181e-06
5.26287e-06
5.78318e-06
4.66476e-06
3.91945e-06
4.24795e-06
4.57425e-06
4.49446e-06
3.60081e-06
4.10057e-06
3.72277e-06
4.25866e-06
2.20398e-05
2.20161e-05
1.18596e-05
1.22807e-05
2.19121e-05
1.13967e-05
2.18989e-05
6.93481e-06
5.36562e-06
5.9598e-06
7.38195e-06
1.18204e-05
1.07946e-05
8.50814e-06
1.39641e-05
1.45573e-05
1.2993e-05
1.49974e-05
2.59353e-05
2.19637e-05
1.76845e-05
1.5858e-05
2.1167e-05
1.60389e-05
1.65987e-05
1.88685e-05
1.35241e-05
3.08673e-05
2.93365e-05
2.1893e-05
2.1942e-05
2.1922e-05
1.96907e-06
1.97316e-06
1.90073e-06
2.65286e-06
2.49281e-06
2.06918e-06
1.7547e-06
2.67241e-06
3.03038e-06
1.66105e-06
1.70183e-06
1.85425e-06
1.721e-06
2.31316e-06
2.63017e-06
2.86941e-06
3.39839e-06
1.86483e-06
7.35194e-06
7.492e-06
2.79522e-06
2.98723e-06
2.67633e-06
2.27221e-06
1.97671e-06
7.19902e-06
3.33194e-06
3.29443e-06
3.13142e-06
3.91371e-06
3.67667e-06
4.17868e-06
2.65596e-06
5.94568e-06
5.5071e-06
5.02726e-06
1.77447e-06
1.91436e-06
1.67805e-06
1.6251e-06
2.93344e-06
1.07074e-05
1.00992e-05
3.28883e-06
9.528e-06
1.13433e-05
1.19994e-05
1.26691e-05
1.33491e-05
1.40386e-05
2.8426e-06
3.03543e-06
3.05385e-06
2.97828e-06
2.99598e-06
2.22553e-05
3.05574e-06
2.07972e-05
1.88948e-05
2.62708e-05
2.85796e-05
2.66468e-05
1.49191e-05
6.62441e-06
8.65653e-06
6.64611e-06
1.23689e-05
9.6695e-06
8.03113e-06
7.89205e-06
7.94482e-06
8.68117e-06
9.23404e-06
2.70358e-05
9.97026e-06
2.53357e-05
2.59307e-05
3.46784e-05
3.4931e-05
3.44026e-05
3.40291e-05
8.22933e-06
8.40638e-06
8.94313e-06
8.76226e-06
9.1204e-06
9.02287e-06
1.10933e-05
2.07945e-05
3.36245e-05
3.22625e-05
3.17524e-05
3.2744e-05
3.12072e-05
2.24393e-05
2.26118e-05
2.29263e-05
2.30669e-05
3.05966e-06
2.31992e-05
2.34376e-05
3.06097e-06
2.35433e-05
1.20896e-05
3.28807e-05
3.98512e-05
4.17981e-05
3.01094e-05
2.99803e-05
2.02808e-05
4.02113e-06
7.90205e-06
9.75145e-06
1.05333e-05
3.00358e-05
2.33398e-05
2.869e-05
1.21726e-05
2.79534e-05
1.13409e-05
3.72418e-05
4.08551e-05
3.72832e-05
4.18764e-05
3.93129e-05
3.45126e-05
3.92237e-05
2.60409e-05
1.17982e-05
1.12855e-05
1.23502e-05
3.00365e-05
3.32107e-05
3.86728e-05
3.35452e-05
3.15165e-05
1.91269e-05
6.10432e-06
1.82637e-05
1.73921e-05
3.06495e-05
8.28232e-06
7.59865e-06
6.95349e-06
2.36449e-05
3.96698e-05
4.09898e-05
3.75465e-05
7.27348e-06
3.28462e-06
3.60049e-06
9.93408e-06
3.00541e-06
2.76457e-06
4.7849e-06
4.35013e-06
6.34782e-06
1.69745e-05
1.80402e-05
3.4847e-06
4.19232e-06
4.2345e-06
3.90279e-06
3.34379e-06
3.32069e-06
3.81232e-06
1.04138e-05
1.09117e-05
2.19733e-06
2.23596e-06
1.26562e-05
2.21428e-06
1.29725e-05
7.32433e-06
6.37535e-06
4.70607e-06
7.83118e-06
1.03687e-05
1.01918e-05
7.92293e-06
1.22502e-05
1.33814e-05
1.80071e-05
1.53303e-05
2.90355e-05
2.14831e-05
1.38316e-05
1.3833e-05
1.2988e-05
1.48372e-05
2.21781e-05
2.25765e-05
1.38514e-05
2.05387e-05
2.18953e-05
2.19055e-05
1.32348e-05
1.37869e-05
1.37105e-05
2.09465e-06
1.95066e-06
1.79178e-06
2.13269e-06
2.10415e-06
1.79304e-06
1.54499e-06
2.85845e-06
3.19511e-06
1.77719e-06
1.42907e-06
1.94703e-06
1.76577e-06
2.44514e-06
2.19185e-06
2.79849e-06
2.91072e-06
1.60418e-06
1.6684e-06
1.78228e-06
3.08293e-06
3.39544e-06
3.71775e-06
4.04697e-06
4.3777e-06
1.62026e-06
3.61774e-06
2.35468e-06
2.8371e-06
2.43546e-06
2.55631e-06
2.78685e-06
2.09846e-06
2.33244e-06
2.61078e-06
6.5721e-06
6.89204e-06
6.27354e-06
5.84487e-06
8.50105e-06
2.91269e-06
2.95321e-06
8.99644e-06
3.0006e-06
2.88151e-06
2.85995e-06
2.8466e-06
2.84007e-06
2.83886e-06
3.05755e-06
1.37631e-05
1.44898e-05
2.82073e-05
3.462e-05
1.85262e-05
3.52409e-05
3.10046e-05
1.47804e-05
5.23003e-05
8.92457e-06
8.86433e-06
8.40265e-06
8.64854e-06
6.70462e-06
1.07171e-05
1.03447e-05
2.64965e-05
3.57592e-05
2.75504e-05
3.51625e-05
3.53767e-05
2.41948e-05
2.42458e-05
2.41397e-05
2.40829e-05
7.10201e-06
7.40549e-06
1.18616e-05
1.14748e-05
1.22572e-05
1.26618e-05
2.89315e-05
3.31956e-05
2.40246e-05
2.38159e-05
2.37347e-05
2.38917e-05
2.3643e-05
3.05872e-06
3.05918e-06
3.06051e-06
3.06052e-06
3.0612e-06
3.06038e-06
3.06014e-06
8.16838e-06
1.32323e-05
1.78805e-05
1.76009e-05
2.64228e-05
3.02272e-05
2.22866e-05
2.6554e-05
1.48199e-06
2.5091e-05
7.04774e-06
2.45836e-05
2.54883e-05
2.34555e-05
3.06285e-06
2.32156e-05
2.71739e-05
2.30828e-05
2.63512e-05
2.96489e-05
3.18849e-05
2.95585e-05
3.59595e-05
3.16819e-05
2.43125e-05
3.09768e-05
1.08119e-05
6.75232e-06
7.0906e-06
6.42251e-06
2.38457e-05
2.35877e-05
2.78341e-05
2.00771e-05
1.83326e-05
3.22831e-05
1.99793e-05
3.17733e-05
3.12276e-05
2.35619e-05
2.26634e-05
2.14709e-05
2.02945e-05
2.227e-05
2.55124e-05
3.11023e-05
2.78162e-05
3.95558e-06
1.22383e-05
1.31114e-05
2.56171e-06
1.14026e-05
1.06047e-05
1.59505e-05
1.49673e-05
1.91477e-05
2.083e-05
2.11343e-05
3.22571e-06
4.3754e-06
4.68195e-06
3.33284e-06
3.91764e-06
3.09406e-06
3.33183e-06
2.40126e-06
2.28371e-06
7.11008e-06
6.51278e-06
2.33325e-06
7.74389e-06
2.48887e-06
6.20649e-06
4.95393e-06
4.4178e-06
4.54208e-06
7.9748e-06
9.68968e-06
9.84599e-06
8.37736e-06
9.0062e-06
1.07575e-05
1.23643e-05
9.26497e-06
9.45679e-06
1.01656e-05
1.38512e-05
4.48943e-06
5.77646e-06
6.15472e-06
1.21578e-05
1.36493e-05
1.25266e-05
5.35876e-06
1.10946e-05
1.34403e-05
1.35978e-05
2.70475e-06
4.06424e-06
3.66314e-06
1.98951e-06
2.24887e-06
1.62235e-06
1.62745e-06
2.68674e-06
1.59807e-06
1.42853e-06
2.6399e-06
1.33769e-06
1.67542e-06
1.22796e-06
1.57689e-06
1.50933e-06
1.73502e-06
2.12046e-06
2.87196e-06
3.04061e-06
1.51377e-06
5.05991e-06
4.71134e-06
2.76728e-06
2.99896e-06
3.18926e-06
3.3336e-06
3.43077e-06
5.43341e-06
2.4534e-06
2.85969e-06
2.23984e-06
2.1233e-06
2.286e-06
2.51335e-06
2.50307e-06
7.24083e-06
7.62475e-06
8.04403e-06
3.36786e-06
3.31699e-06
3.41624e-06
3.45916e-06
3.10635e-06
3.05204e-06
9.6961e-06
8.57676e-06
2.01547e-05
4.65397e-05
2.53626e-06
2.46269e-05
3.75112e-05
3.07986e-05
1.43897e-05
6.04886e-05
7.43708e-05
7.0249e-06
7.60837e-06
2.84972e-05
2.80378e-05
3.55752e-05
3.59314e-05
2.43972e-05
2.42929e-05
2.43353e-05
3.04632e-06
3.04408e-06
3.0486e-06
3.05047e-06
8.56167e-06
9.03583e-06
2.97146e-05
2.9338e-05
3.00643e-05
3.03895e-05
1.30692e-05
3.63852e-05
2.39606e-05
3.05262e-06
3.05737e-06
3.05864e-06
3.05621e-06
3.05952e-06
8.99527e-06
6.72998e-06
9.68153e-06
1.47113e-05
2.01001e-05
2.06616e-05
2.11018e-05
3.2248e-05
2.0776e-05
1.91557e-05
1.01089e-05
2.97019e-05
1.40822e-05
2.24542e-05
2.26267e-05
3.0623e-06
3.06308e-06
2.29419e-05
3.06238e-06
2.2789e-05
2.1902e-05
2.29806e-05
2.35087e-05
2.15591e-05
2.40911e-05
1.03772e-05
7.43512e-06
2.16435e-05
2.24516e-05
2.08187e-05
9.61171e-06
9.2693e-06
1.59633e-05
1.40585e-05
1.33554e-05
1.23228e-05
1.31133e-05
3.27652e-05
2.38367e-05
2.37548e-05
2.36624e-05
3.06214e-06
2.2074e-05
2.18704e-05
2.16467e-05
3.05921e-06
1.57609e-05
1.59632e-05
1.71078e-05
1.40201e-05
1.86479e-05
1.91774e-05
9.84124e-06
1.80721e-05
1.74575e-05
2.04846e-05
2.00954e-05
2.14046e-05
3.02609e-06
3.03666e-06
3.23721e-06
3.93347e-06
2.56335e-06
2.68936e-06
2.78825e-06
3.03985e-06
2.91426e-06
9.11013e-06
8.41006e-06
1.40517e-05
1.33577e-05
5.94641e-06
1.47515e-05
5.41873e-06
6.77368e-06
7.34656e-06
4.85378e-06
4.27628e-06
4.25331e-06
1.00602e-05
9.84578e-06
1.0073e-05
8.5564e-06
1.14448e-05
1.28083e-05
1.24119e-05
7.58116e-06
7.37961e-06
8.8741e-06
8.40272e-06
4.92812e-06
2.9402e-06
2.14761e-06
1.96063e-06
6.47362e-06
1.12092e-05
1.04218e-05
2.37514e-06
9.53333e-06
2.97545e-06
3.29897e-06
4.92312e-06
3.27301e-06
3.63727e-06
1.71356e-06
2.04068e-06
1.48479e-06
1.43809e-06
2.6053e-06
1.34617e-06
1.19161e-06
1.06499e-06
1.21215e-06
1.07724e-06
1.37908e-06
1.2487e-06
1.44986e-06
1.92439e-06
1.77589e-06
2.1092e-06
2.5284e-06
3.50083e-06
3.4841e-06
3.48992e-06
2.12736e-06
2.15909e-06
1.80401e-06
1.65038e-06
1.93033e-06
2.2192e-06
3.26583e-06
3.21319e-06
3.16021e-06
1.5431e-05
5.42024e-06
3.04898e-06
3.76823e-05
6.60655e-05
3.32671e-06
2.48682e-05
3.74513e-05
3.13568e-05
1.39179e-05
6.93483e-05
8.83714e-06
3.62435e-05
3.6092e-05
2.43687e-05
2.44172e-05
3.03742e-06
3.04207e-06
3.04064e-06
1.34915e-05
3.66465e-05
3.65194e-05
3.67677e-05
3.6883e-05
3.06694e-05
2.44319e-05
3.05443e-06
1.49745e-05
9.2394e-06
6.24104e-06
8.67565e-06
1.0614e-05
1.06206e-05
5.7224e-05
3.62072e-05
1.37806e-05
1.47586e-05
3.19954e-05
2.87117e-05
2.63961e-05
3.06028e-06
3.06095e-06
3.06234e-06
3.06152e-06
8.98182e-06
8.52334e-06
9.72277e-06
9.25581e-06
9.97706e-06
7.78423e-06
2.32405e-05
3.36466e-05
3.40511e-05
3.32168e-05
8.49291e-06
8.85055e-06
8.18105e-06
7.81847e-06
7.53564e-06
7.42994e-06
7.99197e-06
2.39132e-05
3.0597e-06
3.06088e-06
3.06164e-06
3.05747e-06
3.05537e-06
3.05126e-06
9.01721e-06
9.85752e-06
1.04468e-05
1.96603e-05
2.93966e-06
2.96028e-06
1.68099e-05
2.91872e-06
2.89844e-06
3.01293e-06
2.99735e-06
3.04528e-06
2.74294e-06
2.89868e-06
3.58141e-06
2.13244e-06
2.63576e-06
2.55967e-06
2.63412e-06
2.46312e-06
1.61366e-05
1.5448e-05
2.83903e-06
2.84066e-06
1.26711e-05
2.84289e-06
1.2001e-05
8.27053e-06
6.79947e-06
6.16591e-06
4.84514e-06
4.03778e-06
3.73193e-06
5.70249e-06
1.45194e-05
1.22717e-05
6.54436e-06
7.5456e-06
7.20328e-06
7.07837e-06
7.76689e-06
7.4042e-06
2.63875e-06
8.51604e-06
7.23777e-06
6.88067e-06
1.81693e-06
6.76528e-06
7.01672e-06
7.62705e-06
7.22762e-06
4.46191e-06
4.03298e-06
1.13491e-05
9.01583e-06
9.55181e-06
1.4291e-06
1.59547e-06
1.23445e-06
1.29887e-06
1.87822e-06
1.13146e-06
1.03958e-06
1.05026e-06
1.09414e-06
1.01912e-06
9.55811e-07
1.09997e-06
2.07673e-06
1.44603e-06
2.10283e-06
2.15581e-06
2.10491e-06
1.52974e-06
1.39032e-06
2.12518e-05
6.69348e-06
1.07292e-06
4.89309e-05
8.58894e-05
8.51608e-05
3.0676e-06
2.41368e-05
3.73111e-05
3.10717e-05
2.44322e-05
2.44298e-05
3.03883e-06
3.03608e-06
3.09614e-05
2.44e-05
2.4418e-05
2.43724e-05
3.69942e-05
2.4339e-05
3.03201e-06
3.082e-05
1.47365e-05
7.39397e-06
8.1831e-06
8.60342e-06
8.08653e-06
8.07011e-05
6.00612e-05
8.61652e-06
1.00641e-05
2.23279e-05
4.95708e-05
3.51556e-05
1.83907e-05
9.21181e-06
8.7331e-06
9.57069e-06
9.03443e-06
8.13775e-06
2.40109e-05
3.44255e-05
2.40475e-05
2.41066e-05
2.39828e-05
2.53341e-05
2.59255e-05
8.48246e-06
8.68517e-06
8.33735e-06
8.4717e-06
7.07685e-06
3.05865e-06
6.96813e-06
6.97924e-06
2.97975e-06
2.8799e-06
2.96921e-06
2.72834e-06
3.63813e-06
2.12424e-06
2.25612e-06
2.52219e-06
2.17082e-06
2.15004e-06
2.18804e-06
2.86401e-06
2.85161e-06
2.84828e-06
2.86241e-06
3.89925e-06
6.59997e-06
4.22939e-06
4.84899e-06
4.03954e-06
4.34347e-06
5.63867e-06
7.28706e-06
5.98413e-06
1.91519e-06
2.14122e-06
6.58829e-06
6.6383e-06
1.76631e-06
8.05221e-06
3.09152e-06
3.26898e-06
3.32867e-06
6.55172e-06
1.71924e-06
1.67378e-06
3.20845e-06
1.68838e-06
1.07214e-05
1.01219e-05
2.88364e-06
3.03802e-06
2.98956e-06
1.73025e-06
1.9358e-06
1.45435e-06
1.07441e-06
2.04878e-06
9.41844e-07
8.36199e-07
9.33033e-07
8.88459e-07
7.54615e-07
9.50403e-07
1.04595e-06
1.32901e-06
1.08595e-06
1.69204e-06
2.14991e-06
1.33646e-06
1.15791e-06
3.34836e-05
8.30709e-06
3.69955e-06
6.69231e-05
0.000109912
0.000115873
8.52791e-05
3.05651e-06
2.42067e-05
3.72116e-05
0.000127393
0.000134129
0.000138839
3.03342e-06
3.03497e-06
3.71011e-05
3.02893e-06
3.03009e-06
3.02742e-06
2.42867e-05
3.02569e-06
3.75238e-05
3.07356e-05
1.42927e-05
7.98119e-06
6.59064e-06
6.54154e-06
6.74904e-06
9.82482e-05
8.03934e-05
3.10715e-06
5.77186e-06
1.6203e-05
3.95346e-05
6.56644e-05
2.46509e-05
2.54438e-06
2.64886e-05
9.93831e-06
2.70274e-05
1.03085e-05
2.47142e-05
3.47016e-05
2.41642e-05
3.05527e-06
3.05324e-06
3.05697e-06
3.51862e-05
3.54005e-05
1.06779e-05
1.10513e-05
1.14267e-05
1.18079e-05
8.2824e-06
8.33891e-06
8.81884e-06
2.81037e-06
3.21689e-06
3.21433e-06
2.2217e-06
2.10788e-06
2.45636e-06
1.86351e-06
1.7944e-06
4.90437e-06
3.7167e-06
6.08897e-06
3.48027e-06
2.71083e-06
4.55466e-06
6.50436e-06
4.94214e-06
4.59697e-06
4.26348e-06
2.45187e-06
6.00543e-06
4.95536e-06
3.14856e-06
3.38599e-06
6.24085e-06
5.77947e-06
5.34653e-06
2.91198e-06
2.94735e-06
9.18563e-07
1.03471e-06
1.17203e-06
8.23696e-07
1.17172e-06
9.37468e-07
7.70946e-07
6.94861e-07
6.75998e-07
6.47189e-07
9.06516e-07
7.06833e-07
1.15538e-06
1.06753e-06
1.42304e-06
1.61692e-06
1.91912e-06
9.58302e-07
4.55017e-05
1.1225e-05
3.12489e-06
8.57104e-05
0.000114572
0.000126249
3.02462e-06
2.41432e-05
0.000132032
0.000135642
2.4242e-05
3.02431e-06
3.7488e-05
2.48893e-05
3.13304e-05
1.38238e-05
8.48537e-06
8.42474e-06
9.59245e-05
0.000124343
1.21782e-06
7.20961e-06
2.24329e-05
5.24192e-05
9.16996e-05
3.33402e-06
3.55993e-05
2.75418e-05
3.57835e-05
2.80274e-05
3.49544e-05
2.42201e-05
3.05147e-06
2.432e-05
2.43634e-05
2.84862e-05
2.89162e-05
2.93227e-05
2.96986e-05
1.21931e-05
1.29915e-05
1.25908e-05
2.18418e-06
3.57082e-06
2.48712e-06
1.95514e-06
2.02324e-06
1.92035e-06
1.73963e-06
1.80315e-06
1.6479e-06
3.58212e-06
4.53708e-06
4.14851e-06
4.25544e-06
3.3423e-06
2.743e-06
5.50189e-06
2.92576e-06
3.48524e-06
3.42361e-06
3.94354e-06
2.83232e-06
3.5105e-06
3.43784e-06
3.48015e-06
3.50657e-06
5.61312e-07
6.63099e-07
7.49342e-07
4.82326e-07
7.93673e-07
6.89349e-07
6.46934e-07
5.74447e-07
5.77368e-07
6.16383e-07
9.91181e-07
6.97604e-07
5.74797e-07
1.28933e-06
1.21911e-06
5.54182e-05
1.47717e-05
3.12763e-06
8.72597e-05
0.000118893
3.02425e-06
0.000142772
3.02245e-06
3.73442e-05
2.41662e-05
3.07425e-06
3.10319e-05
1.34059e-05
0.000131151
0.000103185
0.000143931
0.000129785
0.000136094
3.94306e-06
8.98398e-06
3.55011e-05
6.87794e-05
0.000114495
2.43979e-05
3.59559e-05
2.44275e-05
3.61167e-05
2.42719e-05
3.04931e-06
3.0453e-06
3.044e-06
3.62685e-05
3.64105e-05
3.6545e-05
3.66725e-05
3.00422e-05
3.06342e-05
3.0363e-05
2.20304e-06
2.66757e-06
1.58189e-06
1.76014e-06
1.97989e-06
1.6814e-06
1.61219e-06
1.74742e-06
2.45093e-06
3.29063e-06
2.58794e-06
2.86532e-06
2.50479e-06
2.83682e-06
3.19044e-06
3.09028e-06
3.32144e-06
3.64295e-06
4.13742e-07
3.61239e-07
3.26475e-07
6.10758e-07
6.08559e-07
3.15307e-07
1.05976e-06
7.50184e-07
5.90243e-07
6.01075e-07
6.06632e-05
1.93391e-05
2.99342e-06
8.90422e-05
0.000121199
0.000136812
0.000141819
0.00014108
3.72421e-05
2.42429e-05
3.06267e-06
3.0935e-05
0.000140037
0.000118239
0.000146791
3.45187e-06
1.21811e-05
4.89709e-05
9.23978e-05
3.04231e-06
2.44487e-05
3.04103e-06
2.44623e-05
3.0472e-06
2.4466e-05
2.44671e-05
2.44544e-05
3.67943e-05
2.44377e-05
3.70224e-05
3.69103e-05
2.34959e-06
2.20477e-06
1.48884e-06
1.44523e-06
1.64786e-06
1.44581e-06
1.40546e-06
2.38806e-06
2.33358e-06
2.59664e-06
2.21641e-06
2.14375e-06
2.50682e-06
3.36033e-06
2.76415e-06
3.17671e-06
4.11405e-07
3.46537e-07
1.13337e-06
8.3786e-07
6.55063e-07
6.09673e-07
4.04602e-07
6.2805e-05
2.46843e-05
2.89065e-06
9.02259e-05
0.000120611
0.000137688
0.00013516
3.71303e-05
2.41836e-05
3.03025e-06
0.000121906
9.35274e-05
0.000142141
3.45379e-06
1.6103e-05
6.06103e-05
0.000147201
3.03984e-06
3.03885e-06
3.03742e-06
3.03614e-06
3.03436e-06
2.44114e-05
3.03334e-06
2.43282e-05
2.43794e-05
1.92891e-06
2.12695e-06
1.24325e-06
1.28865e-06
1.92188e-06
1.69813e-06
1.94407e-06
2.2165e-06
2.22925e-06
1.87378e-06
1.57768e-06
2.98999e-06
9.43874e-07
7.76288e-07
6.22959e-07
3.40876e-07
6.37944e-05
3.04262e-05
2.81198e-06
8.92749e-05
0.000116055
2.42839e-05
3.0296e-06
9.51309e-05
0.000123774
6.7247e-05
3.31028e-06
2.11732e-05
0.0001468
0.000136927
3.03199e-06
3.02925e-06
3.03044e-06
2.05494e-06
1.32916e-06
1.43981e-06
1.08457e-06
1.01433e-06
9.04376e-07
1.66393e-06
1.40122e-06
1.16513e-06
9.4391e-07
6.50788e-07
3.12608e-07
6.43849e-05
3.53942e-05
2.76996e-06
8.47962e-05
0.00010543
0.000127738
0.00012555
3.02759e-06
7.03103e-05
9.65433e-05
0.000122819
2.72255e-05
3.19682e-06
0.000138322
1.16205e-06
9.61157e-07
8.17674e-07
1.17787e-06
6.60322e-07
5.58942e-07
6.9167e-07
3.25994e-07
6.2544e-05
3.85089e-05
2.77187e-06
7.61191e-05
7.07448e-05
9.50145e-05
3.38971e-05
7.20837e-05
9.63977e-05
0.000118532
3.11107e-06
0.000129891
7.92741e-07
4.80943e-07
7.49854e-07
3.61464e-07
5.84811e-05
4.12833e-05
2.80923e-06
5.43774e-05
4.9284e-05
7.15454e-05
3.06681e-06
3.99356e-05
7.38266e-05
9.34015e-05
0.00010994
4.13676e-07
4.79243e-05
4.30616e-05
2.96572e-06
3.91071e-05
3.32621e-05
5.87404e-05
4.99234e-05
3.0709e-06
4.38592e-05
7.30937e-05
8.67166e-05
7.8301e-05
0.000101497
3.75557e-05
4.42829e-05
3.23588e-06
3.09385e-05
3.19956e-05
4.1585e-05
3.106e-06
4.74653e-05
6.97318e-05
6.22504e-05
5.63346e-05
7.74862e-05
3.29897e-05
4.2154e-05
3.80966e-06
3.07406e-05
3.84103e-05
4.13788e-05
3.67336e-05
3.26141e-06
4.96994e-05
5.59096e-05
4.61554e-05
6.99947e-05
3.31099e-05
3.8571e-05
5.01672e-06
3.68447e-05
4.68842e-05
4.5718e-05
3.5178e-06
5.08006e-05
4.31467e-05
5.41069e-05
3.64342e-05
3.85722e-05
5.74767e-06
4.04579e-06
4.55026e-05
4.01249e-05
5.62983e-06
5.0845e-06
5.99834e-06
)
;

boundaryField
{
    flap
    {
        type            nutkWallFunction;
        value           nonuniform List<scalar> 0();
    }
    freestream
    {
        type            fixedValue;
        value           uniform 6.1605e-05;
    }
    main
    {
        type            nutkWallFunction;
        value           uniform 0;
    }
    BaseAndTop
    {
        type            empty;
    }
    procBoundary0to1
    {
        type            processor;
        value           nonuniform List<scalar> 
150
(
0.000240703
0.000241145
0.000240429
0.000242907
0.000244897
0.000242907
0.000240641
0.000241694
0.000240007
0.000240159
0.000239656
0.000240661
0.000239544
0.000239448
0.000242533
0.000242533
0.000243172
0.000241642
0.000239658
0.000241317
0.000239397
0.00023937
0.000242677
0.000244207
0.000239713
0.00023945
0.000240268
0.00023983
0.000239675
0.000239522
0.000247978
0.000239265
0.000239468
0.000239728
0.000239728
0.00023908
0.000239889
0.000239889
0.000239155
0.000239913
0.000239243
0.00023997
0.000239247
0.000240144
0.00023935
0.000240256
0.000239416
0.00024048
0.00023958
0.000240764
0.000239672
0.000239872
0.000241243
0.000240301
0.000241993
0.000240301
0.000243167
0.000241005
0.000241005
0.000245037
0.000242262
0.000202155
0.000243357
0.000161552
0.000245577
0.000185825
0.000194176
0.000127282
0.000169473
0.000120588
0.000143991
0.000107877
0.000111173
0.000135875
0.0001014
0.00011456
0.000106687
9.0101e-05
0.000106687
9.0101e-05
0.000100905
7.07794e-05
0.000100905
0.000102739
6.73901e-05
0.000102739
7.06835e-05
7.49883e-05
7.06835e-05
6.63706e-05
4.23316e-05
4.23316e-05
5.61858e-05
2.8212e-05
4.31665e-05
3.37376e-05
1.53129e-05
1.21029e-05
2.27158e-05
2.00234e-05
1.62744e-05
2.00234e-05
2.82375e-05
6.91375e-06
6.91375e-06
2.65115e-05
1.99572e-05
1.99572e-05
3.06423e-05
3.29176e-05
3.06423e-05
4.598e-05
2.42901e-05
7.90871e-05
3.23487e-05
6.64059e-05
7.41137e-05
8.07897e-05
0.000125797
0.000133921
0.00014133
0.000147164
0.000118116
0.000103911
0.000142847
0.000142935
0.000142935
0.000150713
0.000138469
0.000152361
0.000147948
0.000148005
0.0001554
0.000154075
0.000138712
0.00015526
0.000135635
0.000124468
0.000146051
0.000146051
0.000140563
0.000140563
0.000100827
0.000115773
5.93101e-05
0.000115773
9.89215e-05
3.73291e-05
7.47519e-05
5.51217e-05
)
;
    }
}


// ************************************************************************* //
