/*--------------------------------*- C++ -*----------------------------------*\
| =========                 |                                                 |
| \\      /  F ield         | OpenFOAM: The Open Source CFD Toolbox           |
|  \\    /   O peration     | Version:  v2012                                 |
|   \\  /    A nd           | Website:  www.openfoam.com                      |
|    \\/     M anipulation  |                                                 |
\*---------------------------------------------------------------------------*/
FoamFile
{
    version     2.0;
    format      ascii;
    class       volScalarField;
    location    "0";
    object      p;
}
// * * * * * * * * * * * * * * * * * * * * * * * * * * * * * * * * * * * * * //

dimensions      [0 2 -2 0 0 0 0];


internalField   nonuniform List<scalar> 
6320
(
-3.89775e-05
-6.35245e-05
-8.08705e-05
-3.01388e-05
-1.14584e-05
-1.6614e-05
-0.00013348
-4.18071e-05
-7.24485e-05
-1.44315e-05
6.84553e-07
-2.60161e-06
-8.50799e-06
-0.000200245
-0.000160111
-9.86473e-05
-3.05637e-05
-4.45668e-05
-2.94944e-06
1.33831e-06
2.52153e-06
5.04923e-06
2.50923e-06
-0.000252728
-0.000141062
-7.26885e-05
-1.28353e-05
-4.93662e-05
1.1265e-05
3.38757e-06
9.87517e-06
1.39686e-05
1.40102e-05
1.45142e-05
-0.00022826
-9.31864e-05
-0.000170762
-0.000367648
1.21576e-05
-2.46795e-05
2.62734e-05
9.93142e-06
1.09348e-05
1.54058e-05
2.33858e-05
2.32664e-05
-0.000549058
-0.000261589
-7.9285e-05
-0.000156167
-0.000324773
-0.000471777
3.12146e-05
2.34943e-05
9.79616e-06
-1.7452e-05
3.98852e-05
1.37425e-05
2.27728e-05
2.35313e-05
3.21042e-05
3.6819e-05
-4.35139e-05
-8.25847e-05
-0.00021839
-0.000130451
-0.000322531
-0.000682795
-0.000787621
-0.000199715
-4.64636e-05
-0.00010724
-0.000340756
-0.000414542
5.33184e-05
4.85957e-05
3.47163e-05
1.93803e-05
5.93641e-05
2.21752e-05
2.02614e-05
3.14034e-05
4.20288e-05
4.45304e-05
-7.95915e-06
-1.80674e-05
-3.34829e-05
-7.02936e-05
-0.000264381
-0.000173469
-0.000102257
-0.00040023
-0.000607441
-0.000907374
-0.000203663
-1.67488e-05
-9.12468e-05
-0.000271879
-0.000474735
6.64077e-05
7.30658e-05
6.80224e-05
4.21679e-05
6.72238e-05
2.39873e-05
3.18517e-05
3.40656e-05
4.96906e-05
5.96823e-05
-7.20996e-06
-1.74955e-06
-9.48014e-06
-1.62311e-05
-4.49326e-05
-6.89321e-05
-0.000266676
-0.000149662
-8.53654e-05
-0.000390456
-0.00063806
-0.00104585
-0.000128725
2.34675e-05
-3.88194e-05
-0.000285921
-0.000385734
9.03769e-05
8.5948e-05
9.8228e-05
9.18004e-05
7.73413e-05
8.47186e-05
3.14999e-05
2.96335e-05
4.40563e-05
5.99799e-05
6.54193e-05
-2.00896e-06
9.37432e-07
5.04205e-06
4.47456e-07
-3.91392e-06
-2.95294e-05
-4.72134e-05
-0.000573157
-0.000331979
-0.000222055
-0.000107054
-0.000167402
-5.60598e-05
-0.000493843
-0.000792621
-0.000518073
-0.000969715
-0.00126832
-0.0001241
6.54553e-05
1.35747e-05
-0.000208011
-0.000417241
9.68403e-05
0.000119206
0.000116121
0.000126692
8.78603e-05
9.34233e-05
3.97603e-05
4.01357e-05
5.0827e-05
5.88552e-05
7.70374e-05
5.54706e-06
6.88897e-06
6.97834e-06
1.04243e-05
-9.54168e-06
1.03131e-05
-2.83892e-05
-0.000743612
-0.000663193
-0.000344255
-0.00021114
-7.28572e-05
-0.000116975
-3.3558e-05
-0.000422012
-0.000728145
-0.000572923
-0.00104189
-0.00138837
-5.08425e-05
6.28081e-05
1.50695e-05
-0.000190884
-0.000297805
0.00011386
0.00013699
0.000134942
0.000153342
0.000130633
8.8582e-05
0.000106443
5.25382e-05
5.56411e-05
6.58415e-05
7.87387e-05
9.81683e-06
1.44278e-05
1.01998e-05
1.8589e-05
8.28488e-06
2.44548e-05
-9.63461e-06
-0.000836076
-0.000654803
-0.000271843
-0.000150056
-3.51776e-05
-7.55373e-05
-0.000105752
-1.24049e-05
-0.000430088
-0.00199384
-0.000860581
-0.00045477
-0.00124305
-0.00179297
-2.32333e-05
0.000143518
0.000105084
-9.82288e-05
-0.000203585
0.000115958
0.000132709
0.000174888
0.000142574
0.000168823
0.000198333
0.000166015
9.881e-05
0.000106866
6.90744e-05
7.12244e-05
8.2882e-05
1.75968e-05
2.13278e-05
1.57413e-05
1.66608e-05
3.18686e-05
2.54934e-05
7.10521e-06
4.07798e-05
-0.000952621
-0.000834842
-0.000547957
-0.000299897
-0.000132442
-1.41448e-05
-2.77426e-05
-4.5957e-05
1.90657e-05
-0.000365102
-0.000978941
-0.00048243
-0.000258907
-0.00140881
-0.00170059
-0.00246503
3.82609e-05
0.000161298
9.97119e-05
-0.000114423
0.000130549
0.000138829
0.000182854
0.000204181
0.000166453
0.000180727
0.000208955
9.31429e-05
0.000116774
7.35395e-05
8.05384e-05
2.77798e-05
2.32329e-05
2.90055e-05
4.32628e-05
4.0267e-05
3.83114e-05
3.32931e-05
5.796e-05
-0.0011683
-0.000975851
-0.000712567
-0.000562553
-0.000202228
-4.58192e-05
1.89819e-05
-1.45104e-05
-9.48313e-06
3.71923e-05
4.14924e-05
-0.000416249
-0.00121817
-0.000752892
-0.000278947
-0.000100636
-0.00188289
-0.00256526
9.60384e-06
0.000235382
0.000185877
0.000131484
0.000153619
0.000220293
0.000241234
0.000169482
0.000205878
0.000244073
9.68037e-05
0.00012052
7.7087e-05
8.53251e-05
3.58778e-05
2.50116e-05
2.88306e-05
5.30665e-05
5.12904e-05
5.51884e-05
6.89019e-05
-0.00132123
-0.00114357
-0.000726664
-0.000120295
2.38422e-05
4.66064e-05
3.07821e-05
5.57495e-05
6.78689e-05
6.40934e-05
-0.000405354
-0.00129999
-0.00059934
-0.000317976
-0.000133946
4.87418e-05
-0.00163116
-0.0023464
-0.00309358
-0.00345076
7.97271e-05
0.000272827
0.000264128
0.000237365
0.000140261
0.00016191
0.00024138
0.000280157
0.000189722
0.000210626
0.000282707
0.000105759
9.50088e-05
0.000115092
0.000135203
3.75542e-05
3.21663e-05
3.78376e-05
6.40771e-05
5.70431e-05
7.32266e-05
8.94294e-05
-0.0015804
-0.00111725
-0.000532056
-0.000921369
-0.000165338
2.09825e-06
0.000113655
8.89671e-05
7.41332e-05
0.000124016
9.17136e-05
7.69196e-05
-0.000296079
-0.00109906
-0.000784577
-0.000292058
9.14333e-05
0.000156194
-0.0018862
-0.00228726
-0.00330877
-0.00409123
0.000184165
0.000348217
0.00035109
0.00037826
0.00015275
0.000179996
0.00026516
0.000311028
0.000203694
0.000231915
0.000341129
0.000109591
9.79469e-05
0.000126178
0.000135274
4.86428e-05
3.82631e-05
7.41553e-05
6.89077e-05
8.97865e-05
9.93821e-05
9.66349e-05
-0.00182204
-0.00139804
-0.000538719
-0.000945268
4.014e-05
7.73256e-05
0.000189335
0.000131553
0.00013048
0.00014583
0.000122676
0.000107332
-0.000240664
-0.00211142
-0.00126647
-0.00042081
-1.58899e-05
0.000182911
0.000308795
-0.00169974
-0.00278684
-0.00387174
-0.00433566
-0.00547359
0.000323505
0.000392212
0.000399731
0.000409369
0.000155308
0.000184204
0.000262941
0.000304028
0.000357496
0.0002146
0.000249392
0.000372526
0.000115296
0.0001275
0.000144279
5.20142e-05
5.13992e-05
7.7222e-05
8.95398e-05
6.80834e-05
0.000111331
0.000117386
0.000110228
-0.00171538
-0.00118125
-0.000358275
-0.000745147
8.10732e-05
0.000169847
0.000287755
0.000165285
0.000196712
0.000161321
0.000127591
-6.35937e-05
-0.00246754
-0.000912812
-0.000467825
0.000308024
0.000430114
0.000469358
-0.00198765
-0.00254849
-0.00443147
-0.00510079
-0.00657732
0.000530072
0.000472174
0.000494007
0.000167702
0.000179399
0.000200616
0.000292983
0.000335055
0.000394037
0.000218233
0.000257176
0.000441623
0.000133291
0.000150259
6.11169e-05
5.44711e-05
8.8619e-05
9.57279e-05
7.85889e-05
0.000126713
0.000126955
0.000122242
0.000107107
-0.00185305
-0.00130901
-0.000335067
-0.000767901
0.000182326
0.000292647
0.000342543
0.000292453
0.00020748
0.000224909
0.000183208
0.000154174
2.43598e-05
-0.00291703
-0.00222534
-0.00309584
-0.00102079
-0.000153539
0.000376268
0.000540372
0.000530818
0.000558729
-0.00154021
-0.00285024
-0.00376911
-0.00538682
-0.00597548
-0.00679098
0.000582884
0.000541958
0.000484139
0.000166678
0.000184629
0.000212396
0.000197354
0.000275499
0.000321887
0.000375583
0.000434593
0.000242646
0.000147105
0.000161655
6.69449e-05
6.18663e-05
8.79664e-05
8.38602e-05
0.000148353
0.000148805
0.000132987
0.000113298
-0.00163072
-0.00106085
-9.50677e-05
-0.00049233
0.000204188
0.000279666
0.000345437
0.000429924
0.000329817
0.000231926
0.000301141
0.000177406
0.000218631
-0.00322703
-0.00254286
-0.00380988
-0.000754186
-0.000326687
0.000186922
0.000834
0.000765396
0.000775894
0.000716096
-0.00173702
-0.00221509
-0.00346037
-0.00552187
-0.00780268
0.000732475
0.000615418
0.000541192
0.000175276
0.000184098
0.000220812
0.000199773
0.000287015
0.000336045
0.000392735
0.000471322
0.000235755
0.000145664
0.000162176
7.60118e-05
9.84231e-05
9.19607e-05
0.000158505
0.000153773
0.000126643
0.000145687
0.000110479
-0.00187826
-0.00106342
0.000108843
-0.000477534
0.000360687
0.00050405
0.000497575
0.000509436
0.000518351
0.000396066
0.000281256
0.000310447
0.000194884
0.000242965
-0.00303112
-0.00374794
-0.00227333
-0.00101701
0.000300016
0.000499299
0.00103722
0.000933827
0.000933681
0.00081286
-0.00240834
-0.00413838
-0.0050611
-0.0070251
-0.00813225
-0.00861737
0.000803527
0.000739176
0.000603315
0.00052089
0.000179902
0.000193186
0.000217795
0.000207088
0.000276628
0.000315661
0.000369956
0.000450709
0.000488455
0.000243549
0.000166848
0.000102433
0.000180206
0.00017095
0.000129935
0.000154864
0.000122029
-0.00150973
-0.00077419
4.45507e-05
0.000341924
-0.000233775
0.000532978
0.000565804
0.00061993
0.000485238
0.000658493
0.000409947
0.000303056
0.000371962
0.000198488
0.000232518
0.000281324
-0.00339681
-0.00438201
-0.00244242
-0.0050664
-0.000662706
0.000488382
0.000921388
0.00132531
0.00132829
0.00110567
0.000962435
-0.00234796
-0.0031551
-0.00589835
-0.00698125
-0.00984786
-0.0101862
0.000923599
0.000756208
0.000676821
0.000580279
0.000189928
0.000177759
0.000192992
0.000222586
0.000205913
0.000285156
0.000259736
0.00033026
0.000387395
0.000426455
0.000531276
0.000233705
0.000108088
0.000182216
0.000169056
0.000142108
0.000130063
0.000154294
0.000120715
-0.00136513
-0.000919497
0.000418104
0.000595738
-0.000258168
0.000713522
0.000707616
0.000700052
0.000507958
0.000758155
0.000459893
0.000350673
0.000225201
0.000243285
0.000284701
-0.00409255
-0.00302958
-0.0022797
-0.00578603
-0.00112256
-6.7677e-06
0.00101077
0.00135476
0.00179767
0.00148411
0.00133062
0.00108896
0.000984893
-0.00171359
-0.00353538
-0.00506048
-0.00805808
-0.00946172
-0.0112038
-0.0114889
0.00103614
0.000837015
0.000650135
0.000190267
0.000177468
0.000198536
0.000218141
0.000211345
0.000267081
0.000307855
0.000247568
0.000364328
0.000457129
0.000555867
0.000231924
0.000203652
0.000177611
0.000147415
0.00013626
0.000161516
0.000124059
-0.00171894
-0.000608354
0.000442473
0.000647033
0.000746222
0.000115006
0.000890568
0.000872558
0.000846558
0.000677813
0.00059108
0.000906331
0.000494805
0.000365479
0.000223447
0.000265893
0.000326312
-0.00464319
-0.00359554
-0.00281811
-0.0066977
-0.00550776
0.000220759
0.000549067
0.0011781
0.00133881
0.0019137
0.00200114
0.001802
0.00153593
0.00130875
0.00118572
-0.00173676
-0.00295292
-0.00519947
-0.00835775
-0.0108978
-0.0126687
-0.0134362
0.000965011
0.00120752
0.000789223
0.000698582
0.000194005
0.000201785
0.00021904
0.000209631
0.000252054
0.000267732
0.000312756
0.000237392
0.000374141
0.000513762
0.000416547
0.000635766
0.000225104
0.000200937
0.000188795
0.000171355
0.000159045
0.000142045
-0.00133433
-0.000768789
0.000903403
0.00102421
0.00112013
0.000130924
0.00109251
0.00103916
0.000906238
0.000928708
0.000746889
0.000560012
0.000462713
0.000401655
0.000243038
0.000289842
0.000321606
-0.00425359
-0.00243358
-0.00757184
-0.00645795
0.000877136
0.00189385
0.00222784
0.00227716
0.00241923
0.00207727
0.00148145
0.00188667
-0.000838829
-0.00351907
-0.00692475
-0.00955534
-0.0127375
-0.0134948
-0.0148558
0.00098783
0.00135263
0.000861991
0.000201001
0.000206037
0.000215866
0.000212726
0.000239038
0.000248697
0.000285025
0.000339049
0.000230027
0.00053129
0.000422321
0.000650653
0.000220979
0.000212129
0.000192213
0.000177473
0.00016409
0.000144114
-0.0016099
-0.000258644
0.00105645
0.00114587
0.00125999
0.000679347
0.00129264
0.00121305
0.00103978
0.000851395
0.00110621
0.000688473
0.000601136
0.000473722
0.000382676
0.000276257
0.000236402
0.000343655
-0.00861915
-0.00465446
-0.00286302
-0.00746344
-0.00586846
0.00201318
0.000473902
0.00251168
0.00265756
0.00270833
0.0023493
0.00164304
0.00191648
-0.0012902
-0.00379989
-0.00560318
-0.0106051
-0.0145235
-0.0163473
-0.0166589
0.00111892
0.00159662
0.00126811
0.000848127
0.00020243
0.000207241
0.000216804
0.000210781
0.000231529
0.000235756
0.000223942
0.000585525
0.00074631
0.000223029
0.000205528
0.000187685
0.000177493
0.000173788
0.000159752
-0.00137892
-0.000191496
0.00163165
0.00163303
0.00157985
0.000951495
0.00158261
0.00129246
0.00116232
0.000915834
0.00125043
-0.0096121
-0.0118779
-0.00434161
-0.00369428
-0.00187122
-0.00843026
-0.00680464
0.00317767
0.00201658
0.0033927
0.00348535
0.00319475
0.00260989
0.00215208
0.000415308
-0.00274539
-0.00659781
-0.00908882
-0.0132195
-0.0166822
-0.0179142
-0.0182545
0.00105317
0.00177433
0.00142032
0.000206767
0.000215097
0.000211315
0.00021955
0.000223199
0.000218503
0.000207081
0.00019052
0.000183936
0.000173952
0.000158942
-0.000661787
0.00065403
0.00188947
0.00182451
0.00180125
0.001703
0.00174333
0.00157244
0.00133392
0.00140536
-0.0111692
-0.0140457
-0.00546028
-0.00378518
-0.00192967
-0.00927744
-0.00820671
0.00346134
0.00389323
0.00199782
0.00383077
0.00360944
0.00306841
0.00272735
0.0025343
0.00204355
0.00044556
-0.00288396
-0.00470619
-0.00986993
-0.0141756
-0.0191826
-0.0206749
-0.0222353
0.00165236
0.000208228
0.000214684
0.000212897
0.000210453
0.000215728
0.000214006
0.000215205
0.000200332
0.000189249
0.000177624
-0.000258903
0.00104487
0.00252223
0.00226831
0.00217668
0.00205454
0.00209564
0.0015965
-0.0122945
-0.0137691
-0.00481197
-0.00285506
-0.000795018
-0.0111269
-0.00841109
0.00470351
0.00513445
0.00311883
0.0047807
0.00424648
0.00362142
0.0032676
0.00255535
0.00223308
0.00282352
-0.00105848
-0.00549259
-0.0124081
-0.0079424
-0.0178197
-0.0205024
-0.0213908
-0.0242123
0.00184037
0.000210896
0.00021044
0.000209976
0.00021114
0.000207995
0.000200536
0.000188088
0.000196094
0.000595463
0.00213987
0.00302979
0.00250015
0.00297051
0.00225092
0.0023307
0.00213789
-0.0155118
-0.0179171
-0.0055946
-0.00274562
-0.000545213
-0.0115975
-0.00730635
-0.0101344
0.00565797
0.00464692
0.00596263
0.00537367
0.00485779
0.00420438
0.0034179
0.00296529
0.00234851
0.00332989
-0.00103059
-0.00319263
-0.0137022
-0.00898828
-0.0167651
-0.0234047
-0.0241803
-0.0260078
0.000210069
0.000208114
0.000205273
0.000190438
0.000199143
0.00126009
0.00282322
0.00366986
0.00313908
0.00379976
0.00279272
0.00265967
-0.0176315
-0.0166928
-0.00412195
-0.0011925
0.000718998
-0.0148054
-0.00823744
-0.0122553
0.00763853
0.00663844
0.00747704
0.00667488
0.00583018
0.00459017
0.00388664
0.00267993
0.00534369
0.00157737
-0.00351841
-0.0120033
-0.00627853
-0.018867
-0.0254928
-0.02442
-0.026876
-0.0273642
0.000207784
0.000206476
0.000198296
0.00257508
0.0039208
0.00425623
0.00354022
0.00442776
0.00292454
-0.022664
-0.0201969
-0.0187907
-0.00415888
-0.00125633
0.00209494
-0.014671
-0.00629249
-0.0106655
0.00860315
0.00820283
0.00690647
0.00766803
0.00680384
0.00537682
0.00448161
0.00360054
0.00627576
0.00197465
-0.000347926
-0.0137631
-0.00707611
-0.0223393
-0.0176389
-0.0291841
-0.0285148
-0.0307474
-0.0324022
-0.0344235
0.00020052
0.00299386
0.00481372
0.00480263
0.00398975
0.00534764
-0.0229586
-0.020422
-0.00274579
0.000190218
0.00193287
-0.0164937
-0.00572488
-0.0103536
0.0104823
0.0104179
0.00958448
0.00893879
0.00767753
0.00576247
0.00490466
0.00867383
0.00480447
-0.000377829
-0.0110889
-0.0039503
-0.0243361
-0.0199291
-0.031183
-0.0304337
-0.0333472
-0.0385463
0.00453025
0.00605309
0.0055427
0.0047289
0.0059394
-0.0254208
-0.0239071
-0.0192867
-0.00334171
0.000749585
0.00355193
-0.0165108
-0.00747763
-0.0125145
0.0106065
0.0119032
0.0111186
0.0105942
0.00881259
0.00747704
0.0066626
0.00516868
0.00989731
0.00541523
0.0033155
-0.0130658
-0.00441698
-0.0283198
-0.0196968
-0.0353504
-0.0345737
-0.0368148
-0.0409149
-0.0397722
0.00563612
0.00747498
0.00637449
0.00704244
-0.0294745
-0.0286993
-0.0262343
-0.022954
-0.00278168
-0.000671314
0.00268331
0.00363513
0.00484192
-0.015044
-0.0204605
-0.00693329
-0.0124715
0.0121608
0.0139129
0.0137511
0.0130722
0.0100081
0.00835034
0.00617971
0.00881818
0.0139217
0.00434412
-0.00899469
-0.0166883
-0.00231866
-0.0295469
-0.0246247
-0.0366924
-0.0377682
-0.0370694
-0.0447551
-0.0444355
0.00695457
0.00774799
0.0085183
0.00679919
0.00805054
-0.03479
-0.0323449
-0.0258519
-0.0305954
-0.00419111
0.00138132
0.00294257
0.00563451
0.00618677
-0.0172357
-0.021025
-0.00955947
-0.014612
0.014358
0.0114651
0.015286
0.015133
0.0148557
0.00962933
0.00788691
0.0122667
0.0150666
0.00113732
0.00760671
-0.00915807
-0.0174743
-0.00418197
-0.028773
-0.0341994
-0.0220817
-0.0407796
-0.0417835
-0.0414566
-0.0487316
-0.0448553
-0.048571
0.00815284
0.00957181
0.0102253
0.0087126
-0.03512
-0.0370028
-0.0282812
-0.0314361
-0.00258899
0.000724669
0.00513495
0.00645839
0.00794433
-0.0237904
-0.00733707
-0.015718
0.0151984
0.0125145
0.0180988
0.0176043
0.0186824
0.010747
0.0118972
0.0178346
0.00433195
0.00801963
-0.0136236
-0.0178144
-0.00238531
-0.0322085
-0.0365782
-0.0264142
-0.0432446
-0.0429316
-0.0442611
-0.0517449
-0.0488695
-0.0526761
0.010279
0.0109804
0.0111252
0.0101687
-0.0390142
-0.0407805
-0.0299165
-0.0360324
-0.00425112
0.00142113
0.00656829
0.00922532
0.00960548
-0.0280385
-0.0235612
-0.00896976
-0.0128136
-0.0200371
0.0140367
0.0175048
0.0122061
0.019658
0.0187582
0.0192415
0.0204911
0.0157831
0.0197814
0.00255319
0.011357
-0.011367
-0.0211992
-0.0053077
-0.0319742
-0.0410824
-0.0472121
-0.0483626
-0.0485514
-0.0557004
-0.0523528
-0.0512064
-0.0569458
0.0119126
0.0130245
0.0131571
-0.0431418
-0.0397231
-0.0434054
-0.0340811
-0.00102902
0.00358346
0.0051086
0.00927704
0.0104411
0.011802
-0.0302628
-0.027326
-0.0057235
-0.0143379
-0.0209611
0.015117
0.0191133
0.0166511
0.0134292
0.0231622
0.0217026
0.0226196
0.02432
0.0160222
0.0185761
0.0234097
0.0051103
0.0102315
-0.0155042
-0.0224795
-0.00153514
-0.0351504
-0.0431392
-0.0498812
-0.0519505
-0.05922
-0.0578664
-0.056694
-0.0548398
-0.0601067
0.0139016
0.0146615
-0.0475838
-0.0431992
-0.0480982
-0.037362
-0.00195841
0.00525534
0.0103135
0.0135859
0.0137097
-0.0348456
-0.0295242
-0.00622948
-0.0107136
-0.0182737
-0.0262149
0.0211101
0.0178921
0.0243538
0.0249312
0.0259677
0.0272725
0.02557
0.0183806
0.023914
0.0253676
0.0037514
0.0163138
-0.0109081
-0.0204751
-0.029316
-0.00463996
-0.0344346
-0.0402632
-0.0496087
-0.0553658
-0.053421
-0.056514
-0.0642006
-0.0628374
-0.0599473
-0.0579935
-0.0647224
0.0158
0.0171261
-0.0472829
-0.0518346
-0.0444711
-0.0495101
-0.0510623
-0.0423145
0.00196984
0.00802639
0.0117989
0.0160513
0.0158563
-0.0372819
-0.0343725
-0.00372374
-0.0103938
-0.0196263
-0.0272307
0.0205705
0.0271424
0.0282548
0.0314159
0.0289114
0.0229073
0.0254529
0.0298712
0.00547451
0.0166445
-0.0129473
-0.0230966
-0.0300153
0.00114993
-0.0392397
-0.0442706
-0.0506255
-0.0589684
-0.0607598
-0.0669263
-0.0651519
-0.0660155
-0.0628959
-0.062454
-0.066345
0.0173467
0.0183181
-0.0515241
-0.0552288
-0.048963
-0.054066
-0.055828
-0.0456702
0.00275222
0.01099
0.00780698
0.0148254
0.0192369
0.0191224
-0.042575
-0.0362822
0.000237173
-0.00556534
-0.0143566
-0.0239155
-0.018541
-0.0319176
0.0224651
0.0255448
0.0299944
0.0309824
0.0320979
0.0342771
0.0272418
0.0314519
0.032747
0.0106278
0.0205034
-0.00516612
-0.0178389
-0.0220046
-0.0355682
0.0011567
-0.039839
-0.0488
-0.0561857
-0.0625719
-0.0602714
-0.064473
-0.0704175
-0.0697308
-0.0693046
-0.0644474
-0.0653491
-0.0702645
0.0193693
0.0208999
-0.056022
-0.0580948
-0.0572618
-0.052306
-0.0570652
-0.0507513
0.0149027
0.00990823
0.0194179
0.0216089
0.0206284
-0.0446362
-0.0415719
0.00348374
-0.00335248
-0.0114542
-0.0276636
-0.0219157
-0.033229
0.027607
0.0314367
0.0319493
0.0336273
0.036453
0.0391957
0.0332853
0.0253732
0.0345509
0.0371931
0.0112542
0.0193028
-0.00369267
-0.0189177
-0.0296231
-0.0382445
0.00690712
-0.0469334
-0.0517297
-0.0566909
-0.0662697
-0.0653108
-0.0681251
-0.0727298
-0.0733943
-0.0728244
-0.072345
-0.0684467
-0.0698788
-0.0710416
-0.073039
0.0226163
-0.0596618
-0.0620397
-0.0618791
-0.0577643
-0.0619763
-0.054044
0.0144994
0.0201998
0.00827063
0.0251834
0.0240013
-0.0501496
-0.0433066
0.00136391
-0.00629377
-0.0133721
-0.0315764
-0.0188165
-0.0390323
0.0278411
0.0348284
0.0370238
0.0387994
0.0403846
0.0426494
0.0381765
0.0312901
0.0409486
0.0414059
0.0224213
-0.0079763
0.00575164
-0.0260183
-0.0143847
-0.0372276
-0.0444877
-0.0526888
-0.0613619
-0.0692432
-0.069176
-0.0654318
-0.0726108
-0.0770717
-0.0768955
-0.0764643
-0.0760104
-0.0707227
-0.0737227
-0.0750714
-0.0768149
0.025169
-0.064283
-0.0639731
-0.0638549
-0.0652991
-0.0610225
-0.0638366
-0.0541705
-0.0594379
0.0187186
0.0239122
0.0103203
0.0277502
0.0260185
-0.0513849
-0.0480904
0.00197004
-0.00165398
-0.0141576
-0.0338646
-0.0221197
-0.039852
0.0307486
0.0374677
0.0341156
0.0396352
0.0433025
0.0458668
0.0476647
0.0441211
0.0369129
0.0308715
0.0455874
0.0467935
0.0174686
0.0265014
-0.00712322
0.0091731
-0.030015
-0.0168551
-0.0405477
-0.0493374
-0.0572472
-0.0625861
-0.0738795
-0.0733321
-0.0695607
-0.0749637
-0.0797032
-0.0786654
-0.0784201
-0.0796065
-0.0789984
-0.0743628
-0.0771731
-0.0774492
-0.0796302
-0.0682077
-0.0686543
-0.0687826
-0.068985
-0.0664567
-0.067698
-0.0589314
-0.0624876
0.018083
0.0238011
0.0269316
0.00697504
0.0147826
0.0322009
0.0302572
-0.0565208
-0.0493124
-0.00192615
-0.00878061
-0.0168756
-0.0345481
-0.0271864
-0.0453453
0.0410108
0.0375723
0.0456904
0.0467081
0.0502583
0.0506933
0.0478224
0.0440892
0.0386832
0.0525859
0.0524699
0.0135445
0.0286561
-0.011332
-0.00148059
0.00572875
-0.0294122
-0.0355399
-0.0241434
-0.0390421
-0.0470572
-0.0555836
-0.0576979
-0.0669491
-0.0771065
-0.0770729
-0.0733104
-0.0699324
-0.0792725
-0.0826396
-0.0830498
-0.0809922
-0.0824565
-0.0820753
-0.0771493
-0.079475
-0.080344
-0.0827517
-0.0725663
-0.0711949
-0.0709342
-0.0725872
-0.0694042
-0.0699653
-0.0702804
-0.0629285
-0.0598267
-0.0675832
0.0241928
0.0270778
0.0329032
0.00965524
0.017587
0.0335036
0.0354561
-0.0587013
-0.054484
0.000459459
-0.00180986
-0.0184771
-0.0408131
-0.0313202
-0.0245414
-0.0461967
0.0459818
0.0382067
0.0494886
0.0559615
0.0562759
0.0550362
0.0448914
0.0403089
0.0589051
0.0582489
0.0179313
0.0304339
-0.0143248
0.00226309
0.0135248
-0.0340718
-0.0390998
-0.0228166
-0.0456227
-0.0512531
-0.0586824
-0.0645098
-0.06922
-0.0804134
-0.080624
-0.0771426
-0.0750579
-0.0812806
-0.0825257
-0.0849413
-0.0848147
-0.08325
-0.0852108
-0.084456
-0.0810162
-0.0809296
-0.0824193
-0.0822232
-0.0830037
-0.0851636
-0.0696805
-0.074193
-0.0749929
-0.075548
-0.0743298
-0.0763398
-0.073651
-0.0740617
-0.0744862
-0.0674915
-0.0642194
-0.0706947
0.0246612
0.031981
0.0348758
0.00551154
0.0155353
0.040583
-0.0630334
-0.0555708
-0.00248783
-0.0162455
-0.0420036
-0.033538
-0.0285934
-0.0516924
0.0493452
0.0422603
0.0541156
0.0604336
0.0564722
0.0597114
0.0505068
0.0372805
0.0490189
0.0659672
0.0652733
0.0250435
-0.0121326
0.0112221
-0.00265199
-0.0339234
-0.0449718
-0.0280984
-0.0509825
-0.0565266
-0.0639088
-0.0690912
-0.073767
-0.0837125
-0.0804564
-0.0839996
-0.0785509
-0.084371
-0.0858856
-0.0878964
-0.0867976
-0.0860488
-0.087476
-0.087676
-0.0855951
-0.0855583
-0.0850127
-0.0856284
-0.0874403
-0.0782667
-0.0792382
-0.0756356
-0.0775143
-0.0765207
-0.0801448
-0.0760687
-0.0768723
-0.0677753
-0.0659732
-0.0743246
0.0285004
0.0356776
0.0417215
0.0118473
0.0166183
0.0438682
-0.0647941
-0.0610324
-0.00947018
0.00309566
-0.0214703
-0.0491185
-0.0391119
-0.0314448
-0.0540029
0.0466537
0.0539557
0.0556535
0.0662991
0.0627774
0.0669378
0.056662
0.0415071
0.0567017
0.0704967
0.0688621
0.0687671
0.0246639
-0.0183476
0.0179647
0.000942603
-0.0414726
-0.0492606
-0.0301271
-0.0557419
-0.0610465
-0.0682139
-0.0727453
-0.0769483
-0.0860911
-0.0848226
-0.0835159
-0.0862744
-0.0819306
-0.0868982
-0.0890033
-0.0893139
-0.0885149
-0.0883851
-0.0886491
-0.0890565
-0.0872895
-0.0872107
-0.086961
-0.0864077
-0.0885877
-0.0890182
-0.0758448
-0.0800392
-0.0806869
-0.081874
-0.0800698
-0.0806108
-0.0798661
-0.0834263
-0.0794124
-0.0799635
-0.0723874
-0.0705998
-0.0769377
0.0265687
0.0332839
0.0425373
0.0453115
0.0100548
0.0213404
0.049461
-0.0704913
-0.0652291
-0.0610246
-0.00535197
0.00241934
-0.0288885
-0.0165939
-0.0489134
-0.0426111
-0.038929
-0.057864
0.0498489
0.0559404
0.0574075
0.0688789
0.0677106
0.0715977
0.060633
0.0493817
0.0342045
0.0565495
0.079626
0.0778777
0.0759941
-0.0149029
-0.0266216
0.0165026
-0.00640447
0.00773334
-0.0474916
-0.0375525
-0.05541
-0.0492572
-0.066589
-0.0691025
-0.0731306
-0.0769609
-0.0823709
-0.088779
-0.0883781
-0.0843018
-0.0864167
-0.0893917
-0.084421
-0.0899495
-0.089769
-0.0913253
-0.0911616
-0.0915568
-0.0906905
-0.0915094
-0.091434
-0.0895371
-0.0903111
-0.0895454
-0.0894988
-0.0907362
-0.091847
-0.0844963
-0.0839422
-0.0828041
-0.084783
-0.0823298
-0.0820415
-0.0813441
-0.0838108
-0.0860127
-0.0819382
-0.0824535
-0.0759144
-0.0732159
-0.0810874
0.0326803
0.036746
0.0471071
0.051551
0.0179436
0.0227817
0.0532053
-0.0725916
-0.0687135
-0.065996
-0.00926434
0.00517515
-0.0327006
-0.0198969
-0.0539844
-0.0425053
-0.0593945
0.0613517
0.0651473
0.0765947
0.0714382
0.0673863
0.0801321
0.0516857
0.0391615
0.0693914
0.085174
0.0832427
0.0794353
0.0812445
-0.0199513
-0.0304372
0.0251977
-0.00159767
0.00667873
-0.0505406
-0.0430083
-0.0600723
-0.0554008
-0.0689233
-0.0737826
-0.0786201
-0.0809097
-0.0839275
-0.0906145
-0.0904585
-0.090086
-0.0905941
-0.0874191
-0.0889652
-0.0910339
-0.087825
-0.0918118
-0.0911618
-0.0920563
-0.0931281
-0.092751
-0.0930809
-0.0924622
-0.0918591
-0.0931481
-0.0925109
-0.0929551
-0.0912656
-0.0926433
-0.0919236
-0.0928337
-0.0936581
-0.0813888
-0.0859799
-0.0861739
-0.0853166
-0.0875162
-0.0863189
-0.0851377
-0.0846077
-0.0871909
-0.0890326
-0.082662
-0.0861951
-0.0856062
-0.0785196
-0.0778324
-0.0835871
0.0318143
0.0430201
0.0530101
0.056768
0.0189753
0.0597426
-0.0768035
-0.0703186
-0.0647842
-0.0698006
-0.00669753
0.001185
0.0121636
-0.0406104
-0.0297585
-0.0119653
-0.0251421
-0.0589678
-0.0547798
-0.050536
0.0656046
0.0708088
0.0789461
0.0727255
0.0834096
0.0571384
0.0345791
0.0737211
0.0940186
0.0943444
0.0872285
0.0889346
-0.0181685
-0.0279859
-0.039288
0.0233925
-0.00702801
0.0141447
-0.0567075
-0.05013
-0.0603962
-0.0661401
-0.0737958
-0.0783002
-0.0753386
-0.0826063
-0.0879251
-0.093441
-0.093395
-0.0928924
-0.0938094
-0.0894873
-0.0892187
-0.0934139
-0.0902033
-0.094493
-0.0939218
-0.0942645
-0.0950614
-0.0945551
-0.0948041
-0.0942684
-0.0944423
-0.0949728
-0.0947398
-0.0951841
-0.0946297
-0.0949514
-0.0940686
-0.0942185
-0.0958548
-0.0882323
-0.0889052
-0.0876971
-0.08717
-0.0905569
-0.0869222
-0.0885239
-0.0860601
-0.0864852
-0.0890189
-0.0917339
-0.0859124
-0.0880067
-0.0876615
-0.0827605
-0.0801171
-0.0789257
-0.087035
0.0356008
0.0461768
0.058159
0.0547527
0.063834
0.025345
-0.0788704
-0.0759813
-0.0683473
-0.0731269
0.00226873
0.0165326
-0.0447875
-0.0360375
-0.0122567
-0.0251425
-0.0634614
-0.0605091
-0.0507937
0.0719775
0.0768078
0.0862192
0.0912683
0.0672037
0.0513533
0.0392763
0.0849606
0.10128
0.097895
0.093776
0.0949423
-0.0241173
-0.0334772
-0.0432098
0.0335544
-0.00360581
0.0132068
-0.062022
-0.0556327
-0.0652027
-0.0690294
-0.0772002
-0.0819226
-0.079977
-0.0858808
-0.0888721
-0.090738
-0.0961937
-0.0951427
-0.0943891
-0.0961659
-0.092688
-0.0921532
-0.0954137
-0.0938453
-0.0961691
-0.0952422
-0.0950895
-0.0961998
-0.0964926
-0.0950694
-0.0958105
-0.0954022
-0.0958163
-0.096684
-0.0959548
-0.0964918
-0.0958274
-0.0967227
-0.0958963
-0.0968571
-0.0974576
-0.0865088
-0.0908613
-0.0914306
-0.0906023
-0.0898715
-0.0928896
-0.0895425
-0.0911874
-0.088766
-0.0891472
-0.0918735
-0.0938613
-0.087516
-0.0910549
-0.0899629
-0.0854382
-0.0832563
-0.0826651
-0.0892883
0.0319358
0.0434427
0.0672461
0.0609734
0.0698482
0.0253718
-0.0821817
-0.0769299
-0.0724596
-0.0686654
0.0115459
-0.00422702
-0.0461331
-0.0427698
-0.0314465
-0.0192527
-0.0649535
-0.0614357
-0.0566806
0.0749679
0.0838115
0.0928312
0.0923424
0.074882
0.0585191
0.0912557
0.11029
0.108669
0.102218
0.0964543
-0.0235896
-0.0320022
-0.0408005
-0.0507557
0.0332496
0.00466818
-0.0106287
0.0231084
-0.066627
-0.0633583
-0.0552384
-0.0621505
-0.0744611
-0.0775822
-0.0823251
-0.0865869
-0.0829291
-0.0879108
-0.092452
-0.0941902
-0.0981077
-0.0976189
-0.0974316
-0.0984204
-0.0951759
-0.0943741
-0.0973894
-0.0963111
-0.0980458
-0.0983986
-0.0974531
-0.0969911
-0.0964811
-0.0980471
-0.0968969
-0.0971647
-0.0971265
-0.0976249
-0.0982935
-0.0978618
-0.0984243
-0.0981623
-0.0986631
-0.0976744
-0.0980347
-0.0995226
-0.0896823
-0.0936126
-0.0934707
-0.0929844
-0.0919632
-0.0958452
-0.0917207
-0.0900208
-0.092835
-0.0902054
-0.0913709
-0.0937179
-0.095617
-0.0912366
-0.0927568
-0.0924913
-0.0914358
-0.0914767
-0.0889373
-0.0850271
-0.0853484
-0.0839359
-0.0901856
-0.0921022
0.0408354
0.0475368
0.069497
0.0716378
0.0608576
0.0310326
-0.0843576
-0.0811145
-0.0762726
-0.0729267
0.0160983
-0.00480719
-0.0525776
-0.0451343
-0.0351293
-0.020729
-0.0699879
-0.0673218
-0.0578948
0.0831683
0.0879484
0.0971013
0.103467
0.0705581
0.08728
0.0532698
0.105539
0.11445
0.117401
0.112651
0.112387
0.106671
-0.0331766
-0.0192152
-0.0384058
-0.0454518
-0.0517732
0.0426707
0.00368273
-0.00940352
0.0234509
-0.0716524
-0.0697286
-0.0615098
-0.0664475
-0.0753112
-0.082324
-0.0857915
-0.0886755
-0.0865463
-0.0922106
-0.0934218
-0.0947267
-0.0968809
-0.0999121
-0.0995353
-0.0989242
-0.10057
-0.0974916
-0.0970109
-0.099139
-0.0987522
-0.099568
-0.0989451
-0.0988004
-0.0979947
-0.0984654
-0.0978589
-0.0980863
-0.0992355
-0.0976972
-0.0983523
-0.0987171
-0.0986661
-0.0998083
-0.0988881
-0.0998045
-0.100041
-0.100043
-0.100183
-0.0995486
-0.100183
-0.100974
-0.0955876
-0.0964257
-0.095154
-0.0949727
-0.0969364
-0.0973309
-0.0933472
-0.0927338
-0.0952894
-0.0921886
-0.093166
-0.0962523
-0.0972984
-0.0971945
-0.0949767
-0.0952485
-0.0942314
-0.0941001
-0.0909891
-0.0894174
-0.0885968
-0.0884118
-0.0934166
-0.0950459
0.0395913
0.0546066
0.0768012
0.0827913
0.0694228
0.028064
-0.0878929
-0.0847243
-0.0818615
-0.0801529
-0.074258
0.0109852
0.00198422
-0.0132439
-0.0553349
-0.0518663
-0.0419592
-0.0293785
-0.0719905
-0.0667266
-0.0720519
-0.0628027
0.0880453
0.0950337
0.106698
0.0766789
0.0942294
0.0570177
0.112306
0.123902
0.128736
0.12532
0.115871
-0.0398968
-0.0312473
-0.0226841
-0.0451999
-0.058665
0.0419396
0.0134152
-0.00282061
-0.0172627
0.0322277
-0.073281
-0.0720614
-0.0671748
-0.0636992
-0.0797243
-0.0864522
-0.0830137
-0.0894414
-0.0920092
-0.0899408
-0.094378
-0.0968851
-0.0980872
-0.0991497
-0.101759
-0.100973
-0.101521
-0.10078
-0.10215
-0.0998743
-0.0988908
-0.100463
-0.10212
-0.100814
-0.101767
-0.10074
-0.102497
-0.100671
-0.0996593
-0.100005
-0.0995972
-0.0988051
-0.100258
-0.100145
-0.098936
-0.0994113
-0.100444
-0.0999906
-0.100938
-0.10126
-0.10141
-0.101489
-0.101706
-0.102143
-0.100757
-0.101657
-0.102535
-0.0952653
-0.0973819
-0.0973129
-0.0972246
-0.0993861
-0.0996593
-0.0948507
-0.0939316
-0.0968841
-0.0962608
-0.093482
-0.0951701
-0.0991937
-0.0994126
-0.0959675
-0.0964717
-0.0975099
-0.0953096
-0.0955646
-0.0935057
-0.0909208
-0.0905846
-0.0943337
-0.0959749
-0.0967923
0.0492946
0.05668
0.0754728
0.0841426
0.0896255
0.071407
0.0328538
-0.0905335
-0.0883244
-0.0865904
-0.0819636
-0.0786483
0.0170723
-0.000252835
-0.0158306
-0.0618616
-0.0561664
-0.0466005
-0.0324385
-0.0781322
-0.0719637
-0.0752918
-0.0645586
0.0956645
0.101111
0.116094
0.0670799
0.0909633
0.106429
0.0530533
0.122771
0.128387
0.130628
0.134624
0.130221
0.126731
-0.0450665
-0.0390327
-0.0512375
-0.0583437
0.0188084
-0.00626971
-0.0212992
0.0308139
-0.0782729
-0.0766604
-0.0738689
-0.0686549
-0.0813402
-0.090763
-0.0874634
-0.0924197
-0.0932214
-0.0951201
-0.092993
-0.097219
-0.0987854
-0.100452
-0.101057
-0.100665
-0.103609
-0.103049
-0.103557
-0.10263
-0.102114
-0.104052
-0.101563
-0.101119
-0.10215
-0.102835
-0.103523
-0.10212
-0.102414
-0.100885
-0.0998843
-0.10064
-0.09968
-0.101432
-0.101751
-0.0995113
-0.100307
-0.101355
-0.101172
-0.102322
-0.102122
-0.102714
-0.103339
-0.102933
-0.102507
-0.103408
-0.102555
-0.103536
-0.103908
-0.0983803
-0.0994336
-0.0990521
-0.0991963
-0.100639
-0.1008
-0.100869
-0.100595
-0.095808
-0.0964132
-0.0956929
-0.0984337
-0.098677
-0.0961598
-0.0968037
-0.100339
-0.10027
-0.100972
-0.0986485
-0.0986954
-0.0996605
-0.0978386
-0.0976113
-0.0953006
-0.094218
-0.0939355
-0.0974704
-0.0990139
-0.0990186
0.0509081
0.0664121
0.0834192
0.0915108
0.0989599
0.0835119
0.0270105
0.0431123
-0.0939383
-0.0915083
-0.0894759
-0.0861945
-0.0815349
-0.0809058
0.0103682
-0.00494806
-0.0101217
-0.0270121
-0.0652765
-0.0630234
-0.0543307
-0.0413723
-0.079273
-0.0765965
-0.0697844
-0.0776384
0.100239
0.110433
0.125289
0.0793316
0.0953727
0.118994
0.051859
0.129154
0.141791
0.142342
0.135043
0.147799
0.143666
-0.048191
-0.0505395
-0.0326987
-0.0465135
-0.0642807
0.0121206
0.000172311
-0.0175566
0.0401291
-0.079957
-0.0786076
-0.0734521
-0.0791155
-0.0707133
-0.0855834
-0.0937139
-0.0912602
-0.0882813
-0.0955425
-0.0975117
-0.0985797
-0.0959551
-0.0996065
-0.101734
-0.102303
-0.103419
-0.10299
-0.10533
-0.104012
-0.104248
-0.105432
-0.104003
-0.104145
-0.1056
-0.103854
-0.102785
-0.103765
-0.10434
-0.104894
-0.103648
-0.106331
-0.10431
-0.102912
-0.101069
-0.101253
-0.100287
-0.102176
-0.10234
-0.102635
-0.100612
-0.101064
-0.102288
-0.102866
-0.103138
-0.103232
-0.104162
-0.104011
-0.104233
-0.105033
-0.1045
-0.104845
-0.103756
-0.104669
-0.105198
-0.100154
-0.0991511
-0.101056
-0.101292
-0.102626
-0.103626
-0.102578
-0.102071
-0.0984673
-0.098138
-0.0968103
-0.0998329
-0.0998262
-0.0981693
-0.102199
-0.101817
-0.103204
-0.10011
-0.100616
-0.101429
-0.0986186
-0.0985402
-0.0959138
-0.097754
-0.0960427
-0.0951514
-0.0992838
-0.100468
-0.100928
0.0619495
0.0689342
0.101784
0.106025
0.0874471
0.0269556
0.0452366
-0.0955629
-0.094089
-0.0928785
-0.0899083
-0.0854588
-0.0843862
0.0159557
-0.00579321
-0.0157768
-0.0315101
-0.071351
-0.0676428
-0.0589854
-0.0453441
-0.0847779
-0.0795087
-0.0732885
-0.0826587
0.113945
0.131832
0.0751223
0.0990547
0.120079
0.0612255
0.141312
0.150245
0.154184
0.145284
0.156691
0.14911
-0.0564114
-0.057692
-0.0355581
-0.0518677
-0.0638095
-0.0695261
0.0204917
-0.00469154
-0.0240212
0.0358676
-0.0847084
-0.0844784
-0.0792717
-0.082476
-0.07709
-0.0872503
-0.0964393
-0.0951768
-0.0922642
-0.0982711
-0.0987306
-0.0996008
-0.100784
-0.101581
-0.103359
-0.104652
-0.104773
-0.104537
-0.10657
-0.106012
-0.105798
-0.106916
-0.10508
-0.105714
-0.106981
-0.104968
-0.10464
-0.104669
-0.105412
-0.105686
-0.106054
-0.104695
-0.108409
-0.1044
-0.112499
-0.102366
-0.101173
-0.101979
-0.102033
-0.101362
-0.103366
-0.103276
-0.104151
-0.101047
-0.101656
-0.103158
-0.103956
-0.104279
-0.104183
-0.105237
-0.104658
-0.105816
-0.105621
-0.105855
-0.106212
-0.105053
-0.1057
-0.106407
-0.103478
-0.101221
-0.1029
-0.103277
-0.104448
-0.104712
-0.104164
-0.103336
-0.0991012
-0.0991118
-0.0984206
-0.102182
-0.101096
-0.0990799
-0.103612
-0.10265
-0.102868
-0.104592
-0.102097
-0.102377
-0.10324
-0.100394
-0.100116
-0.0982887
-0.0999029
-0.0985198
-0.0983266
-0.101137
-0.102371
-0.102724
0.0651472
0.0799843
0.106451
0.119205
0.0974517
0.0361467
0.0579413
-0.0977628
-0.0962103
-0.0944834
-0.0959965
-0.093535
-0.089625
-0.0877704
0.00957852
-0.00303338
-0.0245022
-0.0398963
-0.075292
-0.0667056
-0.074286
-0.0584425
-0.0536991
-0.0882577
-0.0842479
-0.0781081
-0.0858224
0.122016
0.141489
0.129622
0.0918054
0.109588
0.137169
0.058355
0.145414
0.164552
0.167771
0.147252
0.170795
0.162932
-0.0619166
-0.0451505
-0.0518078
-0.0593636
-0.0686177
-0.0735668
0.011958
-0.00166363
-0.0172635
-0.0253275
0.0431551
-0.087211
-0.0864966
-0.0839609
-0.0850136
-0.0816335
-0.0911242
-0.0989386
-0.0953808
-0.0986231
-0.0930623
-0.101514
-0.10138
-0.102371
-0.102752
-0.103889
-0.105124
-0.10727
-0.106797
-0.107336
-0.107046
-0.108327
-0.106876
-0.108767
-0.106953
-0.105606
-0.106589
-0.106706
-0.10823
-0.107316
-0.106838
-0.105734
-0.107589
-0.10729
-0.107316
-0.105996
-0.106111
-0.111828
-0.102922
-0.101841
-0.10278
-0.103207
-0.101859
-0.10412
-0.104196
-0.104801
-0.104697
-0.10164
-0.102242
-0.104509
-0.105173
-0.105074
-0.105752
-0.106526
-0.106663
-0.106731
-0.106619
-0.106493
-0.106478
-0.105865
-0.107411
-0.106499
-0.106532
-0.107423
-0.104538
-0.103545
-0.10154
-0.104486
-0.104931
-0.106032
-0.106319
-0.105432
-0.105037
-0.100728
-0.10047
-0.0997445
-0.10276
-0.10198
-0.101723
-0.0998524
-0.100718
-0.104867
-0.104452
-0.104232
-0.106429
-0.10359
-0.104249
-0.10489
-0.100781
-0.100871
-0.100449
-0.0992351
-0.101496
-0.100444
-0.0988513
-0.100482
-0.103294
-0.103558
-0.103671
-0.104332
0.0776384
0.0842309
0.114661
0.126651
0.100554
0.0358666
0.0640327
-0.0989924
-0.0989707
-0.0978982
-0.0991573
-0.095934
-0.0927592
-0.0919497
0.0145345
-0.00942028
-0.0253365
-0.0441891
-0.0806266
-0.0729737
-0.0794066
-0.0664272
-0.0571524
-0.0915208
-0.0875294
-0.0813808
-0.0905776
0.147834
0.138472
0.0920014
0.121286
0.142004
0.0733419
0.157538
0.17387
0.178738
0.160411
0.179161
0.171186
0.167814
-0.0686391
-0.0624825
-0.0454091
-0.0603417
-0.0635224
-0.0736693
-0.0799944
0.0219017
-0.0101595
-0.0228256
-0.0361072
0.0375007
-0.0918818
-0.0915563
-0.0872701
-0.0906458
-0.0866816
-0.0939196
-0.102243
-0.0985421
-0.101104
-0.0971609
-0.102854
-0.102635
-0.10316
-0.104275
-0.104039
-0.105711
-0.107183
-0.106853
-0.108583
-0.108259
-0.108176
-0.10834
-0.109346
-0.108567
-0.10979
-0.108322
-0.107932
-0.107977
-0.108362
-0.109004
-0.109226
-0.108336
-0.108161
-0.107591
-0.108852
-0.108412
-0.107097
-0.108961
-0.106689
-0.109232
-0.11575
-0.104227
-0.102448
-0.101925
-0.10268
-0.103495
-0.103978
-0.104951
-0.105132
-0.105828
-0.106006
-0.102004
-0.10259
-0.10517
-0.106106
-0.105965
-0.10677
-0.107314
-0.10742
-0.107836
-0.107848
-0.107727
-0.107338
-0.107718
-0.107282
-0.10907
-0.107532
-0.108371
-0.108316
-0.107249
-0.104252
-0.103032
-0.109616
-0.105997
-0.106478
-0.107091
-0.106953
-0.107465
-0.106728
-0.106313
-0.10136
-0.100923
-0.104113
-0.103735
-0.103108
-0.101201
-0.101695
-0.106183
-0.105128
-0.10514
-0.10741
-0.106991
-0.105237
-0.105719
-0.106577
-0.102118
-0.101903
-0.102852
-0.102034
-0.103272
-0.102756
-0.101615
-0.10277
-0.104052
-0.1044
-0.106076
-0.105443
-0.105853
0.0837327
0.0945692
0.114983
0.123693
0.140669
0.0245961
0.0462147
0.0782309
0.0575876
-0.101443
-0.100897
-0.100064
-0.101753
-0.0994235
-0.0958186
-0.0948717
0.0056183
-0.02004
-0.00502813
-0.0339146
-0.0414567
-0.0538723
-0.0849756
-0.0791529
-0.0732932
-0.0848992
-0.0646783
-0.0925475
-0.0951727
-0.0862182
-0.0915736
-0.092759
0.159864
0.101313
0.136577
0.115015
0.160073
0.0711816
0.186359
0.190404
0.192382
0.182355
0.180705
-0.074638
-0.0711216
-0.053938
-0.0607965
-0.0677212
-0.070309
-0.0784058
-0.0833377
0.0163291
-0.00945451
-0.0331882
-0.0387217
0.0417243
-0.0940986
-0.0933932
-0.0919642
-0.0931537
-0.0903862
-0.0970859
-0.104863
-0.101001
-0.0994836
-0.104991
-0.10646
-0.106352
-0.106494
-0.106725
-0.106734
-0.107281
-0.106754
-0.108717
-0.109597
-0.109547
-0.109431
-0.10916
-0.110813
-0.109242
-0.110812
-0.108805
-0.108957
-0.110471
-0.11065
-0.109602
-0.109649
-0.109906
-0.109668
-0.10796
-0.109839
-0.105535
-0.109166
-0.112302
-0.103392
-0.102772
-0.102203
-0.103211
-0.103999
-0.10486
-0.105676
-0.106052
-0.106519
-0.106571
-0.106663
-0.102426
-0.102839
-0.103047
-0.106471
-0.106877
-0.106881
-0.108108
-0.108605
-0.108223
-0.109093
-0.108874
-0.108865
-0.108621
-0.109203
-0.107849
-0.109893
-0.108785
-0.109077
-0.10907
-0.109128
-0.107038
-0.10597
-0.103354
-0.112443
-0.107504
-0.107558
-0.109127
-0.107611
-0.108184
-0.108538
-0.10776
-0.107693
-0.102796
-0.101989
-0.104822
-0.105055
-0.10403
-0.103496
-0.101991
-0.10253
-0.10741
-0.106121
-0.106346
-0.108757
-0.108445
-0.106661
-0.10707
-0.107994
-0.103138
-0.102329
-0.102504
-0.104283
-0.103503
-0.104296
-0.103109
-0.104925
-0.105829
-0.106075
-0.106636
-0.107207
-0.107164
0.0976302
0.122431
0.135243
0.152802
0.0248622
0.0442219
0.0847899
0.0628152
-0.103278
-0.102145
-0.10314
-0.103159
-0.102034
-0.0988445
-0.0986939
0.0136459
-0.0245607
-0.0101823
-0.035045
-0.0466465
-0.0585111
-0.089457
-0.0847396
-0.0785259
-0.0898008
-0.0696207
-0.0965543
-0.0987218
-0.0895098
-0.0941071
-0.0966157
0.168058
0.0960609
0.14248
0.130401
0.171287
0.0803507
0.0552231
0.192937
0.191043
0.20234
0.19396
0.205192
0.181681
0.184186
-0.0793139
-0.0765025
-0.0557549
-0.0689744
-0.0732617
-0.0768064
-0.0825276
-0.0884863
0.0310864
0.0024822
-0.0227693
-0.0386337
-0.0492096
-0.0988269
-0.0977645
-0.0956882
-0.0977457
-0.0954665
-0.0912224
-0.100238
-0.107673
-0.106707
-0.104012
-0.102886
-0.106338
-0.108091
-0.108278
-0.10838
-0.108398
-0.108774
-0.109842
-0.113428
-0.112889
-0.113085
-0.110719
-0.113106
-0.110924
-0.113134
-0.110103
-0.110314
-0.113029
-0.1131
-0.112587
-0.112546
-0.112683
-0.112726
-0.109049
-0.111028
-0.121182
-0.10563
-0.107162
-0.111925
-0.103463
-0.102491
-0.102204
-0.103846
-0.103373
-0.104607
-0.105558
-0.105069
-0.10645
-0.106774
-0.107431
-0.107627
-0.107376
-0.102409
-0.103115
-0.103618
-0.107101
-0.107767
-0.107798
-0.108831
-0.108412
-0.109194
-0.108836
-0.109641
-0.10951
-0.109654
-0.109337
-0.109767
-0.10895
-0.111044
-0.109434
-0.110747
-0.110077
-0.11052
-0.109958
-0.107235
-0.104817
-0.115344
-0.109168
-0.108723
-0.108117
-0.110041
-0.109415
-0.108945
-0.109781
-0.108923
-0.108631
-0.103438
-0.102921
-0.106154
-0.106606
-0.105306
-0.104705
-0.103341
-0.103237
-0.10711
-0.108734
-0.107276
-0.109269
-0.109766
-0.108996
-0.107908
-0.10826
-0.107672
-0.109541
-0.10376
-0.103081
-0.103197
-0.105803
-0.105269
-0.105123
-0.105718
-0.104595
-0.105605
-0.106045
-0.107221
-0.106823
-0.106883
-0.107958
-0.109323
-0.10809
0.106868
0.118152
0.133244
0.148266
0.165337
0.0329011
0.0571462
0.0755303
0.0959861
-0.105052
-0.104603
-0.104641
-0.104255
-0.105395
-0.104616
-0.101995
-0.10169
0.00800741
-0.0207945
-0.0104541
-0.041014
-0.0548887
-0.0459673
-0.066527
-0.093495
-0.0902296
-0.0844279
-0.079027
-0.0944379
-0.0759438
-0.0708732
-0.0993971
-0.0980912
-0.101797
-0.0935224
-0.0978943
-0.0987723
0.110084
0.154874
0.126596
0.169254
0.0754687
0.0585214
0.20935
0.209768
0.216128
0.207753
0.219804
0.193319
0.197098
-0.0830667
-0.0818493
-0.0636352
-0.0682391
-0.0743138
-0.0753775
-0.0822805
-0.085716
-0.0894645
0.0302994
0.00257486
-0.0231926
-0.036513
-0.0505595
-0.0537918
-0.100435
-0.101616
-0.0992466
-0.100385
-0.101434
-0.0981886
-0.0957456
-0.103648
-0.109783
-0.109173
-0.105271
-0.108851
-0.109999
-0.11012
-0.110247
-0.11034
-0.110158
-0.11387
-0.114845
-0.114132
-0.114416
-0.11312
-0.114521
-0.113157
-0.114519
-0.11284
-0.11295
-0.114408
-0.114495
-0.11387
-0.113865
-0.113998
-0.113966
-0.113173
-0.111036
-0.116301
-0.124677
-0.104356
-0.106958
-0.108817
-0.102791
-0.102396
-0.102376
-0.104389
-0.104215
-0.10526
-0.106319
-0.105866
-0.107033
-0.107497
-0.107923
-0.107958
-0.108282
-0.108254
-0.107888
-0.102563
-0.102906
-0.103516
-0.104143
-0.108046
-0.108477
-0.108642
-0.109851
-0.109458
-0.110294
-0.110121
-0.111044
-0.111059
-0.111057
-0.111061
-0.11318
-0.110917
-0.112782
-0.110602
-0.111121
-0.10905
-0.106323
-0.104521
-0.11559
-0.110476
-0.109857
-0.109865
-0.111694
-0.110178
-0.11004
-0.110463
-0.109754
-0.109984
-0.104612
-0.103781
-0.106319
-0.107084
-0.107318
-0.105537
-0.105158
-0.10377
-0.103859
-0.108177
-0.109642
-0.108091
-0.110274
-0.11167
-0.110221
-0.109398
-0.109578
-0.109429
-0.11061
-0.103642
-0.103335
-0.103619
-0.106519
-0.106617
-0.107946
-0.108315
-0.106164
-0.105567
-0.107862
-0.108312
-0.10929
-0.108634
-0.108809
-0.109112
-0.110241
-0.109903
-0.109715
0.106409
0.126472
0.142869
0.158863
0.175913
0.0306876
0.0552935
0.0866208
0.0979922
-0.105761
-0.105879
-0.105676
-0.108035
-0.107116
-0.10818
-0.10757
-0.103849
-0.104385
0.0179655
-0.00383075
-0.0289178
-0.0198799
-0.0434196
-0.0595622
-0.0536803
-0.0683256
-0.0975138
-0.0949978
-0.0893383
-0.0844057
-0.0989686
-0.0790351
-0.0756601
-0.102283
-0.101507
-0.103887
-0.096788
-0.100136
-0.102066
0.107281
0.158756
0.144604
0.185074
0.0772547
0.0447515
0.220699
0.212612
0.23065
0.221165
0.207584
0.23357
0.190938
0.197105
-0.0857676
-0.0861476
-0.082744
-0.0855007
-0.0717026
-0.0770331
-0.0754844
-0.0799025
-0.0867914
-0.0889414
-0.0934565
0.0167927
-0.0112553
-0.0345906
-0.046621
-0.0585309
-0.0675588
-0.104457
-0.105719
-0.103533
-0.100807
-0.103851
-0.0982707
-0.095858
-0.106785
-0.116129
-0.116154
-0.107852
-0.116227
-0.116014
-0.115798
-0.115508
-0.115045
-0.11446
-0.115387
-0.116755
-0.115768
-0.116172
-0.114524
-0.115783
-0.114511
-0.115736
-0.114161
-0.114302
-0.115764
-0.115822
-0.115365
-0.115317
-0.115401
-0.115512
-0.114524
-0.113189
-0.111729
-0.11692
-0.103625
-0.105164
-0.108469
-0.102506
-0.102819
-0.102315
-0.104988
-0.104502
-0.105906
-0.106325
-0.106901
-0.106287
-0.10764
-0.107936
-0.108885
-0.109204
-0.109067
-0.10887
-0.10874
-0.10252
-0.103004
-0.103708
-0.104483
-0.108801
-0.109229
-0.109313
-0.110094
-0.110436
-0.109779
-0.110741
-0.113176
-0.113153
-0.113156
-0.113092
-0.11459
-0.112967
-0.114217
-0.112514
-0.112417
-0.10974
-0.105914
-0.105048
-0.120551
-0.11305
-0.111236
-0.110491
-0.110529
-0.11163
-0.113735
-0.111829
-0.110555
-0.111938
-0.110382
-0.105315
-0.104845
-0.107197
-0.108059
-0.108716
-0.106509
-0.106207
-0.104492
-0.10447
-0.109145
-0.110711
-0.108875
-0.111148
-0.112043
-0.111201
-0.110353
-0.110239
-0.110242
-0.111909
-0.104082
-0.103876
-0.104083
-0.108773
-0.108385
-0.109139
-0.109488
-0.108248
-0.107567
-0.108913
-0.109361
-0.109666
-0.109658
-0.11024
-0.111384
-0.111456
0.123
0.138394
0.15488
0.171841
0.0412654
0.0649219
0.0816109
0.110864
-0.1081
-0.107774
-0.108414
-0.109076
-0.109607
-0.109653
-0.107249
-0.10461
-0.107294
0.013149
-0.00658212
-0.0375554
-0.0243989
-0.0418064
-0.0522842
-0.0651079
-0.0755512
-0.100619
-0.0994498
-0.0972001
-0.0891581
-0.0949319
-0.0856475
-0.102593
-0.100361
-0.0841822
-0.079003
-0.104262
-0.103156
-0.102734
-0.106897
-0.100341
-0.104303
-0.105276
0.118441
0.090479
0.172004
0.145313
0.185826
0.0621008
0.0446742
0.239116
0.224292
0.241239
0.236878
0.220177
0.249782
0.202628
0.214642
-0.0898637
-0.0903838
-0.0912557
-0.0940033
-0.0779997
-0.0827575
-0.0844037
-0.0863763
-0.0901008
-0.0942637
-0.0931691
0.0164644
-0.011751
-0.0389598
-0.0453598
-0.0587101
-0.0682941
-0.104971
-0.105953
-0.107397
-0.109044
-0.111257
-0.106564
-0.103656
-0.116067
-0.118052
-0.118079
-0.116176
-0.118115
-0.117955
-0.117703
-0.117293
-0.116718
-0.116055
-0.117499
-0.117829
-0.116755
-0.117198
-0.115826
-0.116726
-0.115701
-0.116647
-0.115541
-0.11567
-0.116757
-0.116808
-0.116327
-0.116285
-0.116371
-0.116476
-0.115699
-0.114545
-0.126652
-0.111119
-0.116327
-0.103799
-0.102862
-0.106057
-0.102131
-0.1021
-0.102133
-0.105608
-0.105039
-0.106149
-0.107042
-0.107375
-0.107073
-0.108283
-0.108629
-0.109641
-0.109145
-0.109722
-0.10997
-0.102427
-0.103455
-0.102788
-0.104214
-0.104996
-0.109495
-0.110403
-0.111452
-0.111805
-0.111104
-0.11213
-0.114556
-0.114567
-0.114567
-0.114508
-0.115791
-0.114384
-0.11543
-0.113962
-0.11378
-0.108496
-0.106467
-0.104785
-0.119599
-0.112525
-0.111926
-0.111955
-0.113527
-0.115192
-0.113865
-0.11202
-0.113986
-0.111978
-0.106448
-0.105445
-0.107221
-0.107931
-0.108758
-0.108426
-0.109215
-0.106771
-0.106787
-0.105098
-0.104887
-0.104833
-0.109967
-0.111276
-0.111378
-0.109656
-0.111796
-0.113484
-0.111813
-0.111747
-0.111726
-0.114033
-0.104415
-0.104112
-0.10451
-0.109502
-0.110528
-0.11069
-0.108887
-0.110322
-0.110313
-0.111208
-0.111068
-0.111659
-0.113884
-0.113963
0.126155
0.152371
0.161795
0.182737
0.0360549
0.0621404
0.0919956
0.112691
-0.109034
-0.109075
-0.110681
-0.110859
-0.110632
-0.109314
-0.10809
-0.10952
2.30817e-05
0.0218844
-0.0179581
-0.0398943
-0.0352839
-0.0492112
-0.0585537
-0.0672581
-0.0791427
-0.0795311
-0.101628
-0.103917
-0.103286
-0.101553
-0.0934482
-0.0969118
-0.0908544
-0.105293
-0.104882
-0.086354
-0.0842367
-0.107064
-0.106545
-0.106345
-0.108832
-0.103305
-0.105796
-0.107647
0.107167
0.134072
0.0865407
0.168579
0.201516
0.0607768
0.0301247
0.247455
0.236149
0.256539
0.252046
0.235941
0.217975
0.262396
0.19842
0.217941
-0.0966189
-0.0981505
-0.0823131
-0.0868633
-0.0901939
-0.0925811
-0.0944031
-0.0997941
0.00209246
-0.024777
-0.0538797
-0.0368624
-0.0609405
-0.068955
-0.077015
-0.113106
-0.114554
-0.115568
-0.111524
-0.113695
-0.109134
-0.106297
-0.117987
-0.121752
-0.122089
-0.118058
-0.122486
-0.121394
-0.12088
-0.120192
-0.119334
-0.118406
-0.118647
-0.118663
-0.117462
-0.117962
-0.116796
-0.11736
-0.116586
-0.117261
-0.116519
-0.116659
-0.117419
-0.117468
-0.116982
-0.116937
-0.117019
-0.117148
-0.116566
-0.115719
-0.130791
-0.106421
-0.112786
-0.10173
-0.103543
-0.101488
-0.101805
-0.101755
-0.101535
-0.101879
-0.105611
-0.105288
-0.106751
-0.107356
-0.107835
-0.107313
-0.108831
-0.108302
-0.110452
-0.109993
-0.11083
-0.111264
-0.102083
-0.103747
-0.102798
-0.104457
-0.105264
-0.110738
-0.111665
-0.112818
-0.113182
-0.11245
-0.113523
-0.115742
-0.115769
-0.115777
-0.11572
-0.116667
-0.1156
-0.116296
-0.115194
-0.114977
-0.107485
-0.110255
-0.105452
-0.1046
-0.105121
-0.128901
-0.122571
-0.114746
-0.114077
-0.114089
-0.114984
-0.116407
-0.115316
-0.114061
-0.115428
-0.114081
-0.106909
-0.106236
-0.108157
-0.108971
-0.109818
-0.109357
-0.109976
-0.107635
-0.107768
-0.106006
-0.105584
-0.105297
-0.110757
-0.112589
-0.112895
-0.110468
-0.113197
-0.11484
-0.113978
-0.113974
-0.113989
-0.115399
-0.104289
-0.10435
-0.104639
-0.110903
-0.113384
-0.113477
-0.110312
-0.113378
-0.113435
-0.113769
-0.113699
-0.114006
-0.115289
-0.115351
0.135013
0.15477
0.17649
0.0477251
0.0733794
0.0854627
0.104635
0.130852
-0.110385
-0.110433
-0.115235
-0.115763
-0.110993
-0.114801
-0.110989
-0.00596115
0.0174223
-0.0237575
-0.0485811
-0.0405427
-0.0575468
-0.0654425
-0.0749568
-0.0854337
-0.0878948
-0.107167
-0.10722
-0.105919
-0.102596
-0.0938412
-0.0969419
-0.101158
-0.0907685
-0.106152
-0.0881302
-0.108432
-0.108053
-0.110882
-0.108524
-0.109657
0.119685
0.138641
0.0742137
0.183037
0.202258
0.0432531
0.0283198
0.265165
0.244528
0.244742
0.268517
0.267522
0.251265
0.229232
0.280397
0.20966
0.236628
-0.0997738
-0.0966347
-0.101648
-0.104143
-0.105591
-0.106508
-0.107439
-0.103032
0.00127361
-0.0203893
-0.0562235
-0.0446727
-0.0699797
-0.075518
-0.0985893
-0.115524
-0.116794
-0.117574
-0.119721
-0.121332
-0.117804
-0.11558
-0.123281
-0.12331
-0.123653
-0.122888
-0.124086
-0.12295
-0.122412
-0.121652
-0.120685
-0.119647
-0.119582
-0.119306
-0.11802
-0.11856
-0.117444
-0.117786
-0.117187
-0.117664
-0.11717
-0.117316
-0.117901
-0.117936
-0.117498
-0.117444
-0.117517
-0.11768
-0.117161
-0.116582
-0.12211
-0.141943
-0.104026
-0.099383
-0.100551
-0.100255
-0.101604
-0.100965
-0.100593
-0.106292
-0.105893
-0.106919
-0.107945
-0.108081
-0.109565
-0.109112
-0.111491
-0.111074
-0.111893
-0.112339
-0.101912
-0.103598
-0.104259
-0.10326
-0.102521
-0.104967
-0.105707
-0.112061
-0.112758
-0.113983
-0.114362
-0.11359
-0.114707
-0.116609
-0.116644
-0.116656
-0.116596
-0.117287
-0.116472
-0.11692
-0.116065
-0.115821
-0.106591
-0.107364
-0.105779
-0.104433
-0.104593
-0.132301
-0.123333
-0.118866
-0.112246
-0.115452
-0.115482
-0.11621
-0.11728
-0.116542
-0.115481
-0.116648
-0.115491
-0.107556
-0.106618
-0.108897
-0.108263
-0.109694
-0.110409
-0.109928
-0.110588
-0.108358
-0.106127
-0.105771
-0.105375
-0.111062
-0.113959
-0.112275
-0.114279
-0.114601
-0.116031
-0.115347
-0.11534
-0.115356
-0.116576
-0.104363
-0.104431
-0.104917
-0.113602
-0.114672
-0.114786
-0.113585
-0.11464
-0.114699
-0.115173
-0.115063
-0.115371
-0.116617
-0.116645
0.146369
0.170962
0.1833
0.0449686
0.0703675
0.100689
0.111843
0.139855
-0.113941
-0.114341
-0.116808
-0.117455
-0.116223
-0.116243
-0.11663
-0.0190171
0.00317625
0.0179119
-0.0345676
-0.0555088
-0.0508846
-0.0638507
-0.0704668
-0.077244
-0.0873958
-0.0919024
-0.108599
-0.116484
-0.113463
-0.111984
-0.0975085
-0.0995032
-0.101822
-0.0953022
-0.114668
-0.0936575
-0.11051
-0.110128
-0.11691
-0.1167
-0.117053
0.110291
0.153895
0.0717209
0.178152
0.220806
0.040696
0.0134069
0.280208
0.265952
0.269863
0.291791
0.285463
0.269474
0.24579
0.225665
0.201314
0.240508
-0.111455
-0.109258
-0.104301
-0.105516
-0.106344
-0.107019
-0.107946
-0.113373
-0.0105927
-0.0326285
-0.0761255
-0.044198
-0.087018
-0.0935617
-0.102752
-0.122525
-0.123201
-0.123407
-0.121339
-0.12316
-0.119052
-0.116414
-0.125065
-0.125083
-0.125557
-0.124579
-0.12617
-0.124609
-0.123948
-0.123035
-0.1219
-0.120708
-0.120292
-0.11966
-0.118327
-0.118888
-0.117894
-0.118054
-0.11757
-0.117919
-0.117665
-0.117805
-0.118184
-0.118219
-0.117782
-0.117723
-0.117792
-0.117971
-0.117178
-0.117537
-0.112052
-0.121483
-0.100342
-0.0826375
-0.0917815
-0.0994221
-0.0980707
-0.0995705
-0.101215
-0.100887
-0.0998328
-0.106354
-0.106061
-0.107279
-0.108628
-0.109125
-0.107751
-0.110635
-0.110173
-0.112209
-0.11179
-0.112622
-0.113063
-0.101275
-0.102142
-0.104088
-0.104478
-0.1034
-0.102542
-0.105173
-0.105795
-0.113178
-0.113501
-0.114786
-0.115179
-0.114371
-0.115531
-0.117213
-0.117259
-0.117282
-0.117223
-0.117657
-0.117098
-0.116688
-0.117276
-0.116433
-0.107054
-0.104601
-0.104238
-0.133576
-0.125493
-0.11524
-0.109663
-0.116632
-0.116678
-0.117085
-0.117905
-0.117424
-0.116696
-0.11753
-0.1167
-0.107928
-0.10797
-0.107198
-0.109677
-0.109048
-0.110378
-0.111634
-0.111284
-0.111961
-0.108956
-0.108387
-0.106728
-0.106326
-0.105787
-0.115128
-0.113628
-0.115467
-0.115787
-0.116879
-0.116535
-0.116542
-0.116582
-0.117441
-0.104232
-0.104573
-0.104927
-0.114928
-0.116124
-0.1162
-0.114861
-0.116135
-0.116254
-0.116534
-0.116438
-0.116631
-0.117607
-0.117619
0.159487
0.175303
0.0559294
0.0298174
0.0843693
0.0970549
0.119854
0.132481
0.157
-0.115218
-0.115682
-0.119171
-0.120067
-0.118015
-0.118367
-0.118516
-0.0274672
-0.00419973
0.00872366
-0.041549
-0.0632979
-0.0567738
-0.0545938
-0.0704448
-0.0832129
-0.0951365
-0.0944358
-0.115924
-0.118321
-0.115348
-0.113872
-0.109609
-0.0981177
-0.0997815
-0.116519
-0.0950081
-0.117129
-0.117175
-0.118861
-0.11865
-0.119013
0.0902662
0.128945
0.151803
0.0772205
0.0526151
0.198081
0.219763
0.0235583
0.0114311
0.299338
0.281224
0.306318
0.3066
0.286321
0.256115
0.237735
0.209348
0.261964
-0.111576
-0.1095
-0.119566
-0.118554
-0.117519
-0.116648
-0.116259
-0.113829
-0.0187663
-0.028982
-0.0875135
-0.0616505
-0.0951291
-0.0999305
-0.120441
-0.124444
-0.125149
-0.125289
-0.125885
-0.127333
-0.123958
-0.121734
-0.127715
-0.126258
-0.126753
-0.126922
-0.127421
-0.125761
-0.125052
-0.12405
-0.122804
-0.121503
-0.120688
-0.118171
-0.117815
-0.117943
-0.118086
-0.117547
-0.117779
-0.0900676
-0.0999718
-0.123726
-0.0707174
-0.0845592
-0.0929485
-0.0969607
-0.0963912
-0.0976152
-0.100911
-0.100132
-0.0997038
-0.106688
-0.106553
-0.107169
-0.109661
-0.10981
-0.108504
-0.111349
-0.110883
-0.112721
-0.1123
-0.113144
-0.113589
-0.101317
-0.101861
-0.104077
-0.104873
-0.103107
-0.102202
-0.106269
-0.113941
-0.114039
-0.115369
-0.115773
-0.114939
-0.116132
-0.117581
-0.117629
-0.117651
-0.117589
-0.117911
-0.117459
-0.11704
-0.117538
-0.116779
-0.104434
-0.103704
-0.104114
-0.104056
-0.133538
-0.130498
-0.119063
-0.110575
-0.1076
-0.117499
-0.117554
-0.117709
-0.118262
-0.118053
-0.117578
-0.118159
-0.117583
-0.10857
-0.107736
-0.108746
-0.107257
-0.109596
-0.110528
-0.109311
-0.111041
-0.112911
-0.112551
-0.113282
-0.1097
-0.109549
-0.106794
-0.106383
-0.1057
-0.115937
-0.114771
-0.116293
-0.116618
-0.11749
-0.117409
-0.117431
-0.117495
-0.118036
-0.104268
-0.104483
-0.105199
-0.116316
-0.117091
-0.117175
-0.116523
-0.117099
-0.117219
-0.117532
-0.117432
-0.117576
-0.118264
-0.118268
0.189432
0.04983
0.0316842
0.0811176
0.117533
0.151894
0.163491
-0.116995
-0.117612
-0.120428
-0.121416
-0.120903
-0.119528
-0.121697
-0.0383321
-0.0208018
0.00508162
-0.0528456
-0.0694723
-0.0651414
-0.0634496
-0.0762514
-0.0841489
-0.0997974
-0.0966996
-0.0992333
-0.117613
-0.123585
-0.12214
-0.121227
-0.112174
-0.107691
-0.105598
-0.122776
-0.10193
-0.119114
-0.11918
-0.122353
-0.123563
-0.123512
0.0881866
0.122492
0.171207
0.0595081
0.0384358
0.195213
0.244626
0.0157813
-0.00708041
0.310459
0.298881
0.319281
0.322701
0.288434
0.270988
0.242164
0.221602
0.265401
-0.117941
-0.116672
-0.119747
-0.118593
-0.11756
-0.116789
-0.116576
-0.119646
-0.0440308
-0.113856
-0.0770404
-0.11851
-0.120348
-0.120896
-0.12823
-0.12855
-0.128299
-0.127677
-0.129202
-0.125579
-0.123124
-0.1292
-0.12697
-0.127507
-0.128281
-0.128264
-0.126442
-0.125698
-0.12464
-0.123324
-0.121955
-0.117791
-0.0843462
-0.0960664
-0.110547
-0.128418
-0.0662214
-0.082525
-0.089003
-0.095021
-0.141292
-0.0969455
-0.0974152
-0.100484
-0.0995762
-0.0979168
-0.107078
-0.107819
-0.110371
-0.110317
-0.109173
-0.111863
-0.111398
-0.113
-0.112583
-0.113428
-0.113874
-0.100773
-0.101701
-0.104447
-0.105374
-0.103409
-0.102298
-0.106807
-0.114495
-0.114331
-0.115691
-0.116104
-0.115252
-0.116469
-0.117826
-0.11788
-0.117909
-0.11785
-0.117722
-0.117303
-0.117041
-0.101918
-0.103719
-0.103525
-0.102965
-0.10318
-0.103572
-0.134455
-0.116765
-0.108853
-0.103773
-0.101292
-0.118101
-0.118167
-0.118062
-0.118524
-0.118416
-0.118203
-0.118526
-0.118203
-0.109002
-0.108461
-0.109358
-0.107869
-0.110475
-0.111103
-0.110042
-0.112155
-0.114013
-0.113635
-0.114401
-0.110257
-0.109877
-0.107404
-0.106783
-0.105905
-0.11652
-0.115558
-0.116888
-0.117219
-0.117836
-0.118007
-0.118031
-0.118107
-0.118405
-0.103986
-0.104628
-0.105035
-0.117298
-0.11774
-0.117825
-0.117509
-0.117754
-0.117889
-0.118194
-0.118088
-0.118205
-0.118734
-0.118721
0.188758
0.0600928
0.0200127
0.0891881
0.129346
0.150422
0.176427
-0.118017
-0.118694
-0.1215
-0.122622
-0.12234
-0.120471
-0.123218
-0.0450605
-0.0258891
-0.0129809
0.00772018
-0.0604292
-0.075355
-0.071097
-0.0668744
-0.0693803
-0.0816481
-0.0915951
-0.098933
-0.0968976
-0.102405
-0.123294
-0.125253
-0.123761
-0.122792
-0.120207
-0.110332
-0.108164
-0.124447
-0.105483
-0.122923
-0.12331
-0.123941
-0.125265
-0.125193
0.10013
0.0647519
0.14178
0.164802
0.0213803
0.207003
0.247831
-0.00252487
0.331589
0.312556
0.302103
0.326749
0.329112
0.304501
0.267278
0.237582
0.210109
0.284939
-0.118764
-0.117224
-0.129088
-0.126045
-0.123496
-0.121525
-0.120391
-0.12077
-0.0614242
-0.0215591
-0.106103
-0.117047
-0.120345
-0.121315
-0.132564
-0.13008
-0.130315
-0.129935
-0.129635
-0.131043
-0.127646
-0.125305
-0.130332
-0.129257
-0.0954137
-0.0997124
-0.104747
-0.133292
-0.0691024
-0.0845313
-0.0876859
-0.0928465
-0.0968087
-0.147172
-0.159014
-0.0998641
-0.09913
-0.107678
-0.108464
-0.110887
-0.109674
-0.110614
-0.112154
-0.111692
-0.113227
-0.112814
-0.113657
-0.114102
-0.101309
-0.100136
-0.104774
-0.105838
-0.103598
-0.102304
-0.10109
-0.10723
-0.114798
-0.114567
-0.115944
-0.116362
-0.1155
-0.116728
-0.0997201
-0.100474
-0.102279
-0.10282
-0.103154
-0.103618
-0.118794
-0.127805
-0.0922332
-0.101326
-0.102762
-0.0846793
-0.0950069
-0.118471
-0.118539
-0.118325
-0.118679
-0.118573
-0.118787
-0.118573
-0.109512
-0.108928
-0.108528
-0.107902
-0.110605
-0.111842
-0.113237
-0.114765
-0.114368
-0.115168
-0.111012
-0.110626
-0.107591
-0.10725
-0.106726
-0.106305
-0.105723
-0.116127
-0.116843
-0.117221
-0.117557
-0.118098
-0.118385
-0.118417
-0.11851
-0.118646
-0.104082
-0.104446
-0.105269
-0.117948
-0.118248
-0.118328
-0.118211
-0.118273
-0.118422
-0.118677
-0.118578
-0.118632
-0.119015
-0.118999
0.0526117
0.0229289
0.104197
0.0792844
0.123737
0.167982
0.180844
-0.11877
-0.11953
-0.122309
-0.123517
-0.123696
-0.121197
-0.124728
-0.0485359
-0.0581568
-0.038866
-0.015979
-0.00285879
-0.0695962
-0.083959
-0.080043
-0.0764998
-0.0769313
-0.0870272
-0.092667
-0.112717
-0.111055
-0.094711
-0.114769
-0.12494
-0.127862
-0.127312
-0.126759
-0.121649
-0.119109
-0.117727
-0.127648
-0.116267
-0.124563
-0.124972
-0.125612
-0.127661
-0.127385
0.0847508
0.0418286
0.132987
0.191819
0.00667687
0.232215
0.286144
0.353304
0.332847
0.329958
0.355125
0.355697
0.329013
0.280692
0.319098
0.24986
0.214756
-0.121435
-0.120367
-0.12314
-0.0409197
-0.0930573
-0.110835
-0.138634
-0.138124
-0.135785
-0.131762
-0.131824
-0.131259
-0.101025
-0.100612
-0.141517
-0.124518
-0.155508
-0.0904785
-0.088285
-0.0925035
-0.0954652
-0.0983788
-0.166331
-0.0990907
-0.108136
-0.108948
-0.111184
-0.109968
-0.110871
-0.112393
-0.111936
-0.0997856
-0.105103
-0.106221
-0.103866
-0.102491
-0.100897
-0.10749
-0.115041
-0.0957167
-0.0994331
-0.100173
-0.102096
-0.102706
-0.103203
-0.15281
-0.134583
-0.0857602
-0.0964466
-0.112855
-0.0729203
-0.0870051
-0.118717
-0.11879
-0.118832
-0.118828
-0.110183
-0.109703
-0.108964
-0.108744
-0.11142
-0.112883
-0.113972
-0.115304
-0.114896
-0.115723
-0.112105
-0.111705
-0.10826
-0.107712
-0.107053
-0.106405
-0.105766
-0.116442
-0.117097
-0.11748
-0.117816
-0.118628
-0.118662
-0.118766
-0.103871
-0.104739
-0.1051
-0.118444
-0.118526
-0.118607
-0.11877
-0.118557
-0.118713
-0.118959
-0.118859
-0.1189
0.0612646
0.0354818
0.00826663
0.114816
0.0838581
0.1395
0.170033
0.199066
-0.119365
-0.120182
-0.122763
-0.124029
-0.124685
-0.121603
-0.125807
-0.0637908
-0.0478525
-0.0702332
-0.0363853
-0.0280883
-0.0078827
-0.0767053
-0.0894568
-0.0831792
-0.0825154
-0.113411
-0.111865
-0.109625
-0.0910571
-0.115235
-0.127807
-0.12931
-0.128896
-0.128366
-0.126084
-0.120309
-0.118688
-0.129199
-0.116969
-0.126398
-0.126978
-0.126775
-0.129074
-0.12875
0.0634993
0.0212459
0.114802
0.188372
-0.0134033
0.243278
0.298415
0.373584
0.355529
0.345016
0.37552
0.351198
0.281068
0.319816
0.269874
0.229487
-0.0740973
-0.0999122
-0.136634
-0.119218
-0.104754
-0.0979893
-0.14452
-0.175574
-0.169525
-0.0884437
-0.0927383
-0.0949997
-0.0976131
-0.108411
-0.109236
-0.111435
-0.110229
-0.0993271
-0.10532
-0.106464
-0.104052
-0.100982
-0.102636
-0.107749
-0.0914491
-0.0973636
-0.100974
-0.102287
-0.102771
-0.103476
-0.172111
-0.156888
-0.100896
-0.0959628
-0.106001
-0.138575
-0.0847592
-0.0680477
-0.111252
-0.109385
-0.110764
-0.108919
-0.112507
-0.113604
-0.114495
-0.115598
-0.115182
-0.116027
-0.112833
-0.112421
-0.10832
-0.107568
-0.106916
-0.106003
-0.105292
-0.116691
-0.103757
-0.104583
-0.118721
-0.119073
0.049535
0.0313683
0.00848585
0.101693
0.134481
0.0744368
0.157537
0.19402
0.204895
-0.11969
-0.12054
-0.125254
-0.126441
-0.0657344
-0.0560914
-0.0769901
-0.0475831
-0.0369158
-0.0257892
-0.0985673
-0.0875827
-0.102077
-0.121129
-0.120671
-0.110254
-0.10742
-0.12205
-0.129306
-0.130386
-0.130397
-0.130049
-0.127676
-0.125225
-0.124172
-0.130539
-0.123102
-0.127635
-0.128286
-0.127468
-0.130053
-0.129649
0.0324747
-0.0120027
0.0875516
0.173598
-0.0472948
0.238038
0.303428
0.39913
0.379526
0.362557
0.400262
0.355576
0.301206
0.336257
0.273641
0.228764
-0.083404
-0.130091
-0.137662
-0.11774
-0.108641
-0.163796
-0.192235
-0.188389
-0.184163
-0.0931224
-0.0949479
-0.0974289
-0.200103
-0.213847
-0.22176
-0.108674
-0.109499
-0.0992499
-0.105567
-0.10672
-0.10429
-0.10108
-0.102859
-0.0899797
-0.0952747
-0.0991796
-0.100649
-0.101393
-0.102085
-0.102976
-0.192343
-0.179783
-0.143224
-0.102007
-0.102125
-0.128221
-0.165424
-0.086691
-0.0711682
-0.111963
-0.110183
-0.111451
-0.109555
-0.11323
-0.114118
-0.11478
-0.115835
-0.11541
-0.11627
-0.113352
-0.112939
-0.108868
-0.108113
-0.107299
-0.106393
-0.105212
-0.103468
-0.104195
0.0556203
0.0177196
-0.00725466
0.118342
0.135464
0.074098
0.168915
0.202919
-0.0859232
-0.0562396
-0.0934919
-0.0466279
-0.0251167
-0.101613
-0.104852
-0.103936
-0.122153
-0.121503
-0.120252
-0.108317
-0.123228
-0.130503
-0.129561
-0.126756
-0.125613
-0.12443
-0.128393
-0.129114
0.0157141
-0.0266867
0.152124
0.0693531
-0.0592341
0.225362
0.303402
0.430115
0.406855
0.374434
0.379052
0.430516
0.304283
0.331145
0.255643
0.28883
0.238057
-0.11778
-0.156774
-0.134783
-0.117636
-0.180735
-0.204564
-0.203998
-0.0951879
-0.0974248
-0.215207
-0.221826
-0.099267
-0.101294
-0.0948479
-0.0905179
-0.0978355
-0.100648
-0.101483
-0.102413
-0.200087
-0.233511
-0.0993043
-0.106381
-0.122216
-0.151339
-0.187657
-0.0926439
-0.112481
-0.110861
-0.111963
-0.110209
-0.113743
-0.114399
-0.11501
-0.113645
-0.113234
-0.109486
-0.108671
-0.107768
-0.106766
-0.105455
-0.103272
-0.104405
0.0409646
0.0124908
-0.00293181
0.112415
0.155052
0.057938
0.0922395
0.191454
0.226764
-0.0930145
-0.075665
-0.0980312
-0.0628017
-0.0470991
-0.11882
-0.106174
-0.119083
-0.125738
-0.125739
-0.120882
-0.11978
-0.126292
-0.128855
-0.127965
-0.127095
-0.0284864
-0.0685827
0.134507
0.0246926
-0.0975961
0.21069
0.294256
0.458951
0.430058
0.376613
0.344201
0.405734
0.459158
0.26155
0.28695
-0.17419
-0.153594
-0.13446
-0.193839
-0.211826
-0.0976125
-0.227452
-0.0994565
-0.097313
-0.095027
-0.0906867
-0.099881
-0.10203
-0.217432
-0.20257
-0.244546
-0.222169
-0.23569
-0.110501
-0.120533
-0.143229
-0.173884
-0.207821
-0.11278
-0.11137
-0.112262
-0.110701
-0.114027
-0.114626
-0.113884
-0.113479
-0.109949
-0.109101
-0.108155
-0.107099
-0.10566
-0.103064
-0.104423
0.0214023
-0.023944
0.1381
0.156111
0.0419102
0.0850714
0.201142
0.24128
-0.115783
-0.0866308
-0.117808
-0.0768379
-0.0637867
-0.118788
-0.119369
-0.119135
-0.125925
-0.120213
0.0927302
0.175616
0.269741
0.479786
0.444164
0.366582
0.296563
0.361351
0.429147
0.480284
-0.187799
-0.171349
-0.152905
-0.201364
-0.211823
-0.220633
-0.222318
-0.215351
-0.099692
-0.0972347
-0.0954079
-0.10155
-0.243824
-0.2237
-0.249402
-0.120433
-0.139826
-0.165495
-0.194004
-0.113031
-0.111667
-0.112519
-0.110991
-0.114259
-0.110226
-0.109364
-0.1084
-0.105922
-0.107317
-0.103147
-0.104605
0.00577308
-0.0450563
0.133096
0.185484
0.0166309
0.0607198
0.234251
-0.116774
-0.112366
-0.118014
-0.105909
-0.0950502
-0.129608
-0.119588
-0.127941
-0.126254
0.49052
0.448823
0.241563
0.302598
0.373304
0.443819
0.491343
-0.195401
-0.185203
-0.170637
-0.201439
-0.20499
-0.215896
-0.203081
-0.101469
-0.0996825
-0.0974649
-0.232071
-0.210175
-0.244365
-0.139441
-0.161742
-0.18626
-0.246566
-0.111929
-0.111254
-0.110489
-0.109624
-0.108657
-0.106109
-0.107565
-0.103247
-0.104751
-0.0183627
-0.0777944
0.113174
0.18546
-0.0171386
0.0284837
-0.133559
-0.114503
-0.131444
-0.109904
-0.101641
-0.126847
0.237307
0.302676
0.375441
0.449072
-0.19516
-0.192732
-0.184386
-0.193926
-0.190861
-0.101483
-0.099867
-0.219591
-0.232974
-0.202896
-0.160983
-0.182917
-0.241134
-0.237491
-0.106347
-0.103461
-0.104974
-0.052345
-0.087265
0.0849012
0.172379
-0.0326771
0.010745
-0.13532
-0.135393
-0.132308
0.224747
0.293096
0.365378
-0.187377
-0.192279
-0.191645
-0.178595
-0.169432
-0.181568
-0.176868
-0.101671
-0.212581
-0.220542
-0.226085
-0.199859
-0.182117
-0.226759
-0.0650473
-0.122998
0.0662261
0.150745
-0.076359
-0.0347126
0.209873
0.26834
-0.171377
-0.184351
-0.190852
-0.155943
-0.144201
-0.161979
-0.209492
-0.213233
-0.212804
-0.210551
-0.198951
-0.202391
-0.105232
0.0212187
0.133035
0.174876
-0.148075
-0.167878
-0.182752
-0.129191
-0.117697
-0.15503
-0.208269
-0.209754
-0.20515
-0.195781
-0.186037
0.0914405
-0.120687
-0.144215
-0.165669
-0.101984
-0.0984817
-0.132495
-0.13256
-0.208074
-0.201572
-0.187406
-0.169838
-0.156409
-0.173353
-0.0927735
-0.116408
-0.141613
-0.0820507
-0.0924076
-0.116049
-0.199725
-0.183239
-0.160776
-0.139005
-0.125619
-0.161822
-0.0728314
-0.08826
-0.113396
-0.0753237
-0.112841
-0.100287
-0.119709
-0.180623
-0.15624
-0.129308
-0.108245
-0.140713
-0.0660236
-0.0682271
-0.0852083
-0.0838402
-0.123073
-0.117691
-0.153165
-0.124463
-0.0979875
-0.137696
-0.0742646
-0.0613093
-0.0654055
-0.121034
-0.0928271
-0.0692881
-0.0586301
-0.0893549
-0.06621
)
;

boundaryField
{
    flap
    {
        type            zeroGradient;
    }
    freestream
    {
        type            freestreamPressure;
        freestreamValue uniform 0;
        value           uniform 0;
    }
    main
    {
        type            zeroGradient;
    }
    BaseAndTop
    {
        type            empty;
    }
    procBoundary0to1
    {
        type            processor;
        value           nonuniform List<scalar> 
150
(
-5.40904e-05
-6.61303e-05
-0.000102588
-2.89686e-05
-1.53741e-05
-2.89686e-05
-0.000140082
-7.92777e-06
-0.000200133
-2.07632e-06
-0.000301712
3.36821e-06
-0.000367165
-0.000539201
-6.01359e-05
-6.01359e-05
-3.58688e-05
-0.000105589
-0.000222254
-0.00013314
-0.000327779
-0.000737831
-1.42273e-05
-2.71749e-05
-0.000470526
-0.000986994
-7.32549e-06
-0.000551172
-0.000665864
-0.00134713
1.22216e-05
-0.000881168
-0.00173301
-0.00225566
-0.00225566
-0.00123276
-0.00303617
-0.00303617
-0.00172459
-0.00434531
-0.00217392
-0.00508923
-0.0030671
-0.00709582
-0.00419917
-0.00826559
-0.00503778
-0.0114106
-0.00689992
-0.014536
-0.0086945
-0.0112073
-0.0178346
-0.0155626
-0.0225109
-0.0155626
-0.0270886
-0.0194946
-0.0194946
-0.0325549
-0.0247204
-0.0376868
-0.0280335
-0.0451029
-0.0340244
-0.0497092
-0.0425293
-0.0580675
-0.046616
-0.0654577
-0.0552162
-0.0718606
-0.0768932
-0.0616308
-0.0811908
-0.0671779
-0.0726437
-0.0872248
-0.0726437
-0.0872248
-0.0783217
-0.0914315
-0.0783217
-0.0837998
-0.0943806
-0.0837998
-0.100578
-0.0902208
-0.100578
-0.0939266
-0.106594
-0.106594
-0.0987784
-0.115437
-0.105951
-0.110326
-0.119595
-0.123528
-0.117616
-0.132936
-0.125243
-0.132936
-0.141863
-0.129594
-0.129594
-0.136399
-0.138999
-0.138999
-0.143889
-0.140729
-0.143889
-0.150608
-0.152118
-0.171193
-0.149287
-0.171689
-0.186123
-0.186534
-0.19215
-0.207612
-0.221517
-0.231849
-0.199614
-0.223561
-0.238313
-0.228145
-0.228145
-0.23323
-0.227427
-0.253144
-0.229418
-0.226763
-0.25762
-0.254445
-0.207239
-0.252746
-0.198854
-0.188362
-0.238333
-0.238333
-0.222242
-0.222242
-0.162451
-0.196277
-0.153429
-0.196277
-0.171611
-0.13342
-0.148231
-0.136635
)
;
    }
}


// ************************************************************************* //
