/*--------------------------------*- C++ -*----------------------------------*\
| =========                 |                                                 |
| \\      /  F ield         | OpenFOAM: The Open Source CFD Toolbox           |
|  \\    /   O peration     | Version:  v2012                                 |
|   \\  /    A nd           | Website:  www.openfoam.com                      |
|    \\/     M anipulation  |                                                 |
\*---------------------------------------------------------------------------*/
FoamFile
{
    version     2.0;
    format      ascii;
    class       labelList;
    note        "nPoints:8198  nCells:6320  nFaces:23059  nInternalFaces:10006";
    location    "constant/polyMesh";
    object      neighbour;
}
// * * * * * * * * * * * * * * * * * * * * * * * * * * * * * * * * * * * * * //


10006
(
3
2
7
8
7
9
5
11
12
14
15
16
15
17
12
18
19
20
20
21
22
14
23
24
25
17
26
27
26
28
29
30
22
31
32
34
35
36
27
35
38
39
32
40
41
42
41
43
43
44
45
42
36
47
48
49
50
51
52
53
54
55
52
56
57
58
59
45
60
61
51
67
50
69
70
71
69
71
72
73
74
54
75
76
70
77
61
78
79
80
80
79
81
81
82
83
86
87
88
89
89
90
88
91
68
92
93
94
95
96
73
97
98
75
99
100
77
101
102
99
103
104
105
106
83
107
108
109
110
109
111
112
113
113
114
115
116
114
117
118
98
119
120
97
121
122
123
121
123
124
125
126
127
128
127
129
122
130
108
131
132
133
133
132
134
134
135
136
138
137
139
112
140
141
142
143
145
146
147
148
147
149
145
150
151
152
153
154
155
156
157
125
158
159
128
160
161
162
130
163
164
160
165
166
167
168
136
169
170
171
140
172
172
173
174
175
176
175
177
149
177
150
179
180
148
181
182
183
184
185
153
186
159
187
188
189
158
190
164
191
191
192
193
194
195
162
196
197
196
198
199
200
201
167
202
169
203
204
200
205
206
207
206
208
176
209
210
211
212
179
213
214
185
215
215
216
217
218
218
219
217
220
221
187
223
224
223
225
225
226
192
227
228
229
194
230
231
232
233
234
235
236
199
237
238
239
232
240
203
241
205
242
243
244
245
246
246
247
245
248
249
250
249
251
220
250
252
253
254
255
219
256
257
258
259
260
254
261
226
262
263
264
265
266
230
268
238
269
269
270
271
264
271
272
235
273
274
275
276
274
277
275
278
278
240
279
280
281
281
282
279
282
247
283
284
285
286
287
288
289
286
290
291
292
292
293
294
261
295
295
296
258
297
298
298
299
300
301
302
303
304
304
305
306
266
303
307
308
270
309
310
311
309
273
312
313
314
315
277
316
317
318
319
312
320
321
322
284
323
324
325
326
323
327
289
328
301
328
329
330
331
294
332
302
333
299
334
300
335
336
337
338
339
340
341
342
343
344
344
345
346
347
347
348
350
351
352
351
353
354
316
355
317
356
356
357
358
359
352
360
361
362
363
364
322
362
365
325
366
367
327
368
369
370
368
371
331
372
373
374
375
376
377
377
378
336
379
380
380
381
339
382
383
374
384
346
385
343
386
387
388
350
389
390
391
349
392
393
394
395
396
394
397
364
398
398
399
400
360
401
399
402
402
403
404
363
405
406
407
408
366
409
410
410
411
409
412
383
413
414
415
416
375
417
418
419
384
420
421
381
422
382
423
424
425
426
427
428
386
430
431
431
432
389
433
434
391
435
436
436
437
438
440
397
441
404
442
443
444
445
446
447
447
448
449
449
450
451
406
452
408
453
454
455
456
457
458
457
459
414
460
461
458
462
429
463
463
464
465
466
464
466
421
467
468
468
469
424
470
425
471
472
473
460
473
465
474
475
435
476
477
433
478
479
440
480
481
482
438
483
484
484
485
443
442
486
487
488
454
489
490
491
450
492
493
451
494
495
496
497
453
498
499
500
501
501
502
503
500
504
505
505
506
507
508
509
510
511
512
474
513
514
515
516
472
517
516
518
519
520
521
522
523
477
525
526
527
528
528
529
529
530
482
531
532
533
534
535
536
537
538
538
539
530
537
490
540
541
542
543
544
545
545
546
546
547
542
548
544
548
539
547
549
549
550
551
552
503
553
508
553
554
555
507
556
557
558
523
559
559
560
561
562
560
562
563
564
515
565
566
567
518
568
569
570
571
555
570
561
563
524
572
573
574
531
575
576
577
577
578
579
580
581
582
533
583
584
535
585
536
586
587
588
589
550
590
543
591
592
593
594
595
596
597
598
599
600
552
601
602
601
603
604
604
605
606
607
606
608
609
610
611
612
613
565
614
615
616
617
569
618
571
619
620
621
622
623
624
623
625
624
576
626
627
628
579
629
630
581
631
632
583
626
633
633
634
635
636
637
638
632
639
640
641
641
642
591
643
644
598
645
644
646
647
648
648
649
649
650
642
651
652
600
653
608
654
654
655
607
656
657
658
659
625
660
660
661
662
663
661
664
663
665
665
666
617
666
667
668
669
668
670
620
671
672
673
674
674
675
676
677
678
680
628
681
682
682
683
631
684
685
686
687
635
688
689
637
690
691
692
640
693
694
695
696
697
698
699
646
700
701
702
703
704
705
651
706
707
703
708
698
709
673
710
710
711
712
713
711
714
713
715
716
717
664
718
719
720
721
722
669
723
724
725
672
726
675
727
727
728
729
730
731
732
679
731
732
733
734
735
736
736
737
738
739
740
740
741
741
742
742
743
688
744
745
690
746
747
748
749
749
750
743
751
695
752
753
707
753
699
754
755
756
708
757
756
758
759
760
761
760
762
706
762
763
764
765
715
766
767
714
768
769
770
771
717
772
773
774
775
775
776
773
777
776
778
725
779
780
781
726
782
783
784
785
729
786
787
787
788
789
790
772
791
792
793
744
794
795
796
797
797
798
798
799
800
801
802
803
804
746
805
806
748
807
808
809
810
811
812
811
813
814
755
815
816
758
817
818
819
820
821
819
822
823
824
825
824
826
822
827
786
828
829
830
831
832
771
832
830
831
833
834
777
835
836
837
838
779
839
840
841
842
782
843
844
840
842
844
845
788
846
847
848
849
793
850
791
850
851
852
853
795
854
796
855
856
857
800
858
859
860
861
803
860
812
805
862
863
863
864
864
865
865
866
810
867
868
869
870
814
871
826
872
872
873
827
874
873
875
876
877
878
878
879
880
825
879
881
882
883
884
829
885
886
887
888
889
834
890
891
892
893
893
894
839
894
891
895
896
897
898
899
900
899
901
902
846
903
904
905
906
849
905
907
909
890
910
908
911
911
912
913
914
913
915
857
915
916
917
918
861
918
919
920
914
921
922
923
924
867
925
926
927
871
928
929
930
931
932
933
875
934
935
936
937
906
937
905
907
936
938
903
939
903
904
939
940
934
938
941
942
942
943
943
944
945
946
946
947
948
895
949
950
951
952
897
953
954
900
955
956
957
902
940
939
907
941
958
912
960
961
962
963
964
965
966
967
917
968
969
970
920
929
971
972
973
923
973
974
975
976
976
977
977
978
978
979
930
980
981
982
940
956
983
935
983
984
985
986
987
988
987
989
990
945
991
992
993
962
994
994
995
996
997
996
998
998
999
995
997
999
1000
957
1001
980
1002
980
1003
963
1004
1004
1005
961
1006
1007
1008
1009
1006
1010
1011
1012
1011
1013
1012
1014
1014
1015
1015
1016
1016
1017
1018
1019
1013
1020
1021
975
1022
1023
1024
1025
1026
1027
1019
1028
1002
1028
1029
1030
1031
1031
1032
1033
1034
1035
1030
1033
1035
1036
991
1036
1037
993
1038
1039
1040
1041
1042
1043
1044
1001
1045
1046
1003
1046
1047
1048
1049
1049
1050
1050
1051
1010
1052
1053
1054
1055
1056
1057
1058
1059
1018
1060
1061
1062
1063
1064
1022
1064
1065
1066
1067
1066
1068
1069
1070
1027
1070
1071
1072
1032
1073
1074
1075
1076
1035
1077
1078
1079
1080
1079
1051
1081
1081
1082
1083
1084
1082
1085
1084
1086
1086
1087
1087
1088
1072
1048
1052
1089
1091
1092
1093
1094
1095
1096
1097
1098
1099
1100
1063
1098
1100
1101
1101
1102
1060
1102
1103
1062
1104
1105
1106
1107
1067
1108
1109
1110
1069
1111
1112
1113
1114
1088
1076
1115
1075
1115
1116
1078
1117
1080
1118
1119
1120
1121
1085
1122
1123
1124
1125
1126
1105
1127
1128
1127
1095
1129
1129
1130
1130
1131
1096
1132
1133
1134
1099
1135
1136
1137
1138
1139
1140
1104
1141
1142
1142
1143
1144
1108
1144
1145
1111
1146
1146
1147
1148
1149
1150
1149
1151
1152
1153
1117
1154
1119
1155
1155
1131
1156
1156
1157
1158
1159
1125
1159
1157
1160
1126
1161
1163
1132
1164
1165
1166
1167
1168
1169
1170
1168
1170
1171
1172
1172
1173
1171
1174
1174
1175
1175
1176
1176
1177
1177
1178
1161
1173
1179
1180
1147
1181
1182
1183
1184
1185
1186
1184
1187
1152
1188
1189
1154
1191
1191
1192
1193
1160
1194
1195
1196
1178
1197
1164
1197
1198
1169
1199
1199
1200
1192
1201
1202
1203
1204
1205
1206
1207
1208
1209
1210
1211
1195
1212
1213
1181
1213
1214
1185
1215
1215
1216
1217
1218
1188
1219
1219
1220
1221
1190
1221
1222
1223
1223
1224
1225
1226
1226
1225
1227
1228
1229
1230
1231
1201
1232
1233
1230
1234
1231
1235
1235
1236
1237
1238
1238
1239
1239
1240
1237
1241
1241
1242
1211
1243
1244
1240
1245
1246
1216
1247
1248
1249
1218
1250
1251
1252
1250
1253
1254
1255
1256
1257
1227
1258
1259
1244
1260
1229
1262
1263
1264
1265
1266
1267
1268
1269
1270
1271
1272
1270
1273
1274
1275
1276
1277
1278
1243
1279
1280
1280
1281
1282
1247
1281
1283
1284
1285
1284
1286
1287
1285
1288
1289
1290
1289
1291
1256
1290
1292
1293
1269
1294
1295
1296
1260
1297
1298
1262
1299
1300
1301
1302
1271
1301
1266
1303
1304
1268
1305
1306
1307
1308
1309
1303
1310
1310
1311
1312
1313
1314
1315
1315
1316
1282
1316
1313
1317
1317
1318
1297
1319
1320
1321
1322
1323
1324
1321
1325
1326
1327
1326
1328
1329
1330
1327
1331
1332
1333
1334
1295
1335
1336
1298
1337
1318
1338
1339
1340
1302
1339
1341
1342
1343
1305
1344
1345
1307
1346
1347
1309
1311
1348
1349
1350
1314
1351
1352
1353
1354
1355
1356
1338
1320
1357
1358
1359
1357
1360
1325
1361
1328
1362
1363
1364
1365
1366
1367
1368
1333
1368
1367
1369
1334
1370
1371
1372
1347
1373
1373
1374
1374
1375
1376
1377
1378
1342
1379
1380
1344
1381
1382
1346
1383
1384
1385
1386
1387
1381
1388
1389
1390
1391
1392
1391
1393
1394
1395
1395
1396
1396
1397
1376
1393
1398
1397
1399
1360
1400
1401
1362
1402
1403
1400
1404
1365
1405
1406
1403
1405
1407
1408
1406
1409
1410
1411
1412
1411
1413
1414
1415
1376
1416
1417
1418
1419
1386
1420
1418
1420
1421
1421
1422
1423
1424
1385
1425
1426
1427
1390
1428
1389
1429
1430
1431
1432
1433
1434
1435
1433
1436
1437
1438
1439
1440
1441
1441
1442
1443
1440
1444
1404
1445
1446
1447
1448
1449
1408
1450
1412
1450
1451
1452
1453
1454
1455
1453
1456
1426
1457
1457
1458
1435
1458
1419
1459
1460
1461
1462
1463
1423
1464
1465
1425
1465
1466
1467
1428
1468
1469
1463
1470
1471
1472
1472
1473
1434
1435
1474
1475
1476
1477
1438
1477
1478
1479
1480
1481
1482
1480
1483
1444
1484
1485
1486
1487
1487
1488
1484
1489
1490
1491
1491
1492
1493
1494
1495
1496
1497
1455
1498
1499
1498
1500
1501
1502
1503
1504
1503
1505
1506
1507
1468
1508
1509
1509
1510
1511
1467
1512
1513
1514
1473
1515
1471
1516
1517
1518
1519
1476
1520
1502
1520
1521
1522
1479
1522
1523
1524
1485
1525
1483
1526
1527
1528
1529
1489
1530
1531
1490
1532
1533
1534
1535
1494
1536
1495
1499
1537
1538
1539
1540
1540
1541
1542
1543
1541
1544
1513
1545
1546
1547
1507
1548
1508
1549
1550
1551
1552
1553
1554
1555
1554
1556
1556
1557
1558
1515
1559
1560
1561
1562
1562
1563
1564
1565
1564
1566
1567
1568
1569
1570
1571
1572
1527
1571
1526
1573
1574
1575
1533
1576
1576
1577
1578
1579
1532
1580
1581
1582
1535
1583
1584
1584
1585
1586
1587
1586
1588
1589
1590
1591
1544
1592
1592
1593
1594
1546
1595
1596
1549
1597
1598
1599
1600
1601
1598
1601
1559
1602
1555
1561
1603
1604
1605
1606
1607
1595
1607
1608
1566
1609
1610
1611
1565
1612
1613
1614
1615
1568
1596
1616
1617
1618
1618
1619
1620
1619
1621
1622
1623
1575
1624
1625
1626
1623
1627
1582
1628
1580
1629
1630
1583
1631
1632
1633
1634
1587
1635
1636
1637
1593
1638
1639
1640
1591
1641
1642
1643
1644
1645
1646
1647
1647
1599
1648
1649
1650
1602
1651
1652
1653
1654
1655
1654
1656
1606
1655
1657
1658
1609
1659
1660
1656
1661
1661
1662
1662
1663
1614
1664
1665
1664
1666
1617
1667
1668
1669
1670
1625
1671
1671
1672
1624
1673
1674
1675
1676
1627
1632
1677
1678
1679
1680
1681
1680
1682
1682
1683
1679
1683
1684
1635
1684
1685
1638
1686
1687
1688
1689
1641
1690
1691
1692
1646
1693
1645
1694
1694
1695
1696
1697
1698
1651
1699
1700
1701
1701
1702
1703
1700
1704
1705
1706
1707
1708
1709
1710
1711
1698
1711
1705
1712
1666
1713
1714
1715
1665
1716
1717
1718
1719
1698
1720
1721
1722
1670
1723
1724
1725
1724
1726
1727
1728
1728
1729
1676
1730
1731
1732
1733
1681
1734
1735
1736
1737
1738
1739
1740
1688
1741
1687
1742
1743
1744
1695
1745
1746
1747
1747
1748
1693
1749
1750
1751
1752
1751
1753
1753
1754
1702
1755
1756
1757
1758
1706
1759
1760
1761
1762
1763
1764
1764
1765
1766
1767
1765
1768
1769
1713
1770
1771
1715
1766
1772
1773
1774
1719
1775
1774
1776
1777
1722
1769
1723
1778
1779
1780
1781
1731
1782
1782
1783
1730
1784
1785
1733
1786
1787
1788
1789
1790
1790
1791
1792
1789
1793
1794
1795
1791
1796
1797
1798
1798
1799
1741
1800
1801
1745
1802
1803
1804
1804
1805
1806
1749
1807
1808
1809
1810
1754
1811
1812
1812
1813
1814
1815
1759
1816
1817
1818
1758
1817
1819
1820
1821
1822
1823
1824
1823
1825
1767
1826
1827
1828
1829
1830
1831
1832
1831
1824
1833
1777
1834
1773
1835
1836
1837
1838
1839
1839
1840
1841
1779
1842
1843
1842
1844
1783
1844
1845
1846
1785
1847
1848
1848
1849
1788
1850
1851
1852
1853
1854
1793
1855
1856
1796
1857
1797
1858
1859
1860
1861
1800
1862
1863
1805
1864
1803
1865
1866
1867
1868
1865
1869
1808
1871
1872
1870
1873
1811
1874
1875
1876
1877
1878
1879
1880
1880
1881
1883
1884
1885
1821
1886
1883
1887
1825
1888
1889
1882
1890
1891
1892
1893
1827
1894
1895
1832
1896
1897
1898
1894
1898
1843
1899
1834
1900
1901
1836
1897
1902
1840
1903
1841
1904
1905
1906
1907
1908
1909
1910
1851
1911
1911
1912
1850
1913
1914
1915
1916
1917
1918
1856
1919
1915
1919
1859
1920
1921
1922
1921
1858
1923
1924
1925
1924
1926
1926
1927
1927
1928
1928
1929
1929
1930
1931
1932
1933
1932
1934
1930
1934
1877
1935
1936
1874
1937
1873
1938
1939
1940
1881
1941
1878
1879
1942
1943
1944
1945
1946
1947
1948
1949
1887
1950
1950
1951
1952
1949
1953
1890
1951
1954
1893
1955
1955
1956
1957
1958
1896
1959
1960
1961
1962
1909
1963
1956
1964
1907
1965
1966
1967
1966
1968
1969
1970
1906
1970
1971
1972
1973
1974
1973
1912
1975
1976
1977
1978
1979
1916
1979
1980
1981
1982
1983
1983
1984
1985
1922
1986
1987
1988
1925
1989
1990
1991
1992
1993
1994
1995
1996
1997
1998
1999
1998
2000
2001
1997
2002
1939
2003
2004
2005
2006
2006
2004
2007
2007
2008
2002
2009
2009
2010
2011
2012
2012
2013
2008
2014
2016
2017
2016
2018
2019
2020
2021
2017
2022
1957
2023
2015
2024
2025
2026
2027
2028
2029
2029
2030
1963
2031
1962
2032
2033
2034
2035
2036
2036
2037
2038
2032
2039
2040
2041
1972
2042
2043
2040
2044
2045
2046
2047
2048
1977
2048
1984
2049
2050
1982
2051
2052
2053
2054
2052
2055
2056
2057
2058
1987
2054
2059
2060
2061
2062
2063
2064
2065
2066
2067
2060
2065
1993
2066
2068
2069
2070
2070
2071
2071
2072
2073
2074
2075
2076
2076
2077
2075
2078
2079
2005
2081
2082
2083
2084
2085
2086
2087
2011
2088
2089
2090
2014
2091
2092
2093
2094
2095
2096
2023
2095
2097
2098
2098
2099
2100
2101
2102
2099
2103
2026
2104
2105
2104
2106
2033
2107
2108
2031
2109
2110
2111
2112
2046
2113
2105
2114
2115
2045
2116
2039
2117
2118
2119
2117
2120
2043
2121
2044
2122
2123
2047
2124
2125
2050
2126
2127
2128
2129
2128
2055
2130
2131
2132
2133
2134
2134
2135
2135
2136
2062
2137
2138
2063
2139
2140
2141
2067
2142
2143
2144
2145
2069
2146
2147
2148
2149
2078
2150
2151
2152
2153
2154
2155
2156
2153
2157
2158
2152
2159
2160
2161
2162
2161
2163
2164
2165
2160
2166
2167
2168
2168
2169
2088
2170
2171
2090
2172
2091
2173
2169
2174
2096
2176
2176
2177
2178
2179
2100
2180
2181
2182
2183
2177
2184
2185
2186
2175
2187
2188
2189
2185
2190
2108
2191
2192
2192
2193
2113
2194
2112
2195
2191
2196
2115
2197
2198
2199
2200
2201
2202
2203
2204
2205
2206
2207
2208
2209
2204
2210
2199
2208
2196
2211
2211
2212
2136
2213
2212
2213
2214
2133
2215
2131
2216
2217
2214
2218
2219
2220
2221
2222
2223
2224
2224
2225
2217
2226
2141
2227
2228
2229
2230
2225
2230
2231
2232
2229
2231
2232
2233
2234
2235
2234
2236
2150
2236
2237
2154
2238
2239
2240
2241
2242
2243
2157
2242
2244
2243
2245
2170
2246
2247
2248
2164
2249
2167
2250
2251
2166
2252
2253
2254
2255
2256
2257
2172
2258
2259
2174
2260
2261
2262
2263
2264
2265
2264
2266
2267
2268
2267
2269
2269
2270
2268
2271
2271
2272
2273
2265
2274
2270
2275
2276
2277
2277
2278
2276
2279
2280
2281
2282
2283
2282
2284
2203
2285
2284
2278
2286
2200
2287
2288
2289
2202
2206
2290
2291
2292
2207
2293
2294
2295
2296
2210
2297
2298
2299
2300
2301
2215
2302
2303
2304
2305
2303
2306
2307
2308
2307
2309
2222
2309
2310
2227
2311
2312
2313
2228
2314
2315
2316
2317
2318
2319
2320
2235
2321
2322
2323
2324
2325
2326
2239
2327
2328
2241
2329
2330
2331
2332
2329
2333
2326
2334
2328
2335
2336
2337
2249
2250
2338
2339
2340
2341
2340
2342
2337
2342
2343
2344
2343
2345
2345
2346
2335
2347
2347
2348
2260
2349
2350
2346
2351
2263
2353
2354
2355
2356
2353
2357
2358
2359
2360
2361
2362
2354
2363
2274
2364
2365
2352
2366
2367
2368
2369
2364
2370
2371
2372
2283
2372
2373
2374
2375
2371
2376
2287
2377
2378
2379
2380
2378
2379
2381
2382
2376
2381
2298
2383
2384
2385
2382
2386
2385
2386
2380
2387
2387
2388
2389
2300
2390
2391
2391
2392
2308
2393
2394
2305
2395
2314
2393
2396
2397
2398
2399
2399
2400
2401
2402
2402
2403
2403
2404
2405
2406
2407
2406
2408
2409
2410
2411
2412
2320
2409
2413
2414
2415
2323
2416
2417
2325
2418
2419
2420
2330
2421
2422
2423
2424
2332
2425
2426
2425
2427
2426
2428
2429
2430
2431
2432
2433
2344
2434
2435
2433
2436
2437
2438
2439
2440
2441
2442
2349
2443
2444
2444
2445
2445
2446
2447
2448
2449
2356
2450
2451
2450
2452
2453
2454
2453
2455
2454
2456
2456
2457
2455
2458
2458
2459
2460
2461
2462
2463
2464
2368
2465
2466
2467
2468
2469
2470
2471
2472
2473
2474
2473
2475
2390
2474
2476
2468
2477
2478
2479
2480
2481
2482
2384
2483
2484
2485
2486
2487
2389
2488
2489
2490
2491
2400
2492
2493
2494
2495
2494
2496
2495
2497
2498
2499
2498
2500
2501
2502
2503
2504
2505
2506
2411
2507
2408
2508
2509
2504
2510
2511
2512
2412
2513
2514
2515
2414
2516
2517
2417
2518
2519
2520
2520
2519
2521
2522
2523
2523
2524
2422
2525
2526
2427
2527
2527
2528
2529
2530
2531
2524
2532
2533
2534
2535
2535
2536
2537
2538
2539
2538
2540
2436
2541
2542
2536
2541
2543
2544
2543
2545
2544
2546
2546
2547
2534
2548
2549
2550
2551
2552
2547
2553
2464
2449
2554
2555
2556
2462
2557
2558
2559
2560
2561
2562
2563
2463
2564
2565
2566
2567
2461
2470
2568
2569
2570
2571
2469
2572
2467
2573
2574
2575
2576
2577
2472
2578
2579
2580
2581
2579
2582
2578
2583
2584
2585
2585
2586
2480
2587
2588
2583
2589
2590
2591
2489
2592
2593
2594
2594
2595
2591
2595
2588
2596
2597
2598
2599
2581
2600
2600
2601
2601
2602
2497
2500
2603
2604
2508
2605
2606
2607
2501
2608
2609
2610
2602
2610
2611
2612
2613
2611
2614
2507
2614
2615
2616
2617
2618
2618
2619
2617
2620
2516
2621
2621
2622
2623
2624
2622
2623
2625
2626
2627
2626
2628
2629
2630
2522
2631
2632
2633
2634
2635
2636
2533
2637
2638
2636
2639
2530
2640
2641
2642
2643
2641
2644
2645
2646
2648
2649
2539
2650
2651
2652
2653
2654
2655
2652
2656
2657
2658
2654
2659
2660
2661
2550
2662
2551
2663
2664
2665
2665
2666
2666
2667
2558
2669
2567
2669
2557
2670
2671
2672
2670
2673
2561
2674
2675
2676
2677
2564
2678
2679
2566
2676
2680
2681
2682
2683
2682
2684
2685
2686
2668
2685
2573
2687
2688
2688
2689
2584
2689
2690
2691
2691
2692
2693
2694
2695
2696
2697
2695
2698
2699
2700
2701
2587
2702
2703
2704
2590
2705
2706
2707
2593
2708
2709
2710
2711
2598
2712
2599
2713
2714
2715
2716
2717
2718
2719
2720
2720
2721
2719
2722
2721
2723
2724
2725
2725
2726
2724
2727
2728
2729
2613
2730
2619
2731
2624
2732
2620
2722
2733
2734
2735
2736
2737
2738
2739
2740
2627
2741
2742
2743
2630
2744
2745
2746
2747
2746
2748
2748
2749
2749
2750
2751
2752
2637
2753
2754
2755
2756
2757
2757
2758
2642
2759
2760
2761
2756
2761
2751
2762
2763
2764
2662
2764
2765
2765
2766
2766
2767
2651
2768
2653
2769
2770
2771
2767
2772
2772
2773
2658
2774
2775
2774
2776
2661
2777
2778
2779
2780
2781
2781
2782
2783
2784
2778
2785
2786
2787
2788
2684
2789
2790
2791
2792
2793
2794
2795
2678
2796
2797
2794
2798
2799
2686
2800
2801
2802
2801
2803
2804
2692
2805
2806
2807
2808
2690
2809
2810
2811
2812
2813
2814
2694
2815
2816
2817
2697
2818
2819
2816
2820
2821
2822
2823
2824
2824
2825
2825
2826
2826
2827
2827
2828
2821
2829
2829
2830
2831
2832
2715
2833
2834
2835
2835
2836
2832
2836
2828
2837
2838
2839
2837
2840
2839
2717
2841
2842
2842
2843
2844
2845
2846
2847
2727
2848
2849
2850
2851
2852
2853
2843
2851
2854
2855
2856
2857
2732
2855
2858
2736
2859
2860
2861
2856
2861
2862
2741
2863
2863
2864
2865
2866
2865
2867
2868
2869
2870
2870
2871
2869
2872
2747
2873
2874
2875
2876
2877
2752
2878
2879
2880
2881
2882
2882
2883
2763
2884
2885
2886
2883
2887
2760
2888
2889
2890
2889
2891
2892
2893
2895
2896
2897
2898
2899
2773
2899
2900
2901
2901
2902
2903
2904
2905
2777
2906
2902
2907
2908
2909
2910
2911
2783
2912
2913
2911
2914
2915
2915
2916
2916
2917
2918
2919
2790
2920
2789
2793
2921
2922
2792
2923
2924
2925
2926
2796
2927
2928
2798
2929
2930
2800
2928
2931
2932
2929
2933
2920
2934
2805
2935
2936
2935
2937
2919
2938
2938
2939
2940
2941
2940
2942
2942
2943
2941
2944
2944
2945
2945
2946
2822
2947
2948
2818
2820
2949
2841
2950
2951
2952
2953
2943
2954
2955
2956
2957
2958
2959
2960
2831
2961
2962
2963
2834
2964
2965
2966
2967
2968
2840
2969
2970
2971
2972
2972
2973
2845
2974
2975
2848
2976
2862
2977
2978
2850
2979
2980
2981
2980
2982
2979
2983
2857
2984
2985
2986
2987
2988
2989
2860
2990
2991
2992
2993
2994
2866
2995
2996
2997
2989
2998
2871
2999
3000
3001
3002
2875
3003
3004
3005
3005
3006
3004
3006
3007
3007
3008
3008
3009
2880
3010
3011
2884
3012
3013
3014
3015
2886
3016
3017
3017
3018
3019
3020
3021
3020
3022
3010
3023
3024
3025
2910
3025
2895
3026
3027
3027
3029
3029
3030
3031
3032
3033
3032
3034
3035
3036
3030
3037
3037
3038
2907
3039
3039
3040
3041
3040
3042
3043
3044
3045
3046
2913
3047
2914
3048
3049
3050
3043
3051
3052
3053
3054
2937
3055
3054
3056
3056
3057
2925
3058
3059
2930
3060
3060
3061
3062
3063
3064
2939
3065
3066
3067
3067
3068
3066
3069
3070
2946
3071
3072
3073
3074
3075
3076
3077
3078
3079
3080
3081
2948
3082
3083
2950
3084
3085
3083
3086
2960
3087
3087
3088
2955
3089
3090
3091
3092
3093
3094
2959
3094
3095
3096
2962
3097
3098
3098
3099
2970
3100
3101
3102
3101
3103
3099
3104
2971
3105
3106
3107
3107
3108
3109
3110
3111
2977
3112
3112
3113
3113
3114
3115
2983
3116
3117
3118
2982
3119
3120
3121
2985
3122
2988
2992
3123
3124
3125
3126
3127
2993
3128
3129
3130
3131
3132
2999
3133
3133
3134
2998
3135
3134
3136
3137
3138
3003
3139
3140
3141
3140
3142
3143
3144
3145
3146
3147
3148
3011
3149
3150
3151
3152
3153
3014
3152
3154
3155
3156
3157
3158
3159
3154
3160
3021
3161
3162
3163
3157
3164
3163
3165
3156
3166
3167
3028
3168
3168
3169
3170
3171
3033
3172
3173
3174
3035
3175
3176
3177
3178
3179
3174
3180
3181
3182
3178
3183
3044
3184
3185
3186
3167
3187
3188
3189
3190
3191
3189
3192
3191
3193
3051
3194
3195
3196
3197
3198
3199
3059
3200
3201
3058
3202
3203
3204
3205
3062
3206
3207
3068
3208
3209
3210
3211
3212
3213
3214
3215
3199
3216
3071
3217
3218
3217
3219
3198
3220
3220
3221
3222
3223
3222
3224
3223
3225
3226
3227
3224
3228
3229
3230
3230
3231
3088
3232
3233
3086
3234
3109
3235
3236
3237
3238
3226
3239
3092
3240
3093
3241
3242
3243
3244
3105
3245
3097
3246
3247
3248
3249
3102
3250
3251
3252
3104
3253
3254
3255
3108
3256
3257
3258
3111
3119
3259
3260
3261
3262
3116
3263
3132
3264
3265
3118
3266
3267
3268
3269
3270
3266
3271
3272
3273
3124
3274
3275
3273
3276
3272
3277
3277
3278
3129
3279
3280
3131
3281
3282
3283
3284
3285
3136
3286
3287
3278
3288
3142
3289
3141
3290
3291
3292
3293
3294
3295
3295
3296
3296
3297
3147
3298
3299
3300
3301
3300
3302
3303
3304
3302
3304
3305
3155
3306
3307
3308
3309
3310
3159
3311
3312
3313
3314
3315
3316
3164
3316
3317
3318
3303
3319
3320
3321
3320
3322
3323
3324
3325
3326
3326
3327
3328
3329
3329
3330
3328
3330
3331
3177
3332
3333
3334
3327
3335
3335
3336
3183
3337
3337
3338
3339
3338
3340
3186
3341
3342
3188
3343
3344
3345
3346
3347
3348
3346
3349
3194
3350
3351
3341
3352
3197
3353
3354
3355
3357
3219
3358
3357
3359
3360
3361
3204
3362
3363
3210
3364
3364
3365
3211
3365
3209
3366
3367
3368
3369
3221
3370
3214
3371
3372
3372
3373
3374
3375
3376
3231
3377
3378
3379
3380
3381
3382
3383
3227
3384
3385
3386
3387
3388
3387
3389
3390
3391
3233
3392
3393
3394
3395
3395
3396
3393
3394
3397
3398
3399
3400
3240
3401
3402
3242
3403
3404
3405
3406
3245
3406
3407
3397
3408
3409
3410
3409
3411
3412
3413
3257
3414
3415
3416
3415
3417
3416
3418
3413
3418
3419
3420
3421
3422
3421
3419
3423
3260
3424
3396
3264
3425
3426
3427
3426
3428
3429
3271
3428
3430
3269
3431
3270
3424
3432
3433
3434
3435
3436
3282
3437
3438
3439
3439
3440
3441
3442
3283
3443
3281
3444
3445
3446
3447
3289
3448
3448
3449
3288
3450
3449
3451
3452
3453
3294
3454
3455
3456
3455
3457
3453
3456
3458
3459
3460
3298
3461
3462
3463
3464
3465
3464
3465
3466
3467
3468
3306
3469
3470
3314
3469
3471
3472
3321
3471
3318
3473
3473
3474
3313
3474
3475
3476
3317
3477
3478
3319
3479
3480
3481
3482
3323
3483
3484
3485
3483
3486
3487
3488
3489
3490
3491
3332
3492
3493
3494
3495
3339
3496
3497
3498
3499
3500
3501
3502
3342
3503
3504
3505
3481
3506
3345
3507
3508
3509
3348
3510
3511
3508
3512
3511
3513
3514
3515
3515
3516
3356
3517
3355
3518
3519
3520
3521
3363
3522
3523
3524
3362
3525
3524
3526
3527
3528
3529
3530
3531
3532
3531
3533
3533
3534
3370
3535
3536
3375
3537
3538
3532
3539
3521
3540
3541
3377
3542
3543
3542
3544
3545
3546
3546
3547
3548
3549
3384
3549
3388
3548
3550
3401
3551
3551
3552
3553
3554
3555
3556
3391
3555
3557
3399
3558
3558
3559
3560
3561
3562
3400
3563
3564
3565
3566
3566
3567
3405
3568
3567
3569
3570
3571
3420
3572
3410
3573
3574
3575
3412
3576
3577
3578
3417
3579
3580
3581
3582
3583
3584
3585
3586
3423
3587
3588
3589
3427
3590
3591
3592
3593
3594
3595
3596
3597
3597
3598
3599
3600
3599
3601
3596
3602
3603
3604
3440
3604
3438
3605
3606
3607
3608
3603
3609
3609
3610
3611
3612
3612
3613
3446
3614
3615
3595
3611
3616
3617
3451
3618
3619
3620
3621
3622
3623
3624
3625
3626
3624
3627
3623
3628
3628
3629
3629
3630
3630
3631
3463
3631
3632
3632
3633
3468
3633
3634
3468
3480
3635
3636
3637
3472
3637
3638
3639
3639
3640
3641
3642
3476
3642
3643
3637
3644
3478
3480
3645
3479
3646
3641
3647
3648
3649
3649
3650
3652
3485
3653
3654
3487
3655
3656
3656
3657
3658
3659
3658
3660
3661
3662
3661
3663
3494
3664
3665
3496
3666
3667
3498
3668
3669
3659
3670
3501
3671
3672
3671
3673
3674
3675
3516
3676
3674
3677
3678
3679
3679
3680
3680
3510
3681
3682
3683
3681
3684
3514
3685
3686
3687
3688
3518
3689
3690
3545
3691
3689
3692
3693
3694
3695
3693
3696
3697
3526
3698
3699
3528
3700
3701
3534
3702
3535
3703
3704
3705
3706
3707
3708
3547
3709
3710
3711
3539
3710
3712
3713
3714
3713
3715
3716
3717
3718
3695
3719
3720
3721
3722
3723
3724
3725
3726
3727
3728
3729
3730
3731
3731
3732
3733
3730
3734
3718
3735
3736
3737
3738
3738
3739
3739
3740
3573
3741
3741
3742
3743
3744
3742
3743
3745
3746
3747
3748
3748
3749
3750
3751
3572
3751
3752
3753
3576
3754
3754
3755
3756
3757
3758
3757
3759
3586
3760
3761
3762
3762
3763
3761
3764
3765
3766
3767
3768
3767
3769
3770
3770
3771
3768
3772
3601
3740
3594
3773
3592
3774
3775
3602
3776
3777
3778
3779
3780
3600
3781
3782
3783
3784
3785
3786
3787
3615
3788
3789
3790
3608
3791
3792
3793
3621
3794
3795
3796
3797
3798
3798
3799
3800
3801
3802
3801
3803
3620
3804
3803
3805
3806
3807
3802
3808
3809
3810
3627
3811
3808
3811
3812
3813
3814
3815
3816
3817
3817
3818
3636
3818
3819
3636
3648
3820
3821
3822
3640
3822
3823
3650
3824
3824
3825
3642
3826
3827
3644
3827
3828
3822
3829
3646
3648
3830
3647
3831
3826
3832
3833
3678
3834
3835
3836
3837
3653
3838
3839
3836
3840
3838
3841
3842
3668
3843
3844
3845
3662
3846
3847
3848
3664
3849
3850
3851
3852
3852
3853
3854
3855
3856
3857
3858
3858
3859
3860
3675
3861
3855
3862
3863
3864
3677
3865
3866
3835
3867
3868
3869
3683
3870
3685
3868
3869
3871
3872
3872
3873
3874
3688
3874
3875
3876
3876
3877
3877
3878
3879
3880
3701
3881
3882
3697
3883
3884
3700
3885
3884
3886
3887
3888
3703
3889
3890
3891
3892
3892
3893
3891
3894
3894
3895
3890
3896
3896
3897
3898
3715
3899
3893
3900
3901
3880
3902
3903
3717
3904
3905
3906
3904
3907
3878
3908
3908
3909
3909
3910
3732
3911
3726
3912
3728
3913
3914
3915
3916
3917
3915
3918
3919
3920
3921
3735
3922
3923
3924
3925
3737
3926
3927
3928
3929
3930
3931
3932
3933
3926
3934
3916
3935
3936
3937
3750
3938
3939
3937
3940
3941
3942
3769
3943
3944
3945
3946
3945
3947
3758
3948
3949
3950
3766
3951
3764
3952
3953
3954
3765
3955
3956
3957
3958
3959
3960
3961
3962
3772
3963
3964
3775
3965
3776
3966
3967
3968
3778
3969
3970
3971
3972
3781
3971
3973
3974
3975
3974
3976
3975
3977
3972
3978
3979
3980
3981
3982
3789
3983
3984
3985
3986
3985
3987
3981
3988
3794
3980
3989
3970
3990
3990
3991
3991
3992
3993
3800
3994
3995
3996
3997
3998
3805
3999
4000
3999
4001
4001
4002
4003
3810
3813
4004
3812
4005
4006
4006
4007
3814
4008
3815
4009
3816
4010
3817
4011
4012
4012
4013
3821
4013
4014
3821
3833
4015
4016
4017
3825
4017
4018
3834
4019
4019
4020
3827
4021
4022
3829
4022
4023
4017
4024
3831
3833
4025
3832
4026
4021
4027
4028
4029
4030
3867
4030
4031
4032
4033
3840
4034
4035
4036
4037
3843
4036
4038
3845
4039
4040
4039
4041
4042
4043
4042
4044
4043
4045
3851
4046
4047
4048
3854
4049
4050
4051
3857
4052
4053
4054
4040
4055
3861
4056
4057
4056
4058
4059
4060
4059
4061
3875
4062
4060
4062
3868
4063
4064
3870
4065
3872
4066
4064
4065
4067
4068
4068
4069
4070
4070
4071
4072
4073
4074
4075
4076
4077
4078
4079
3907
4078
4080
4081
4082
4082
3886
4083
4084
4083
4085
4079
4085
3895
4086
4087
4088
4089
4090
4091
4092
4093
3910
4094
3900
4095
4095
4096
4097
3903
4098
4077
4099
4100
4101
4101
4102
4102
4103
4104
4105
4106
4107
3912
4108
4109
3914
4110
4111
4112
4113
4110
4114
4114
4115
3920
3923
4116
4116
4117
3924
4118
4119
4120
4103
4118
4121
4121
4122
4122
4123
4123
4124
3977
4124
3944
4125
4125
4126
3934
4127
4128
3936
4129
4130
4131
4132
4133
3940
4132
4134
4133
4135
4135
4136
4136
4137
4138
4139
3947
4140
4141
4142
4143
3950
4144
4143
4144
4145
3962
4146
4147
4148
4149
4150
4149
4151
4152
4153
3958
4154
4155
4156
4157
4157
4158
4156
4159
4160
4160
4161
4158
4162
4163
4164
3967
4165
4166
3978
4167
4164
4168
4169
4170
4171
3976
4172
4173
4174
4175
4176
4177
3982
4178
4179
4180
4181
3995
4182
4182
4183
4184
4183
4185
3988
4186
4187
4002
4188
4189
4190
4191
4192
4192
4193
4193
4194
4194
4195
4196
4196
4197
4000
4195
4198
4199
4200
4201
4006
4197
4202
4005
4008
4203
4007
4204
4205
4205
4206
4009
4207
4010
4208
4011
4209
4012
4210
4211
4211
4212
4016
4212
4213
4016
4028
4214
4215
4216
4020
4216
4217
4029
4218
4218
4219
4022
4220
4221
4024
4221
4222
4216
4223
4026
4028
4224
4027
4225
4220
4226
4227
4228
4229
4063
4229
4035
4231
4231
4232
4037
4233
4233
4234
4235
4236
4237
4052
4238
4239
4240
4044
4241
4242
4243
4244
4046
4245
4246
4247
4248
4049
4247
4249
4051
4250
4058
4251
4252
4253
4252
4254
4254
4255
4256
4061
4256
4257
4258
4259
4260
4261
4064
4262
4263
4066
4264
4068
4265
4263
4264
4266
4267
4267
4268
4269
4071
4269
4261
4270
4076
4271
4074
4272
4273
4274
4275
4080
4276
4277
4278
4278
4279
4280
4084
4280
4281
4281
4282
4283
4087
4284
4285
4286
4287
4288
4289
4097
4290
4286
4291
4291
4292
4293
4294
4294
4295
4296
4297
4298
4299
4099
4300
4301
4298
4300
4302
4303
4304
4276
4302
4305
4306
4307
4107
4307
4308
4117
4309
4111
4309
4310
4311
4113
4115
4312
4313
4314
4315
4316
4317
4120
4315
4318
4317
4319
4320
4321
4322
4323
4324
4127
4325
4326
4320
4327
4312
4328
4328
4329
4134
4329
4330
4331
4332
4333
4334
4159
4335
4336
4337
4336
4338
4142
4339
4338
4340
4341
4342
4343
4344
4345
4346
4347
4153
4348
4150
4349
4350
4351
4154
4352
4346
4353
4354
4355
4345
4356
4357
4358
4359
4360
4361
4162
4362
4363
4364
4365
4366
4167
4367
4365
4367
4368
4169
4369
4370
4172
4371
4177
4372
4373
4374
4375
4375
4376
4374
4377
4376
4378
4379
4179
4380
4188
4181
4187
4381
4382
4383
4185
4186
4384
4385
4386
4387
4370
4388
4388
4389
4390
4391
4392
4393
4394
4395
4396
4397
4199
4200
4398
4395
4399
4201
4400
4387
4401
4205
4397
4402
4204
4207
4403
4206
4404
4405
4405
4406
4208
4407
4209
4408
4210
4409
4211
4410
4411
4411
4412
4215
4412
4413
4215
4227
4414
4415
4416
4219
4416
4417
4228
4418
4418
4419
4221
4420
4421
4223
4421
4422
4416
4423
4225
4227
4424
4226
4425
4420
4426
4427
4428
4429
4262
4429
4430
4431
4430
4432
4433
4434
4435
4431
4434
4238
4436
4437
4438
4439
4241
4440
4440
4441
4442
4243
4443
4444
4443
4445
4446
4447
4248
4446
4448
4449
4250
4450
4257
4451
4253
4452
4453
4454
4455
4441
4456
4457
4457
4458
4259
4260
4459
4261
4460
4457
4461
4462
4263
4463
4464
4265
4465
4267
4466
4464
4465
4467
4468
4468
4469
4470
4270
4470
4462
4471
4472
4473
4472
4474
4475
4476
4478
4479
4473
4479
4277
4480
4283
4481
4301
4482
4482
4483
4484
4282
4484
4283
4485
4485
4486
4487
4292
4488
4293
4489
4490
4289
4491
4290
4492
4493
4494
4495
4496
4497
4498
4308
4499
4299
4500
4500
4501
4502
4503
4504
4504
4505
4303
4506
4304
4507
4317
4508
4480
4506
4509
4475
4510
4511
4512
4513
4311
4313
4514
4513
4515
4516
4314
4517
4516
4518
4316
4519
4513
4520
4521
4319
4519
4522
4521
4523
4524
4322
4525
4526
4378
4526
4337
4527
4527
4528
4529
4530
4530
4531
4532
4533
4331
4332
4534
4535
4536
4533
4537
4334
4536
4335
4538
4539
4540
4541
4340
4542
4543
4542
4544
4544
4545
4545
4546
4546
4547
4548
4549
4361
4550
4349
4551
4552
4553
4554
4554
4555
4553
4556
4549
4557
4551
4557
4356
4556
4558
4360
4559
4559
4560
4363
4560
4561
4362
4562
4563
4366
4564
4565
4566
4567
4379
4568
4566
4569
4570
4571
4572
4572
4573
4377
4574
4575
4576
4577
4578
4579
4580
4381
4387
4581
4582
4383
4394
4583
4384
4584
4385
4585
4386
4586
4582
4587
4588
4589
4391
4590
4392
4591
4592
4593
4593
4594
4594
4595
4396
4596
4397
4597
4598
4399
4400
4599
4596
4600
4401
4601
4588
4602
4405
4598
4603
4404
4407
4604
4406
4605
4606
4606
4607
4408
4608
4409
4609
4410
4610
4411
4611
4612
4612
4613
4415
4613
4614
4415
4427
4615
4616
4617
4419
4617
4618
4428
4619
4619
4620
4421
4621
4622
4423
4622
4623
4617
4624
4425
4427
4625
4426
4626
4621
4627
4628
4629
4630
4463
4630
4631
4633
4633
4634
4435
4438
4635
4636
4437
4637
4638
4639
4452
4637
4640
4641
4445
4642
4643
4447
4643
4644
4645
4646
4449
4450
4647
4645
4648
4451
4649
4458
4650
4651
4652
4653
4654
4655
4653
4656
4656
4657
4658
4658
4659
4460
4461
4660
4462
4661
4658
4662
4663
4464
4664
4665
4466
4666
4468
4667
4665
4666
4668
4669
4669
4670
4671
4471
4671
4663
4672
4673
4674
4476
4675
4676
4677
4679
4680
4681
4481
4682
4487
4683
4505
4684
4684
4685
4686
4486
4686
4487
4687
4687
4688
4689
4489
4690
4691
4692
4693
4692
4694
4695
4696
4694
4696
4695
4697
4496
4693
4698
4691
4699
4699
4700
4700
4701
4702
4502
4703
4704
4504
4705
4697
4702
4706
4706
4707
4507
4708
4508
4709
4521
4710
4682
4708
4711
4712
4713
4512
4713
4714
4715
4515
4517
4716
4715
4717
4532
4718
4518
4719
4718
4720
4520
4721
4715
4722
4723
4523
4721
4724
4723
4725
4531
4726
4726
4727
4728
4729
4529
4730
4731
4732
4733
4533
4734
4735
4535
4537
4736
4737
4738
4538
4738
4735
4739
4561
4740
4741
4742
4742
4743
4741
4744
4745
4744
4746
4747
4748
4749
4548
4750
4751
4752
4562
4752
4753
4754
4555
4755
4756
4757
4758
4759
4760
4751
4761
4762
4763
4762
4764
4563
4765
4763
4766
4565
4767
4768
4769
4568
4770
4771
4570
4772
4773
4574
4774
4775
4580
4776
4777
4778
4779
4779
4780
4780
4781
4777
4778
4781
4782
4783
4582
4588
4784
4785
4584
4595
4786
4585
4787
4586
4788
4587
4789
4785
4790
4791
4773
4792
4792
4793
4592
4794
4795
4796
4797
4797
4798
4597
4799
4598
4800
4801
4600
4601
4802
4799
4803
4602
4804
4791
4805
4606
4801
4806
4605
4608
4807
4607
4808
4809
4809
4810
4609
4811
4610
4812
4611
4813
4612
4814
4815
4815
4816
4616
4816
4817
4616
4628
4818
4819
4820
4620
4820
4821
4629
4822
4822
4823
4622
4824
4825
4624
4825
4826
4820
4827
4626
4628
4828
4627
4829
4824
4830
4831
4832
4833
4664
4832
4632
4834
4835
4836
4834
4837
4838
4839
4840
4839
4841
4842
4639
4843
4844
4642
4845
4845
4846
4847
4848
4848
4849
4850
4646
4851
4848
4852
4648
4649
4853
4851
4854
4650
4855
4659
4856
4857
4858
4654
4859
4860
4861
4858
4862
4863
4846
4864
4865
4865
4866
4661
4662
4867
4663
4868
4865
4869
4870
4665
4871
4872
4667
4873
4669
4874
4872
4873
4875
4876
4876
4877
4878
4672
4877
4870
4879
4674
4675
4880
4881
4677
4712
4882
4883
4680
4884
4885
4885
4886
4683
4887
4689
4888
4707
4889
4889
4890
4891
4688
4891
4689
4892
4892
4893
4894
4895
4896
4897
4898
4899
4900
4901
4902
4903
4904
4905
4906
4907
4714
4908
4704
4705
4909
4910
4903
4910
4706
4911
4912
4912
4913
4709
4914
4710
4915
4723
4916
4887
4914
4917
4918
4919
4920
4921
4717
4719
4922
4921
4923
4734
4924
4720
4925
4924
4926
4722
4927
4921
4928
4929
4725
4927
4930
4929
4931
4932
4728
4933
4782
4934
4935
4934
4936
4732
4937
4938
4939
4940
4735
4941
4942
4737
4739
4943
4944
4945
4740
4945
4942
4946
4764
4947
4948
4949
4935
4950
4951
4952
4953
4953
4954
4952
4955
4749
4955
4956
4956
4957
4958
4959
4765
4959
4960
4755
4760
4961
4962
4963
4964
4965
4758
4965
4963
4761
4964
4959
4966
4967
4763
4968
4969
4968
4970
4766
4971
4969
4972
4973
4974
4770
4975
4976
4977
4978
4783
4979
4977
4980
4981
4775
4982
4776
4983
4984
4985
4986
4987
4988
4989
4990
4785
4791
4991
4992
4787
4798
4993
4788
4994
4789
4995
4790
4996
4992
4997
4998
4999
4795
5000
4796
5001
5002
5002
4797
5003
5004
5004
5005
4800
5006
4801
5007
5008
4803
4804
5009
5006
5010
4805
5011
4998
5012
4809
5008
5013
4808
4811
5014
4810
5015
5016
5016
5017
4812
5018
4813
5019
4814
5020
4815
5021
5022
5022
5023
4819
5023
4819
4831
5024
4823
5024
4833
5025
5025
4825
5026
5027
4827
5027
5024
4829
4831
4830
5026
4871
5028
5028
5029
5030
5031
5031
5032
4838
4840
5030
5033
5034
5034
5035
5036
5037
4844
5038
4843
5039
5040
5041
5042
5043
4850
5044
5045
5045
5046
5047
5047
4852
5048
5045
5049
4854
4855
5050
5048
5051
4856
5052
4866
5053
5039
5054
5055
4860
5056
5057
5056
5058
5058
5059
4864
5057
5060
5061
5061
5062
4868
4869
5063
4870
5064
5061
5065
5066
4872
5067
5068
4874
5069
4876
5070
5068
5069
5071
5072
4879
5073
5072
5073
5074
5066
5075
4886
5076
5077
5078
5078
5079
4884
5081
5082
5083
5084
4888
5085
4894
5086
4913
5087
5087
5088
5089
4893
5089
4894
5090
5090
5091
5092
5093
5094
4905
5095
5094
5096
5097
5098
5097
5099
5098
5100
4902
4903
5101
5100
5102
5103
5099
5104
5105
5096
5106
5106
5107
5107
5108
4911
5109
5110
5103
5110
4912
5111
5112
5112
5113
4915
5114
4916
5115
4929
5116
5085
5114
5117
5079
5118
4920
5119
5120
5121
4923
4925
5122
5121
5123
4941
5124
4926
5125
5124
5126
4928
5127
5121
5128
5129
4931
5127
5130
5129
5131
4933
4940
5132
5133
5134
4937
5135
5136
4939
5136
5137
5138
4942
5139
5140
4944
4946
5141
5142
5143
4947
5143
5140
5144
4970
5145
5146
5147
4950
5147
5148
5146
5149
5150
5151
5149
5152
5153
5154
5155
5156
4967
5157
5158
4971
5158
5159
4962
4966
5160
5161
5162
5162
5163
5164
5163
5158
5165
5166
4969
5167
5168
5167
5169
4972
5170
5168
5171
4976
5172
4975
5173
5174
5175
5176
4979
5177
5178
4981
5179
5180
4984
5181
4990
5182
5183
4986
5184
5185
4988
5186
5187
5132
5188
5189
4992
4998
5190
5191
4994
5005
5192
4995
5193
4996
5194
4997
5195
5191
5196
5197
5000
5180
5198
5003
5199
5200
5198
5200
5004
5201
5202
5202
5203
5007
5204
5008
5205
5206
5010
5011
5207
5204
5208
5012
5209
5197
5210
5016
5206
5211
5015
5018
5212
5017
5213
5214
5214
5215
5019
5216
5020
5217
5021
5218
5022
5219
5220
5220
5029
5027
5067
5221
5221
5222
5223
5223
5224
5225
5222
5226
5227
5227
5228
5037
5228
5229
5037
5231
5231
5232
5233
5233
5234
5234
5235
5043
5044
5236
5237
5238
5238
5239
5240
5237
5240
5049
5241
5238
5242
5051
5052
5243
5241
5244
5053
5245
5062
5246
5055
5247
5248
5249
5250
5251
5248
5252
5236
5250
5253
5254
5254
5255
5064
5065
5256
5066
5257
5254
5258
5259
5068
5260
5261
5070
5262
5072
5263
5261
5262
5264
5075
5265
5264
5265
5259
5266
5267
5268
5269
5270
5271
5272
5081
5273
5274
5275
5276
5084
5275
5277
5086
5278
5092
5279
5113
5280
5280
5281
5282
5091
5282
5092
5283
5283
5284
5285
5095
5286
5287
5288
5289
5290
5291
5292
5293
5102
5103
5294
5293
5295
5296
5105
5297
5298
5299
5300
5120
5301
5111
5302
5303
5296
5303
5112
5304
5305
5305
5306
5115
5307
5116
5308
5129
5309
5278
5307
5310
5119
5311
5312
5313
5314
5123
5125
5315
5314
5316
5139
5317
5126
5318
5317
5319
5128
5320
5314
5321
5322
5131
5320
5323
5322
5324
5325
5134
5326
5327
5326
5328
5329
5138
5330
5331
5140
5332
5333
5142
5144
5334
5335
5336
5145
5336
5333
5337
5169
5338
5339
5340
5341
5342
5343
5344
5345
5345
5346
5346
5347
5344
5348
5348
5349
5157
5350
5349
5351
5166
5352
5353
5170
5353
5354
5161
5165
5355
5356
5357
5357
5358
5164
5358
5166
5359
5353
5360
5361
5168
5362
5363
5362
5364
5171
5365
5363
5366
5367
5368
5367
5369
5177
5370
5176
5368
5371
5372
5189
5373
5371
5374
5374
5375
5376
5376
5377
5375
5378
5378
5379
5186
5380
5381
5381
5382
5382
5383
5384
5191
5197
5385
5386
5193
5203
5387
5194
5388
5195
5389
5196
5390
5386
5391
5392
5393
5394
5201
5395
5396
5393
5395
5202
5397
5398
5398
5399
5205
5400
5206
5401
5402
5208
5209
5403
5400
5404
5210
5405
5392
5406
5214
5402
5407
5213
5216
5215
5408
5408
5217
5218
5219
5220
5260
5409
5410
5409
5411
5225
5411
5412
5230
5410
5413
5414
5414
5415
5415
5416
5231
5416
5417
5418
5235
5417
5420
5421
5421
5237
5422
5423
5424
5424
5425
5426
5423
5425
5242
5427
5424
5428
5244
5245
5429
5427
5430
5246
5431
5255
5432
5433
5434
5433
5250
5251
5435
5436
5252
5437
5438
5439
5422
5436
5440
5441
5441
5442
5257
5258
5443
5259
5444
5441
5445
5446
5261
5263
5264
5266
5446
5277
5447
5269
5448
5449
5449
5450
5450
5451
5451
5452
5453
5276
5455
5456
5457
5458
5459
5457
5279
5460
5285
5461
5306
5462
5462
5463
5284
5463
5285
5464
5464
5465
5466
5467
5468
5468
5469
5298
5467
5469
5470
5291
5471
5472
5297
5471
5472
5473
5295
5296
5474
5473
5475
5476
5477
5478
5470
5479
5480
5481
5482
5483
5304
5484
5485
5476
5484
5305
5486
5487
5487
5488
5308
5489
5309
5490
5322
5491
5460
5489
5492
5452
5493
5313
5494
5495
5496
5316
5318
5497
5496
5498
5332
5499
5319
5500
5499
5501
5321
5502
5496
5503
5504
5324
5502
5505
5504
5506
5331
5383
5507
5342
5508
5509
5510
5330
5511
5512
5513
5333
5514
5515
5335
5337
5516
5517
5518
5338
5518
5515
5519
5364
5520
5521
5522
5341
5523
5524
5525
5522
5526
5527
5528
5529
5526
5530
5531
5532
5351
5352
5533
5534
5535
5361
5536
5537
5365
5537
5538
5356
5360
5539
5540
5541
5541
5542
5359
5542
5361
5543
5537
5544
5545
5363
5546
5547
5546
5548
5366
5549
5547
5550
5551
5552
5370
5553
5554
5555
5554
5556
5556
5557
5394
5558
5559
5384
5560
5561
5562
5563
5564
5565
5564
5566
5567
5557
5386
5392
5568
5569
5388
5399
5389
5390
5391
5569
5570
5571
5572
5555
5571
5572
5573
5397
5573
5574
5398
5575
5576
5576
5401
5577
5402
5578
5579
5404
5405
5577
5406
5570
5408
5579
5580
5581
5581
5582
5580
5583
5418
5583
5584
5582
5585
5585
5586
5586
5587
5587
5588
5588
5589
5419
5590
5434
5591
5591
5423
5592
5593
5594
5593
5595
5594
5595
5596
5428
5597
5594
5598
5430
5431
5597
5432
5442
5439
5599
5436
5437
5600
5601
5438
5602
5603
5604
5599
5604
5592
5601
5605
5606
5606
5444
5445
5446
5606
5448
5607
5608
5609
5610
5611
5612
5454
5456
5614
5458
5615
5616
5616
5617
5459
5618
5619
5607
5619
5461
5620
5466
5621
5488
5465
5466
5622
5622
5623
5624
5625
5626
5627
5628
5628
5629
5629
5630
5475
5476
5631
5630
5632
5633
5478
5628
5634
5624
5635
5480
5636
5637
5482
5638
5639
5495
5640
5633
5641
5486
5641
5642
5487
5643
5644
5644
5490
5645
5491
5646
5504
5647
5620
5645
5494
5648
5649
5650
5651
5498
5500
5652
5651
5653
5514
5654
5501
5655
5654
5656
5503
5657
5651
5658
5659
5506
5657
5659
5660
5661
5661
5662
5511
5663
5660
5664
5665
5513
5666
5667
5515
5668
5669
5517
5519
5670
5671
5672
5520
5672
5669
5673
5548
5674
5675
5676
5677
5676
5678
5525
5679
5680
5681
5528
5682
5683
5530
5683
5684
5532
5682
5535
5534
5536
5685
5686
5687
5687
5688
5545
5689
5690
5549
5690
5691
5540
5544
5692
5693
5694
5694
5695
5543
5695
5545
5696
5690
5697
5698
5547
5699
5700
5699
5701
5550
5702
5700
5703
5552
5553
5704
5555
5705
5706
5707
5707
5708
5709
5710
5711
5712
5560
5712
5713
5562
5711
5714
5565
5715
5716
5717
5718
5719
5667
5719
5569
5570
5708
5720
5720
5721
5721
5722
5575
5722
5576
5578
5579
5723
5724
5724
5725
5725
5723
5726
5726
5727
5728
5729
5729
5730
5730
5731
5731
5732
5591
5599
5732
5728
5593
5733
5734
5735
5734
5736
5735
5736
5598
5735
5737
5601
5602
5738
5739
5603
5740
5741
5742
5737
5741
5733
5739
5743
5744
5745
5609
5745
5746
5746
5747
5747
5748
5748
5749
5614
5751
5617
5618
5752
5753
5753
5754
5754
5755
5756
5757
5744
5756
5621
5623
5623
5625
5758
5759
5760
5627
5759
5761
5762
5762
5763
5763
5764
5632
5633
5765
5764
5766
5767
5635
5762
5768
5758
5769
5761
5770
5770
5771
5771
5772
5772
5773
5773
5774
5767
5775
5643
5775
5644
5646
5647
5659
5749
5776
5650
5777
5774
5778
5653
5655
5778
5668
5779
5656
5779
5658
5778
5780
5781
5680
5782
5783
5784
5783
5785
5784
5786
5786
5787
5788
5669
5789
5790
5671
5673
5791
5674
5791
5790
5701
5792
5677
5793
5794
5795
5679
5796
5797
5798
5684
5795
5799
5688
5800
5800
5801
5686
5689
5802
5803
5804
5804
5805
5800
5805
5698
5806
5807
5702
5807
5808
5693
5697
5809
5810
5811
5811
5812
5696
5812
5698
5813
5807
5814
5815
5700
5816
5817
5816
5818
5703
5819
5817
5820
5705
5706
5821
5708
5822
5823
5824
5709
5824
5825
5710
5826
5713
5827
5828
5829
5829
5830
5715
5831
5832
5718
5833
5833
5834
5835
5836
5825
5837
5837
5838
5838
5839
5840
5840
5841
5841
5839
5842
5842
5843
5844
5845
5846
5846
5847
5847
5848
5737
5848
5734
5852
5853
5853
5854
5739
5740
5855
5856
5742
5857
5854
5858
5858
5859
5852
5856
5860
5861
5861
5862
5863
5864
5865
5866
5751
5868
5755
5757
5869
5870
5870
5871
5871
5872
5872
5873
5860
5874
5874
5875
5760
5876
5877
5877
5878
5879
5880
5880
5881
5881
5882
5766
5767
5883
5882
5884
5885
5769
5880
5886
5876
5887
5888
5889
5890
5891
5892
5885
5893
5894
5892
5894
5789
5781
5895
5896
5896
5897
5898
5899
5895
5900
5901
5788
5902
5836
5790
5792
5818
5794
5903
5904
5905
5904
5906
5798
5906
5907
5801
5905
5908
5909
5909
5910
5803
5806
5911
5912
5913
5913
5914
5909
5914
5815
5915
5916
5819
5916
5810
5814
5917
5917
5918
5813
5918
5815
5919
5916
5920
5817
5921
5922
5921
5820
5922
5822
5823
5923
5825
5924
5925
5926
5826
5925
5927
5827
5928
5830
5929
5829
5831
5930
5931
5931
5932
5933
5934
5834
5933
5935
5936
5937
5938
5939
5927
5940
5940
5941
5942
5942
5943
5943
5941
5944
5944
5945
5946
5845
5849
5947
5947
5948
5854
5948
5946
5946
5949
5949
5950
5853
5951
5856
5857
5859
5951
5952
5952
5953
5954
5953
5955
5863
5955
5956
5864
5957
5957
5958
5893
5958
5868
5959
5873
5875
5961
5961
5962
5962
5963
5963
5964
5964
5965
5954
5966
5966
5878
5967
5879
5968
5968
5969
5888
5970
5971
5971
5972
5972
5973
5884
5885
5973
5887
5971
5974
5967
5975
5889
5976
5890
5977
5891
5978
5979
5980
5980
5981
5982
5983
5984
5907
5985
5899
5986
5987
5988
5989
5987
5990
5990
5991
5905
5992
5993
5993
5994
5995
5996
5910
5994
5997
5998
5998
5999
5912
5915
6000
6001
6002
6002
6003
5998
6003
5920
6004
6005
5919
6005
5920
6006
6007
5922
5924
5926
6008
5927
6009
5928
6010
6010
6011
6012
5929
6013
5932
6014
5931
5934
6015
6016
6016
6017
6018
6019
6019
6020
5936
5938
6018
5939
6021
6022
5991
6012
6023
6024
6024
6025
6025
6023
6026
5949
6026
6027
6028
5951
6028
6027
6030
6030
6031
6032
6032
6033
6031
6034
5957
6034
6035
6035
6037
6039
6040
6041
6041
6042
6042
6043
6043
6044
6037
6044
6045
6033
5969
6046
5970
6047
6047
6048
5976
6049
6050
6050
6051
6051
5975
6050
6052
6046
6053
5977
6054
5978
6055
5979
6056
6057
6058
5982
6058
5982
6035
6059
6060
5988
6061
5985
6061
6062
5989
6063
6064
6065
6066
6067
6068
5994
6069
6070
5995
6070
6071
5996
6072
6062
6073
5999
6071
6074
6075
6075
6076
6001
6004
6077
6077
6078
6075
6078
6007
6006
6007
6009
6011
6012
6013
6079
6079
6014
6080
6017
6081
6016
6020
6082
6083
6083
6084
6085
6086
6086
6087
6087
6088
6022
6068
6085
6089
6090
6090
6091
6091
6089
6092
6092
6093
6030
6094
6097
6098
6098
6099
6099
6097
6100
6100
6037
6039
6040
6101
6045
6102
6104
6104
6105
6105
6106
6106
6107
6102
6107
6048
6108
6049
6109
6109
6110
6054
6111
6112
6112
6053
6112
6108
6055
6113
6056
6114
6057
6115
6116
6117
6060
6116
6060
6100
6118
6119
6120
6120
6121
6064
6122
6123
6066
6120
6124
6122
6125
6123
6126
6126
6071
6127
6128
6072
6128
6129
6073
6130
6121
6131
6076
6129
6132
6133
6133
6134
6135
6133
6135
6080
6081
6084
6083
6088
6136
6137
6137
6138
6139
6139
6140
6140
6141
6141
6142
6143
6144
6144
6145
6145
6143
6146
6094
6146
6147
6095
6148
6148
6149
6150
6151
6151
6152
6152
6150
6103
6153
6153
6154
6155
6156
6156
6157
6157
6158
6154
6158
6110
6111
6160
6160
6113
6161
6114
6162
6115
6163
6117
6164
6119
6165
6165
6166
6119
6150
6167
6168
6169
6169
6170
6171
6172
6172
6125
6169
6173
6171
6174
6138
6129
6175
6176
6130
6176
6177
6131
6178
6170
6179
6134
6177
6180
6180
6180
6137
6142
6172
6181
6181
6182
6182
6183
6183
6184
6184
6185
6186
6186
6187
6187
6185
6188
6148
6188
6189
6189
6190
6190
6191
6191
6192
6193
6192
6194
6159
6193
6195
6195
6196
6194
6196
6198
6161
6162
6163
6164
6166
6168
6199
6199
6168
6190
6200
6201
6202
6202
6203
6204
6205
6205
6174
6202
6206
6204
6207
6177
6208
6178
6208
6179
6209
6203
6210
6205
6211
6211
6212
6212
6213
6213
6214
6215
6215
6216
6216
6214
6217
6217
6218
6221
6221
6222
6223
6223
6224
6222
6225
6226
6225
6226
6198
6224
6201
6201
6221
6228
6228
6229
6230
6231
6231
6207
6228
6232
6230
6233
6209
6210
6229
6231
6234
6234
6235
6235
6236
6237
6237
6238
6238
6236
6239
6219
6239
6240
6220
6241
6242
6243
6243
6244
6244
6245
6242
6246
6246
6245
6248
6248
6249
6250
6250
6233
6248
6249
6250
6251
6251
6252
6253
6253
6254
6254
6252
6255
6241
6255
6256
6257
6258
6259
6259
6260
6260
6261
6261
6262
6258
6262
6263
6263
6263
6264
6265
6265
6266
6266
6264
6267
6267
6268
6269
6269
6271
6271
6272
6272
6273
6273
6274
6274
6275
6277
6278
6278
6279
6279
6277
6280
6280
6281
6282
6270
6282
6283
6283
6284
6284
6285
6285
6286
6276
6286
6287
6288
6289
6290
6290
6291
6291
6289
6292
6292
6293
6294
6295
6296
6296
6297
6297
6298
6298
6299
6294
6299
6300
6300
6301
6302
6302
6303
6303
6301
6304
6295
6305
6304
6306
6307
6307
6308
6308
6309
6304
6309
6310
6311
6312
6312
6313
6313
6311
6306
6310
6314
6314
6315
6311
6315
6316
6316
6317
6317
6318
6316
6318
6319
6319
6319
)


// ************************************************************************* //
